1
0.10840989959792803 0.8450652318124862 0.06111240375266677 0.13004381031264836
0.12384389750003723 0.8466131053291074 0.058362934541022676 0.1283461518587194
0.11684118398104455 0.8440333161347388 0.04639151271706668 0.12865879804731561
0.11802739368225428 0.8415272352030663 0.04356517795678784 0.13252067668281156
0.12332302822123953 0.84322252524508 0.053187362016095224 0.12820484146964625
0.12598351132498775 0.8424854426181175 0.04515425797138411 0.12850168658482827
0.12260461835977506 0.8469079383798924 0.037643734507705036 0.12795269936564976
0.12367650884903242 0.8459497309648412 0.07582870024637706 0.12803196306907524
0.1318214239045213 0.8469816466425887 0.037709925336448596 0.1268036403900667
0.13059548115695374 0.8444755657109162 0.04089114776184442 0.12952612787818124
0.11935467427872362 0.8439596078720425 0.05349704653869854 0.12880200426046573
0.12380831365546718 0.8445492739736125 0.06374505983996442 0.12872876316919274
0.12147980838900975 0.8410849856268888 0.04886789382416655 0.13140941323171487
0.11377198521128311 0.8470553549052848 0.04302019718765127 0.12802209988089802
0.12608714832105022 0.8445492739736125 0.0326466251722527 0.12860973521681188
0.12770954441137689 0.8425591508808138 0.04984098342212891 0.1292561452149892
0.12836919469353192 0.8428539839315987 0.06099029295626569 0.1320236015052706
0.12599583283181282 0.8407901525761038 0.05717227975010369 0.13066545027685422
0.11531764554361555 0.8441807326601312 0.05002816921757728 0.1302770245177117
0.11940988935238771 0.8380629468563426 0.04216785345682217 0.13545257765598173
0.12130907031813035 0.8410849856268888 0.04971207881372934 0.12949020204663092
0.13350756890935747 0.8448441070243974 0.03265177985342228 0.13213055825647838
0.11717301242750588 0.8416746517284588 0.04902205030550756 0.13366465508991593
0.11843786209913224 0.8439596078720425 0.0465951841226548 0.13046883931894251
0.13385369839977318 0.8474976044814624 0.04000253772536064 0.125390179053627
0.11614497205969397 0.8434436500331687 0.056666994602483436 0.12849205597287278
0.12181157656125564 0.8441807326601312 0.044114624511179756 0.1303364491300563
0.12191864097503893 0.840569027788015 0.05347629156483118 0.13145671594684413
0.1128653421894132 0.8381366551190389 0.05792869454223669 0.1360886958801941
0.11275523865247876 0.8416009434657625 0.0405619228899855 0.13261582147891893
0.12098335309563285 0.8484558118965136 0.03258870781758391 0.12377435205228407
0.12049929487413757 0.8455074813886637 0.06420080668474612 0.12811781623360533
0.12645288391678128 0.8433699417704724 0.054128400202995364 0.1302460742419742
0.12550867985496558 0.8435173582958649 0.05112702865295354 0.1307930428645739
0.11714695004704541 0.8424117343554213 0.06033685496417622 0.13318163506770375
0.1330335967851768 0.8407901525761038 0.031580766457194466 0.13054542153316628
0.12226920198467148 0.8470553549052848 0.057040230452680044 0.12494041636133468
0.12118504821899612 0.8491191862607799 0.04435870071721419 0.12574394411440795
0.1269770722177732 0.8483821036338174 0.04334936909360719 0.12687303086010468
0.1298677550367723 0.8418957765165475 0.03873286936007031 0.13030837813936036
0.1320396369513863 0.8410849856268888 0.04959521850805581 0.13200801238863172
0.12619077061212247 0.841158693889585 0.05196690369963709 0.13114593139198305
0.11608541758745912 0.8442544409228274 0.060606316906051436 0.12846764576342706
0.12062413070356254 0.8393159873221788 0.049773443466802014 0.13546047511338027
0.12579881255684977 0.8435173582958649 0.04241654573262365 0.13435247486642207
0.13347680432983589 0.8399056534237488 0.024880505163265423 0.13442850278035434
0.135271555756254 0.8446229822363087 0.0413186237548652 0.12715584482058
0.12597251997478603 0.8470553549052848 0.04606922734771816 0.1263053652421864
0.14150793852827107 0.8441807326601312 0.03444810778801349 0.12974194392256824
0.1333458688436741 0.8452863566005749 0.050372453391150235 0.12747676821653559
2
0.08026855260631446 0.8427065674062062 0.0810012326800234 0.1338555217005654
0.09833169547803042 0.8448441070243974 0.08165195926623216 0.13136152076639698
0.0886231492914569 0.8418957765165475 0.07160375841161948 0.13233980103769907
0.09223269820979911 0.8391685707967863 0.05841906347344044 0.13682449191060134
0.09804091369846485 0.8428539839315987 0.07298138302477851 0.1300568401282481
0.09852665555380194 0.8401267782118376 0.06932096393685261 0.1320797261580297
0.09318925454191532 0.8427802756689025 0.05888655207478491 0.13192894138225608
0.0965782553728822 0.8448441070243974 0.09314168425778867 0.13076926586314655
0.10405075176805074 0.8442544409228274 0.0644665303087042 0.13114329246777254
0.09901602603616957 0.8427065674062062 0.07690384420497975 0.13231041729150148
0.09202613046441943 0.8424854426181175 0.08814138322444409 0.1314302696315879
0.09981157894290218 0.8413798186776738 0.07919492781447934 0.13256909842954923
0.09501414225450705 0.8406427360507113 0.06851083064073403 0.13370753950441833
0.08721920003220687 0.8449915235497899 0.0741501847641664 0.13119383132738424
0.09543466304435781 0.8421169013046362 0.06224726522784368 0.13322011989973964
0.09675786434823058 0.8406427360507113 0.0795208523528878 0.13281061608272904
0.10455529991696945 0.840569027788015 0.08493902785124417 0.13522408327736418
0.09860324357299907 0.838210363381735 0.08205905570239311 0.13414229791724838
0.08700768850869517 0.8412324021522812 0.07415340299059489 0.1344073130212206
0.09094628392737175 0.8358516989754552 0.0726971060161768 0.13888332976243295
0.09472438306314299 0.8387263212206089 0.06933175124784734 0.13307309951991467
0.10258787581493177 0.8409375691014963 0.058807561661764124 0.13682596187811186
0.09000314670758314 0.8398319451610525 0.07119088188214148 0.1371988158602877
0.0903898107086469 0.8418220682538513 0.0765298278946227 0.133019997372417
0.10533159653473328 0.8449178152870936 0.06702469143764278 0.12902419235030502
0.08705388661241836 0.8415272352030663 0.07755869681720942 0.13168428832205123
0.09471419676811205 0.842927692194295 0.06427440720554212 0.13342534437894915
0.09507365847853469 0.8376206972801651 0.07301830089522306 0.13535640991199557
0.08700540213001362 0.8354094493992776 0.08493572438573657 0.13933000284830402
0.08630120888166048 0.839979361686445 0.06905994541495936 0.13607659031765326
0.09864508080626197 0.8477924375322473 0.053995241082876844 0.12564930201468708
0.09409362134201413 0.8434436500331687 0.08892378775509074 0.1310553225106912
0.09573027954945115 0.8415272352030663 0.08261826419935246 0.13299811132719352
0.09192167578642652 0.8424854426181175 0.09007724804404092 0.1328597268508238
0.08785211376735941 0.8393159873221788 0.08920222985357681 0.13707375353316717
0.10712661431911961 0.8404216112626225 0.055795867370681436 0.1325834535798157
0.09480645182116107 0.8445492739736125 0.07914010569060342 0.12819296016432077
0.09618879261840924 0.8480872705830323 0.06913909620553696 0.12773775606278462
0.09879521147423827 0.8448441070243974 0.07066943043181821 0.130947004650779
0.10352488575413735 0.8392422790594826 0.06228626743517272 0.13410695237143
0.10739249036429194 0.8399056534237488 0.07377607074881533 0.13454813035942667
0.09771738444890404 0.83909486253409 0.07691715592673379 0.13409508141578305
0.08553634652447531 0.8394634038475713 0.08918968234632223 0.1342743974528732
0.09475832506846676 0.8375469890174688 0.06768637805937525 0.13796219218036873
0.10250678252175076 0.8418957765165475 0.06608064301340834 0.1370338287405219
0.1041045327247033 0.8390211542713938 0.052847628828430346 0.13776916229580197
0.10519696877399204 0.8439596078720425 0.06645891097007894 0.1299930561439019
0.09748264369350451 0.8454337731259675 0.07908254910819872 0.1284982884694133
0.11180601487031554 0.8421906095673325 0.06777651054715372 0.13313612846185088
0.10255567614025124 0.8448441070243974 0.07818342756297067 0.13005778091863562
3
0.12265926981860492 0.8441070243974349 0.03804771839948105 0.12390965555244296
0.02568516946839189 0.8347460750350114 0.1626568115141665 0.14471143097366188
0.14585984226902207 0.8461708557529299 0.03892716770472476 0.1252261572049699
0.1293912131810735 0.8421906095673325 0.03685863876921794 0.1266752608474656
0.14898964557996422 0.8444018574482199 0.03365718254357708 0.12279671600010432
0.020494032681902558 0.8274489570280829 0.15337004749176317 0.14776671287622653
0.0753505048854996 0.8354831576619739 0.07124202798710604 0.1192953590497505
0.024664691155082186 0.832829660204909 0.15852918793578347 0.1459040632324314
0.17022965355708847 0.8461708557529299 0.08964362333159948 0.12635646229790204
0.014400053523693251 0.8292179553327929 0.16583282097976093 0.14699823960869465
0.019203502585660615 0.8302498710105403 0.16962409226164543 0.14447379502007016
0.023482352281808533 0.8275963735534754 0.1529117708392512 0.147535469735601
0.0821522730153916 0.8317240362644652 0.06994368708768081 0.11985062945042735
0.13426345971471854 0.8480872705830323 0.020850483889636666 0.12335971751216927
0.13269298328541065 0.8430014004569912 0.030112413953869665 0.122628862152883
0.09065991700135098 0.8334930345691752 0.08235803475501269 0.11818050302715638
0.02307552934781712 0.8290705388074003 0.16700344358462238 0.14916593728033586
0.13187477462727368 0.8383577799071276 0.06397918270343583 0.12428466349346827
0.1395368571904183 0.8430014004569912 0.029312717571918057 0.12791694707663734
0.14955690800482319 0.8375469890174688 0.05163259079160112 0.13309022939263598
0.12099137060561183 0.8418220682538513 0.0636458173311237 0.12153801606203118
0.16608475454369964 0.8469816466425887 0.056428309740759505 0.1257362823452504
0.13084828632731688 0.8418220682538513 0.0399785935219851 0.12673132150812796
0.13635959525513042 0.8431488169823838 0.034422631682879005 0.12535164031605595
0.14183184002428642 0.8473501879560699 0.037739708469845604 0.11816254109340314
0.11868133067599018 0.84322252524508 0.05678561772449543 0.12183697836942545
0.16046358889747847 0.848603228421906 0.0491940001179474 0.12408185594580542
0.14594536231740332 0.83909486253409 0.038459256165854064 0.12951933935170232
0.11204726390365433 0.8372521559666839 0.06993334938887938 0.12796981115474557
0.13369093189999703 0.842338026092725 0.020724218342464365 0.12734943966683848
0.13917358471675656 0.8479398540576398 0.03007074381521057 0.11953543090738242
0.01652143223101149 0.831355494950984 0.1758997008527273 0.14513626117100462
0.13074604458707223 0.8434436500331687 0.060824468647308116 0.12140718244413642
0.0067548056003308155 0.8272278322399941 0.1817488490886397 0.1495427988635933
0.006304199021152285 0.8245006265202329 0.1816428434562035 0.15288904284229968
0.14521771712823317 0.840569027788015 0.024273750114804173 0.12373687927548287
0.015490434453547391 0.8311343701628953 0.16270168281234326 0.14272780347237124
0.022721261980846424 0.8373258642293802 0.15704876359074385 0.14072741911791797
0.15954511011744404 0.8490454779980836 0.05418718705320602 0.12346431047217067
0.15620389503148258 0.8418957765165475 0.04797427718048235 0.1267682650376699
0.028326917816735048 0.8288494140193116 0.14565613886703557 0.14911971258943385
0.15372632450898452 0.8418957765165475 0.03744084409867818 0.12580508940628896
0.013452583213491354 0.8299550379597553 0.16400489221802453 0.14693388841452673
0.125957111160516 0.8385051964325201 0.04280749812863194 0.12819074905205943
0.024628386192810936 0.8253851256725879 0.15286542752707655 0.15459492607317812
0.16857998124191959 0.8413061104149775 0.07451543733449446 0.13061894055101222
0.12769664754413923 0.8418220682538513 0.06973479364714699 0.11874587130381803
0.12794296529291208 0.8472027714306773 0.049350114823131404 0.11700756588321502
0.03044852307371798 0.8306184123240216 0.1557504443059104 0.14737522175940881
0.026347275119201513 0.8330507849929977 0.15667277644154143 0.14492828492991
4
0.0054308497052178994 0.8303972875359328 0.17268704312001248 0.14997883507886814
0.02568516946839189 0.8347460750350114 0.1626568115141665 0.14471143097366188
0.014934373968582187 0.831650328001769 0.1647315437395952 0.14503776265151946
0.0185610656852479 0.8259747917741579 0.14568082848454353 0.152574935946638
0.022552411988420812 0.8284808727058304 0.14827936272885459 0.14681779516935653
0.020494032681902558 0.8274489570280829 0.15337004749176317 0.14776671287622653
0.01921333136393913 0.8279649148669566 0.14276148821341647 0.14783933071541228
0.024664691155082186 0.832829660204909 0.15852918793578347 0.1459040632324314
0.024709845646991746 0.8350409080857965 0.15023393487142547 0.14311535842140663
0.014400053523693251 0.8292179553327929 0.16583282097976093 0.14699823960869465
0.019203502585660615 0.8302498710105403 0.16962409226164543 0.14447379502007016
0.023482352281808533 0.8275963735534754 0.1529117708392512 0.147535469735601
0.022744864098393686 0.829291663595489 0.13946522818088464 0.14739777268546014
0.012524195856858211 0.8320188693152503 0.1630825041610149 0.14666010607052743
0.009687745104715567 0.8286282892312228 0.16683285597645992 0.14967815708897422
0.02421235400658356 0.8284071644431341 0.14740400481033722 0.1470852177143504
0.02307552934781712 0.8290705388074003 0.16700344358462238 0.14916593728033586
0.02594153155517212 0.8281123313923491 0.15055181422269603 0.14675690607770545
0.018028460223377396 0.8284808727058304 0.15476901541927293 0.148092680790644
0.01442852765702693 0.8246480430456254 0.15526282369706024 0.15253494068095547
0.021131349539475236 0.828701997493919 0.15212004505007604 0.14613706515445446
0.029105325398249365 0.8261959165622467 0.14258219557691268 0.15377238444269203
0.010984734490083192 0.822141962113953 0.16566252148849023 0.1552666809978108
0.008193017838206446 0.8284071644431341 0.1702916438593493 0.14842048985933523
0.03126222709710086 0.8339352841453527 0.14377298004721706 0.14300797609287388
0.012863728804140995 0.8285545809685265 0.15979769233128965 0.14734003086690242
0.019284318385730442 0.829586496646274 0.1517805828757786 0.1491119218018203
0.01926604321826314 0.8257536669860691 0.14873449441710576 0.15070351318133454
0.011512362779577484 0.8244269182575367 0.17284995546113519 0.1532184400586404
0.019766082886242153 0.830470995798629 0.14861561268950194 0.14820877259810725
0.027513230280475226 0.8365887816024177 0.13373291942993354 0.14013872008715325
0.01652143223101149 0.831355494950984 0.1758997008527273 0.14513626117100462
0.018764293195433324 0.8275963735534754 0.16248748881059713 0.14893389976326515
0.0067548056003308155 0.8272278322399941 0.1817488490886397 0.1495427988635933
0.006304199021152285 0.8245006265202329 0.1816428434562035 0.15288904284229968
0.02928900042898855 0.8269329991892092 0.1339820685165797 0.1478148064609584
0.015490434453547391 0.8311343701628953 0.16270168281234326 0.14272780347237124
0.022721261980846424 0.8373258642293802 0.15704876359074385 0.14072741911791797
0.026824141978590843 0.8326822436795165 0.14974504446819095 0.14463155579522902
0.026106621429900917 0.8267855826638166 0.14192071661578906 0.1499943220418487
0.028326917816735048 0.8288494140193116 0.14565613886703557 0.14911971258943385
0.020077640761747534 0.8291442470700966 0.1570706444356014 0.1470833875394503
0.013452583213491354 0.8299550379597553 0.16400489221802453 0.14693388841452673
0.01940017122261764 0.8274489570280829 0.1534205242755162 0.15031826572735127
0.024628386192810936 0.8253851256725879 0.15286542752707655 0.15459492607317812
0.02844372969281428 0.8281123313923491 0.13984394485823462 0.15196773695135904
0.02076045032849297 0.8296602049089703 0.16095168269210658 0.14569948474367114
0.019537295722337755 0.8293653718581853 0.158506000230064 0.14591828120218125
0.03044852307371798 0.8306184123240216 0.1557504443059104 0.14737522175940881
0.026347275119201513 0.8330507849929977 0.15667277644154143 0.14492828492991
5
0.0054308497052178994 0.8303972875359328 0.17268704312001248 0.14997883507886814
0.02568516946839189 0.8347460750350114 0.1626568115141665 0.14471143097366188
0.014934373968582187 0.831650328001769 0.1647315437395952 0.14503776265151946
0.0185610656852479 0.8259747917741579 0.14568082848454353 0.152574935946638
0.022552411988420812 0.8284808727058304 0.14827936272885459 0.14681779516935653
0.020383766941468123 0.8275226652907791 0.15345029143334557 0.14774238498674666
0.01921333136393913 0.8279649148669566 0.14276148821341647 0.14783933071541228
0.024664691155082186 0.832829660204909 0.15852918793578347 0.1459040632324314
0.024709845646991746 0.8350409080857965 0.15023393487142547 0.14311535842140663
0.014400053523693251 0.8292179553327929 0.16583282097976093 0.14699823960869465
0.019203502585660615 0.8302498710105403 0.16962409226164543 0.14447379502007016
0.023482352281808533 0.8275963735534754 0.1529117708392512 0.147535469735601
0.022744864098393686 0.829291663595489 0.13946522818088464 0.14739777268546014
0.012524195856858211 0.8320188693152503 0.1630825041610149 0.14666010607052743
0.009687745104715567 0.8286282892312228 0.16683285597645992 0.14967815708897422
0.02421235400658356 0.8284071644431341 0.14740400481033722 0.1470852177143504
0.02307552934781712 0.8290705388074003 0.16700344358462238 0.14916593728033586
0.02594153155517212 0.8281123313923491 0.15055181422269603 0.14675690607770545
0.018028460223377396 0.8284808727058304 0.15476901541927293 0.148092680790644
0.01442852765702693 0.8246480430456254 0.15526282369706024 0.15253494068095547
0.021131349539475236 0.828701997493919 0.15212004505007604 0.14613706515445446
0.029105325398249365 0.8261959165622467 0.14258219557691268 0.15377238444269203
0.010984734490083192 0.822141962113953 0.16566252148849023 0.1552666809978108
0.008193017838206446 0.8284071644431341 0.1702916438593493 0.14842048985933523
0.03126222709710086 0.8339352841453527 0.14377298004721706 0.14300797609287388
0.012863728804140995 0.8285545809685265 0.15979769233128965 0.14734003086690242
0.019284318385730442 0.829586496646274 0.1517805828757786 0.1491119218018203
0.01926604321826314 0.8257536669860691 0.14873449441710576 0.15070351318133454
0.011512362779577484 0.8244269182575367 0.17284995546113519 0.1532184400586404
0.019766082886242153 0.830470995798629 0.14861561268950194 0.14820877259810725
0.027513230280475226 0.8365887816024177 0.13373291942993354 0.14013872008715325
0.01652143223101149 0.831355494950984 0.1758997008527273 0.14513626117100462
0.018764293195433324 0.8275963735534754 0.16248748881059713 0.14893389976326515
0.0067548056003308155 0.8272278322399941 0.1817488490886397 0.1495427988635933
0.006304199021152285 0.8245006265202329 0.1816428434562035 0.15288904284229968
0.02928900042898855 0.8269329991892092 0.1339820685165797 0.1478148064609584
0.015490434453547391 0.8311343701628953 0.16270168281234326 0.14272780347237124
0.022721261980846424 0.8373258642293802 0.15704876359074385 0.14072741911791797
0.026824141978590843 0.8326822436795165 0.14974504446819095 0.14463155579522902
0.026106621429900917 0.8267855826638166 0.14192071661578906 0.1499943220418487
0.028326917816735048 0.8288494140193116 0.14565613886703557 0.14911971258943385
0.020077640761747534 0.8291442470700966 0.1570706444356014 0.1470833875394503
0.013452583213491354 0.8299550379597553 0.16400489221802453 0.14693388841452673
0.01940017122261764 0.8274489570280829 0.1534205242755162 0.15031826572735127
0.024628386192810936 0.8253851256725879 0.15286542752707655 0.15459492607317812
0.02844372969281428 0.8281123313923491 0.13984394485823462 0.15196773695135904
0.02076045032849297 0.8296602049089703 0.16095168269210658 0.14569948474367114
0.019537295722337755 0.8293653718581853 0.158506000230064 0.14591828120218125
0.03044852307371798 0.8306184123240216 0.1557504443059104 0.14737522175940881
0.026347275119201513 0.8330507849929977 0.15667277644154143 0.14492828492991
6
0.0054308497052178994 0.8303972875359328 0.17268704312001248 0.14997883507886814
0.02568516946839189 0.8347460750350114 0.1626568115141665 0.14471143097366188
0.014934373968582187 0.831650328001769 0.1647315437395952 0.14503776265151946
0.0185610656852479 0.8259747917741579 0.14568082848454353 0.152574935946638
0.022552411988420812 0.8284808727058304 0.14827936272885459 0.14681779516935653
0.020383766941468123 0.8275226652907791 0.15345029143334557 0.14774238498674666
0.01921333136393913 0.8279649148669566 0.14276148821341647 0.14783933071541228
0.024664691155082186 0.832829660204909 0.15852918793578347 0.1459040632324314
0.024709845646991746 0.8350409080857965 0.15023393487142547 0.14311535842140663
0.014400053523693251 0.8292179553327929 0.16583282097976093 0.14699823960869465
0.019203502585660615 0.8302498710105403 0.16962409226164543 0.14447379502007016
0.023482352281808533 0.8275963735534754 0.1529117708392512 0.147535469735601
0.022744864098393686 0.829291663595489 0.13946522818088464 0.14739777268546014
0.012524195856858211 0.8320188693152503 0.1630825041610149 0.14666010607052743
0.009687745104715567 0.8286282892312228 0.16683285597645992 0.14967815708897422
0.02421235400658356 0.8284071644431341 0.14740400481033722 0.1470852177143504
0.02307552934781712 0.8290705388074003 0.16700344358462238 0.14916593728033586
0.02594153155517212 0.8281123313923491 0.15055181422269603 0.14675690607770545
0.018028460223377396 0.8284808727058304 0.15476901541927293 0.148092680790644
0.01442852765702693 0.8246480430456254 0.15526282369706024 0.15253494068095547
0.021022083805209507 0.8287757057566153 0.15219917149413364 0.1461127960464641
0.029105325398249365 0.8261959165622467 0.14258219557691268 0.15377238444269203
0.010984734490083192 0.822141962113953 0.16566252148849023 0.1552666809978108
0.008193017838206446 0.8284071644431341 0.1702916438593493 0.14842048985933523
0.03126222709710086 0.8339352841453527 0.14377298004721706 0.14300797609287388
0.012863728804140995 0.8285545809685265 0.15979769233128965 0.14734003086690242
0.019284318385730442 0.829586496646274 0.1517805828757786 0.1491119218018203
0.01926604321826314 0.8257536669860691 0.14873449441710576 0.15070351318133454
0.011512362779577484 0.8244269182575367 0.17284995546113519 0.1532184400586404
0.019766082886242153 0.830470995798629 0.14861561268950194 0.14820877259810725
0.027513230280475226 0.8365887816024177 0.13373291942993354 0.14013872008715325
0.01652143223101149 0.831355494950984 0.1758997008527273 0.14513626117100462
0.018764293195433324 0.8275963735534754 0.16248748881059713 0.14893389976326515
0.0067548056003308155 0.8272278322399941 0.1817488490886397 0.1495427988635933
0.006304199021152285 0.8245006265202329 0.1816428434562035 0.15288904284229968
0.02928900042898855 0.8269329991892092 0.1339820685165797 0.1478148064609584
0.015490434453547391 0.8311343701628953 0.16270168281234326 0.14272780347237124
0.022721261980846424 0.8373258642293802 0.15704876359074385 0.14072741911791797
0.026824141978590843 0.8326822436795165 0.14974504446819095 0.14463155579522902
0.026106621429900917 0.8267855826638166 0.14192071661578906 0.1499943220418487
0.028326917816735048 0.8288494140193116 0.14565613886703557 0.14911971258943385
0.020077640761747534 0.8291442470700966 0.1570706444356014 0.1470833875394503
0.013452583213491354 0.8299550379597553 0.16400489221802453 0.14693388841452673
0.01940017122261764 0.8274489570280829 0.1534205242755162 0.15031826572735127
0.024628386192810936 0.8253851256725879 0.15286542752707655 0.15459492607317812
0.02844372969281428 0.8281123313923491 0.13984394485823462 0.15196773695135904
0.02076045032849297 0.8296602049089703 0.16095168269210658 0.14569948474367114
0.019537295722337755 0.8293653718581853 0.158506000230064 0.14591828120218125
0.03044852307371798 0.8306184123240216 0.1557504443059104 0.14737522175940881
0.026347275119201513 0.8330507849929977 0.15667277644154143 0.14492828492991
7
0.0054308497052178994 0.8303972875359328 0.17268704312001248 0.14997883507886814
0.02568516946839189 0.8347460750350114 0.1626568115141665 0.14471143097366188
0.014934373968582187 0.831650328001769 0.1647315437395952 0.14503776265151946
0.0185610656852479 0.8259747917741579 0.14568082848454353 0.152574935946638
0.022552411988420812 0.8284808727058304 0.14827936272885459 0.14681779516935653
0.020383766941468123 0.8275226652907791 0.15345029143334557 0.14774238498674666
0.01921333136393913 0.8279649148669566 0.14276148821341647 0.14783933071541228
0.024664691155082186 0.832829660204909 0.15852918793578347 0.1459040632324314
0.024709845646991746 0.8350409080857965 0.15023393487142547 0.14311535842140663
0.014400053523693251 0.8292179553327929 0.16583282097976093 0.14699823960869465
0.019203502585660615 0.8302498710105403 0.16962409226164543 0.14447379502007016
0.023482352281808533 0.8275963735534754 0.1529117708392512 0.147535469735601
0.022744864098393686 0.829291663595489 0.13946522818088464 0.14739777268546014
0.012524195856858211 0.8320188693152503 0.1630825041610149 0.14666010607052743
0.009687745104715567 0.8286282892312228 0.16683285597645992 0.14967815708897422
0.02421235400658356 0.8284071644431341 0.14740400481033722 0.1470852177143504
0.02307552934781712 0.8290705388074003 0.16700344358462238 0.14916593728033586
0.02594153155517212 0.8281123313923491 0.15055181422269603 0.14675690607770545
0.018028460223377396 0.8284808727058304 0.15476901541927293 0.148092680790644
0.01442852765702693 0.8246480430456254 0.15526282369706024 0.15253494068095547
0.021022083805209507 0.8287757057566153 0.15219917149413364 0.1461127960464641
0.029105325398249365 0.8261959165622467 0.14258219557691268 0.15377238444269203
0.010984734490083192 0.822141962113953 0.16566252148849023 0.1552666809978108
0.008193017838206446 0.8284071644431341 0.1702916438593493 0.14842048985933523
0.03126222709710086 0.8339352841453527 0.14377298004721706 0.14300797609287388
0.012863728804140995 0.8285545809685265 0.15979769233128965 0.14734003086690242
0.019284318385730442 0.829586496646274 0.1517805828757786 0.1491119218018203
0.01926604321826314 0.8257536669860691 0.14873449441710576 0.15070351318133454
0.011512362779577484 0.8244269182575367 0.17284995546113519 0.1532184400586404
0.019766082886242153 0.830470995798629 0.14861561268950194 0.14820877259810725
0.027513230280475226 0.8365887816024177 0.13373291942993354 0.14013872008715325
0.01652143223101149 0.831355494950984 0.1758997008527273 0.14513626117100462
0.018764293195433324 0.8275963735534754 0.16248748881059713 0.14893389976326515
0.0067548056003308155 0.8272278322399941 0.1817488490886397 0.1495427988635933
0.006304199021152285 0.8245006265202329 0.1816428434562035 0.15288904284229968
0.02928900042898855 0.8269329991892092 0.1339820685165797 0.1478148064609584
0.015490434453547391 0.8311343701628953 0.16270168281234326 0.14272780347237124
0.022721261980846424 0.8373258642293802 0.15704876359074385 0.14072741911791797
0.026824141978590843 0.8326822436795165 0.14974504446819095 0.14463155579522902
0.026106621429900917 0.8267855826638166 0.14192071661578906 0.1499943220418487
0.028326917816735048 0.8288494140193116 0.14565613886703557 0.14911971258943385
0.020077640761747534 0.8291442470700966 0.1570706444356014 0.1470833875394503
0.013452583213491354 0.8299550379597553 0.16400489221802453 0.14693388841452673
0.01940017122261764 0.8274489570280829 0.1534205242755162 0.15031826572735127
0.024628386192810936 0.8253851256725879 0.15286542752707655 0.15459492607317812
0.02844372969281428 0.8281123313923491 0.13984394485823462 0.15196773695135904
0.02076045032849297 0.8296602049089703 0.16095168269210658 0.14569948474367114
0.019537295722337755 0.8293653718581853 0.158506000230064 0.14591828120218125
0.03044852307371798 0.8306184123240216 0.1557504443059104 0.14737522175940881
0.026347275119201513 0.8330507849929977 0.15667277644154143 0.14492828492991
8
0.0054308497052178994 0.8303972875359328 0.17268704312001248 0.14997883507886814
0.02568516946839189 0.8347460750350114 0.1626568115141665 0.14471143097366188
0.014934373968582187 0.831650328001769 0.1647315437395952 0.14503776265151946
0.0185610656852479 0.8259747917741579 0.14568082848454353 0.152574935946638
0.022552411988420812 0.8284808727058304 0.14827936272885459 0.14681779516935653
0.020383766941468123 0.8275226652907791 0.15345029143334557 0.14774238498674666
0.01921333136393913 0.8279649148669566 0.14276148821341647 0.14783933071541228
0.024664691155082186 0.832829660204909 0.15852918793578347 0.1459040632324314
0.024709845646991746 0.8350409080857965 0.15023393487142547 0.14311535842140663
0.014400053523693251 0.8292179553327929 0.16583282097976093 0.14699823960869465
0.019203502585660615 0.8302498710105403 0.16962409226164543 0.14447379502007016
0.023482352281808533 0.8275963735534754 0.1529117708392512 0.147535469735601
0.022744864098393686 0.829291663595489 0.13946522818088464 0.14739777268546014
0.012524195856858211 0.8320188693152503 0.1630825041610149 0.14666010607052743
0.009687745104715567 0.8286282892312228 0.16683285597645992 0.14967815708897422
0.02421235400658356 0.8284071644431341 0.14740400481033722 0.1470852177143504
0.02307552934781712 0.8290705388074003 0.16700344358462238 0.14916593728033586
0.02594153155517212 0.8281123313923491 0.15055181422269603 0.14675690607770545
0.018028460223377396 0.8284808727058304 0.15476901541927293 0.148092680790644
0.01442852765702693 0.8246480430456254 0.15526282369706024 0.15253494068095547
0.021022083805209507 0.8287757057566153 0.15219917149413364 0.1461127960464641
0.029105325398249365 0.8261959165622467 0.14258219557691268 0.15377238444269203
0.010984734490083192 0.822141962113953 0.16566252148849023 0.1552666809978108
0.008193017838206446 0.8284071644431341 0.1702916438593493 0.14842048985933523
0.03126222709710086 0.8339352841453527 0.14377298004721706 0.14300797609287388
0.012863728804140995 0.8285545809685265 0.15979769233128965 0.14734003086690242
0.019284318385730442 0.829586496646274 0.1517805828757786 0.1491119218018203
0.01926604321826314 0.8257536669860691 0.14873449441710576 0.15070351318133454
0.011512362779577484 0.8244269182575367 0.17284995546113519 0.1532184400586404
0.019766082886242153 0.830470995798629 0.14861561268950194 0.14820877259810725
0.027513230280475226 0.8365887816024177 0.13373291942993354 0.14013872008715325
0.01652143223101149 0.831355494950984 0.1758997008527273 0.14513626117100462
0.018764293195433324 0.8275963735534754 0.16248748881059713 0.14893389976326515
0.0067548056003308155 0.8272278322399941 0.1817488490886397 0.1495427988635933
0.006304199021152285 0.8245006265202329 0.1816428434562035 0.15288904284229968
0.02928900042898855 0.8269329991892092 0.1339820685165797 0.1478148064609584
0.015490434453547391 0.8311343701628953 0.16270168281234326 0.14272780347237124
0.022721261980846424 0.8373258642293802 0.15704876359074385 0.14072741911791797
0.026824141978590843 0.8326822436795165 0.14974504446819095 0.14463155579522902
0.026106621429900917 0.8267855826638166 0.14192071661578906 0.1499943220418487
0.028326917816735048 0.8288494140193116 0.14565613886703557 0.14911971258943385
0.020077640761747534 0.8291442470700966 0.1570706444356014 0.1470833875394503
0.013452583213491354 0.8299550379597553 0.16400489221802453 0.14693388841452673
0.01940017122261764 0.8274489570280829 0.1534205242755162 0.15031826572735127
0.024628386192810936 0.8253851256725879 0.15286542752707655 0.15459492607317812
0.02844372969281428 0.8281123313923491 0.13984394485823462 0.15196773695135904
0.02076045032849297 0.8296602049089703 0.16095168269210658 0.14569948474367114
0.019537295722337755 0.8293653718581853 0.158506000230064 0.14591828120218125
0.03044852307371798 0.8306184123240216 0.1557504443059104 0.14737522175940881
0.026347275119201513 0.8330507849929977 0.15667277644154143 0.14492828492991
9
0.0054308497052178994 0.8303972875359328 0.17268704312001248 0.14997883507886814
0.02568516946839189 0.8347460750350114 0.1626568115141665 0.14471143097366188
0.014934373968582187 0.831650328001769 0.1647315437395952 0.14503776265151946
0.0185610656852479 0.8259747917741579 0.14568082848454353 0.152574935946638
0.022552411988420812 0.8284808727058304 0.14827936272885459 0.14681779516935653
0.020383766941468123 0.8275226652907791 0.15345029143334557 0.14774238498674666
0.01921333136393913 0.8279649148669566 0.14276148821341647 0.14783933071541228
0.024664691155082186 0.832829660204909 0.15852918793578347 0.1459040632324314
0.024709845646991746 0.8350409080857965 0.15023393487142547 0.14311535842140663
0.014400053523693251 0.8292179553327929 0.16583282097976093 0.14699823960869465
0.019203502585660615 0.8302498710105403 0.16962409226164543 0.14447379502007016
0.023482352281808533 0.8275963735534754 0.1529117708392512 0.147535469735601
0.022744864098393686 0.829291663595489 0.13946522818088464 0.14739777268546014
0.012524195856858211 0.8320188693152503 0.1630825041610149 0.14666010607052743
0.009687745104715567 0.8286282892312228 0.16683285597645992 0.14967815708897422
0.02421235400658356 0.8284071644431341 0.14740400481033722 0.1470852177143504
0.02307552934781712 0.8290705388074003 0.16700344358462238 0.14916593728033586
0.02594153155517212 0.8281123313923491 0.15055181422269603 0.14675690607770545
0.018028460223377396 0.8284808727058304 0.15476901541927293 0.148092680790644
0.01442852765702693 0.8246480430456254 0.15526282369706024 0.15253494068095547
0.021022083805209507 0.8287757057566153 0.15219917149413364 0.1461127960464641
0.029105325398249365 0.8261959165622467 0.14258219557691268 0.15377238444269203
0.010984734490083192 0.822141962113953 0.16566252148849023 0.1552666809978108
0.008193017838206446 0.8284071644431341 0.1702916438593493 0.14842048985933523
0.03126222709710086 0.8339352841453527 0.14377298004721706 0.14300797609287388
0.012863728804140995 0.8285545809685265 0.15979769233128965 0.14734003086690242
0.019284318385730442 0.829586496646274 0.1517805828757786 0.1491119218018203
0.01926604321826314 0.8257536669860691 0.14873449441710576 0.15070351318133454
0.011512362779577484 0.8244269182575367 0.17284995546113519 0.1532184400586404
0.019766082886242153 0.830470995798629 0.14861561268950194 0.14820877259810725
0.027513230280475226 0.8365887816024177 0.13373291942993354 0.14013872008715325
0.01652143223101149 0.831355494950984 0.1758997008527273 0.14513626117100462
0.018764293195433324 0.8275963735534754 0.16248748881059713 0.14893389976326515
0.0067548056003308155 0.8272278322399941 0.1817488490886397 0.1495427988635933
0.006304199021152285 0.8245006265202329 0.1816428434562035 0.15288904284229968
0.02928900042898855 0.8269329991892092 0.1339820685165797 0.1478148064609584
0.015490434453547391 0.8311343701628953 0.16270168281234326 0.14272780347237124
0.022721261980846424 0.8373258642293802 0.15704876359074385 0.14072741911791797
0.026824141978590843 0.8326822436795165 0.14974504446819095 0.14463155579522902
0.026106621429900917 0.8267855826638166 0.14192071661578906 0.1499943220418487
0.028326917816735048 0.8288494140193116 0.14565613886703557 0.14911971258943385
0.020077640761747534 0.8291442470700966 0.1570706444356014 0.1470833875394503
0.013452583213491354 0.8299550379597553 0.16400489221802453 0.14693388841452673
0.01940017122261764 0.8274489570280829 0.1534205242755162 0.15031826572735127
0.024628386192810936 0.8253851256725879 0.15286542752707655 0.15459492607317812
0.02844372969281428 0.8281123313923491 0.13984394485823462 0.15196773695135904
0.02076045032849297 0.8296602049089703 0.16095168269210658 0.14569948474367114
0.019537295722337755 0.8293653718581853 0.158506000230064 0.14591828120218125
0.03044852307371798 0.8306184123240216 0.1557504443059104 0.14737522175940881
0.026347275119201513 0.8330507849929977 0.15667277644154143 0.14492828492991
10
0.0054308497052178994 0.8303972875359328 0.17268704312001248 0.14997883507886814
0.02568516946839189 0.8347460750350114 0.1626568115141665 0.14471143097366188
0.014934373968582187 0.831650328001769 0.1647315437395952 0.14503776265151946
0.0185610656852479 0.8259747917741579 0.14568082848454353 0.152574935946638
0.022552411988420812 0.8284808727058304 0.14827936272885459 0.14681779516935653
0.020383766941468123 0.8275226652907791 0.15345029143334557 0.14774238498674666
0.01921333136393913 0.8279649148669566 0.14276148821341647 0.14783933071541228
0.024664691155082186 0.832829660204909 0.15852918793578347 0.1459040632324314
0.024709845646991746 0.8350409080857965 0.15023393487142547 0.14311535842140663
0.014400053523693251 0.8292179553327929 0.16583282097976093 0.14699823960869465
0.019203502585660615 0.8302498710105403 0.16962409226164543 0.14447379502007016
0.023482352281808533 0.8275963735534754 0.1529117708392512 0.147535469735601
0.022744864098393686 0.829291663595489 0.13946522818088464 0.14739777268546014
0.012524195856858211 0.8320188693152503 0.1630825041610149 0.14666010607052743
0.009687745104715567 0.8286282892312228 0.16683285597645992 0.14967815708897422
0.02421235400658356 0.8284071644431341 0.14740400481033722 0.1470852177143504
0.02307552934781712 0.8290705388074003 0.16700344358462238 0.14916593728033586
0.02594153155517212 0.8281123313923491 0.15055181422269603 0.14675690607770545
0.018028460223377396 0.8284808727058304 0.15476901541927293 0.148092680790644
0.01442852765702693 0.8246480430456254 0.15526282369706024 0.15253494068095547
0.021022083805209507 0.8287757057566153 0.15219917149413364 0.1461127960464641
0.029105325398249365 0.8261959165622467 0.14258219557691268 0.15377238444269203
0.010984734490083192 0.822141962113953 0.16566252148849023 0.1552666809978108
0.008193017838206446 0.8284071644431341 0.1702916438593493 0.14842048985933523
0.03126222709710086 0.8339352841453527 0.14377298004721706 0.14300797609287388
0.012863728804140995 0.8285545809685265 0.15979769233128965 0.14734003086690242
0.019284318385730442 0.829586496646274 0.1517805828757786 0.1491119218018203
0.01926604321826314 0.8257536669860691 0.14873449441710576 0.15070351318133454
0.011512362779577484 0.8244269182575367 0.17284995546113519 0.1532184400586404
0.019766082886242153 0.830470995798629 0.14861561268950194 0.14820877259810725
0.027513230280475226 0.8365887816024177 0.13373291942993354 0.14013872008715325
0.01652143223101149 0.831355494950984 0.1758997008527273 0.14513626117100462
0.018764293195433324 0.8275963735534754 0.16248748881059713 0.14893389976326515
0.0067548056003308155 0.8272278322399941 0.1817488490886397 0.1495427988635933
0.006304199021152285 0.8245006265202329 0.1816428434562035 0.15288904284229968
0.02928900042898855 0.8269329991892092 0.1339820685165797 0.1478148064609584
0.015490434453547391 0.8311343701628953 0.16270168281234326 0.14272780347237124
0.022721261980846424 0.8373258642293802 0.15704876359074385 0.14072741911791797
0.026824141978590843 0.8326822436795165 0.14974504446819095 0.14463155579522902
0.026106621429900917 0.8267855826638166 0.14192071661578906 0.1499943220418487
0.028326917816735048 0.8288494140193116 0.14565613886703557 0.14911971258943385
0.020077640761747534 0.8291442470700966 0.1570706444356014 0.1470833875394503
0.013452583213491354 0.8299550379597553 0.16400489221802453 0.14693388841452673
0.01940017122261764 0.8274489570280829 0.1534205242755162 0.15031826572735127
0.024628386192810936 0.8253851256725879 0.15286542752707655 0.15459492607317812
0.02844372969281428 0.8281123313923491 0.13984394485823462 0.15196773695135904
0.02076045032849297 0.8296602049089703 0.16095168269210658 0.14569948474367114
0.019537295722337755 0.8293653718581853 0.158506000230064 0.14591828120218125
0.03044852307371798 0.8306184123240216 0.1557504443059104 0.14737522175940881
0.026347275119201513 0.8330507849929977 0.15667277644154143 0.14492828492991
15
0.0054308497052178994 0.8303972875359328 0.17268704312001248 0.14997883507886814
0.02568516946839189 0.8347460750350114 0.1626568115141665 0.14471143097366188
0.014934373968582187 0.831650328001769 0.1647315437395952 0.14503776265151946
0.0185610656852479 0.8259747917741579 0.14568082848454353 0.152574935946638
0.022552411988420812 0.8284808727058304 0.14827936272885459 0.14681779516935653
0.020383766941468123 0.8275226652907791 0.15345029143334557 0.14774238498674666
0.06419634044825889 0.8312080784255915 0.06081533009231783 0.13071668804832431
0.024664691155082186 0.832829660204909 0.15852918793578347 0.1459040632324314
0.024709845646991746 0.8350409080857965 0.15023393487142547 0.14311535842140663
0.014400053523693251 0.8292179553327929 0.16583282097976093 0.14699823960869465
0.019203502585660615 0.8302498710105403 0.16962409226164543 0.14447379502007016
0.023482352281808533 0.8275963735534754 0.1529117708392512 0.147535469735601
0.022744864098393686 0.829291663595489 0.13946522818088464 0.14739777268546014
0.012524195856858211 0.8320188693152503 0.1630825041610149 0.14666010607052743
0.009687745104715567 0.8286282892312228 0.16683285597645992 0.14967815708897422
0.02421235400658356 0.8284071644431341 0.14740400481033722 0.1470852177143504
0.02307552934781712 0.8290705388074003 0.16700344358462238 0.14916593728033586
0.02594153155517212 0.8281123313923491 0.15055181422269603 0.14675690607770545
0.018028460223377396 0.8284808727058304 0.15476901541927293 0.148092680790644
0.01442852765702693 0.8246480430456254 0.15526282369706024 0.15253494068095547
0.021022083805209507 0.8287757057566153 0.15219917149413364 0.1461127960464641
0.029105325398249365 0.8261959165622467 0.14258219557691268 0.15377238444269203
0.010984734490083192 0.822141962113953 0.16566252148849023 0.1552666809978108
0.008193017838206446 0.8284071644431341 0.1702916438593493 0.14842048985933523
0.03126222709710086 0.8339352841453527 0.14377298004721706 0.14300797609287388
0.012863728804140995 0.8285545809685265 0.15979769233128965 0.14734003086690242
0.019284318385730442 0.829586496646274 0.1517805828757786 0.1491119218018203
0.01926604321826314 0.8257536669860691 0.14873449441710576 0.15070351318133454
0.011512362779577484 0.8244269182575367 0.17284995546113519 0.1532184400586404
0.019766082886242153 0.830470995798629 0.14861561268950194 0.14820877259810725
0.027513230280475226 0.8365887816024177 0.13373291942993354 0.14013872008715325
0.01652143223101149 0.831355494950984 0.1758997008527273 0.14513626117100462
0.018764293195433324 0.8275963735534754 0.16248748881059713 0.14893389976326515
0.0067548056003308155 0.8272278322399941 0.1817488490886397 0.1495427988635933
0.006304199021152285 0.8245006265202329 0.1816428434562035 0.15288904284229968
0.02928900042898855 0.8269329991892092 0.1339820685165797 0.1478148064609584
0.015490434453547391 0.8311343701628953 0.16270168281234326 0.14272780347237124
0.022721261980846424 0.8373258642293802 0.15704876359074385 0.14072741911791797
0.026824141978590843 0.8326822436795165 0.14974504446819095 0.14463155579522902
0.026106621429900917 0.8267855826638166 0.14192071661578906 0.1499943220418487
0.028326917816735048 0.8288494140193116 0.14565613886703557 0.14911971258943385
0.020077640761747534 0.8291442470700966 0.1570706444356014 0.1470833875394503
0.013452583213491354 0.8299550379597553 0.16400489221802453 0.14693388841452673
0.01940017122261764 0.8274489570280829 0.1534205242755162 0.15031826572735127
0.024628386192810936 0.8253851256725879 0.15286542752707655 0.15459492607317812
0.02844372969281428 0.8281123313923491 0.13984394485823462 0.15196773695135904
0.02076045032849297 0.8296602049089703 0.16095168269210658 0.14569948474367114
0.019537295722337755 0.8293653718581853 0.158506000230064 0.14591828120218125
0.03044852307371798 0.8306184123240216 0.1557504443059104 0.14737522175940881
0.026347275119201513 0.8330507849929977 0.15667277644154143 0.14492828492991
20
0.007860178983551125 0.8266381661384241 0.16077581581372433 0.13789638042785035
0.05024287408863279 0.8317977445271615 0.11570125663643868 0.12875367537618548
0.0029152107908534397 0.8193410481314956 0.1580278954091023 0.13641517121489366
0.003311448142977097 0.8207415051227243 0.16027362292240727 0.13947051326366014
0.017127472923373716 0.8223630869020417 0.15279681246243212 0.13529974546196585
0.01130054690140278 0.8180142994029631 0.1486182869289379 0.13773876254367665
0.005023373513539403 0.8219945455885604 0.17024400824433628 0.14290681493435187
0.04774909848780784 0.8277437900788679 0.11672474484935819 0.12788186425867468
0.0244534238411645 0.8272278322399941 0.1351731519351564 0.131704639269299
0.025368501607214267 0.8255325421979804 0.1371140539574347 0.13300732737012574
0.010746358386355875 0.8261959165622467 0.17815962530260798 0.13268981102892108
0.026412299472997308 0.8233950025797891 0.13882527190124522 0.13343611780449738
0.008990094278033739 0.8226579199528267 0.15043648595935954 0.1395291143240173
0.0018530298980224125 0.8273752487653866 0.17861507698237122 0.13637430020229058
0.006091966293620132 0.8193410481314956 0.16163621134873693 0.13975401615419952
0.019505898621200696 0.8245006265202329 0.15440530741207856 0.13798248216525513
0.02307552934781712 0.8290705388074003 0.16700344358462238 0.14916593728033586
0.013537739387265296 0.8208889216481168 0.15813187628879896 0.13930189202193421
0.003945804317177892 0.8197095894449767 0.1656036400943424 0.13738184521389563
0.0021636634112948694 0.8192673398687993 0.16933126890157796 0.14541935906769096
0.01231695823994805 0.822436795164738 0.15604091926401029 0.1380333528864598
0.05983003691674371 0.828701997493919 0.09187669632596404 0.13207883653232536
0.027626232800269407 0.8225842116901305 0.13505263758052977 0.1357999644084238
0.009138404001467065 0.823026461266308 0.15922678218908753 0.13560912268580838
0.05270255187194009 0.8317240362644652 0.11409578494949477 0.12339305794806257
0.0013517422317614047 0.8239846686813592 0.1767445587581234 0.13788741002009255
0.03197097067443666 0.8257536669860691 0.12277674530514991 0.13206995067313362
0.007710438628677957 0.8189725068180143 0.15524443370361132 0.14187309938731746
0.007035606054458049 0.8197095894449767 0.17413542691250714 0.14265824124797327
0.002716611957912257 0.8232475860543967 0.17125738360400425 0.14047368553303163
0.01058153461540473 0.8299550379597553 0.15018579717954408 0.1335579282827751
0.053270008187759676 0.8322399941033389 0.11368530716560404 0.13359888700063022
0.03149397134433138 0.8255325421979804 0.1397345145368571 0.1333191195314324
0.03622615844743593 0.8273015405026903 0.1341373317326563 0.12944198466570872
0.009076966262783509 0.8202255472838506 0.16185129742822107 0.1351554625996605
0.03200113170700064 0.8244269182575367 0.134411355496683 0.13007101510215335
0.02082698287125806 0.8249428760964104 0.13896968177622618 0.129173434754705
0.046827335889378624 0.8323874106287315 0.11145463394937738 0.12258487023815307
0.03538493058067757 0.8273752487653866 0.11524306906620363 0.12954548125353413
0.024087486126451396 0.8211100464362056 0.13014159526051744 0.1348416412578094
0.0317023747357951 0.8229527530036117 0.1326878979524178 0.13644393085910014
0.025038947017654162 0.8228053364782192 0.13469118724638296 0.13435740620183484
0.012616575721812767 0.8192673398687993 0.1876657958914346 0.14065566196349494
0.03787882013851304 0.8225842116901305 0.12027549928614965 0.13623836934199796
0.055581046823654834 0.8281860396550453 0.10501180897215029 0.13198307314385224
0.033680086585562236 0.8239846686813592 0.12890525400548986 0.13614182860209664
0.0273518896084054 0.8250165843591066 0.14179150739023114 0.13121937075454673
0.03376597936018527 0.830765828849414 0.13369378249416283 0.1281917569014184
0.07897038625149158 0.8229527530036117 0.06144557723756711 0.11961323479638303
0.051664142170197075 0.8292179553327929 0.110001969121156 0.12634148809578874
25
0.01912103255869438 0.824795459571018 0.20143813707201005 0.1503496264377762
0.013714134691264285 0.8297339131716666 0.1724020655465432 0.14354911749662536
0.020159095865354693 0.8219945455885604 0.19835011194298674 0.14613710447287453
0.007026628963331227 0.8197095894449767 0.17577964441809674 0.15305295457353044
0.0022968580929819127 0.8222156703766492 0.1771621872155364 0.14699700391454806
0.006764452619831135 0.8182354241910518 0.17967640566514864 0.14954501409102824
0.010206654335128934 0.821257462961598 0.17846747899962556 0.1513185257724458
0.013001696270488028 0.8283334561804379 0.1741510241409866 0.14314769734685856
0.0018469250172251372 0.828701997493919 0.17637162266377612 0.1436398618494891
0.0032040796280203565 0.823026461266308 0.18090675272439838 0.14674154125674455
0.009880307000973476 0.8243532099948404 0.20647357951528217 0.14410121058553746
0.003181958073243618 0.8216997125377755 0.18277856417545316 0.14660107994265748
0.006576450541369683 0.8228790447409154 0.17657494087696526 0.14944017460889442
0.016007254637459056 0.8256799587233729 0.20109562836691208 0.1483475635501005
0.023561673453822374 0.820372963809243 0.2026171455377837 0.15197388081237015
0.005931583743592678 0.8242057934694479 0.174461043393635 0.14747561397147668
0.02249361673029346 0.8250902926218029 0.1569792525474742 0.1426363098300475
0.0021460592200402695 0.8217734208004718 0.17743352070631652 0.1488067362007979
0.0183047333380143 0.8180880076656594 0.1916678907008983 0.15040146662392484
0.016493623350309294 0.8176457580894818 0.19420814893221114 0.15514277176484617
0.002174301491260716 0.8225105034274343 0.18024908983890484 0.1478313210756243
0.011436052232591254 0.820962629910813 0.15548110207692903 0.15079586481475943
0.009681620622033676 0.8169086754625193 0.18423454699097958 0.15170524817631115
0.016525880007889904 0.821552296012383 0.19658711458745504 0.1490006088642513
0.01436489894383483 0.8303235792732365 0.16974967162705523 0.13945776217324354
0.011491595085602074 0.8232475860543967 0.19249007379282185 0.1479052953996417
0.0006895905483838838 0.822436795164738 0.17074009033120863 0.1489658457803343
0.01084304372402986 0.8196358811822805 0.1907036776080956 0.1512193191129674
0.012558089435782738 0.8179405911402668 0.2031915412782257 0.15424155949189325
0.011006624552495597 0.8233950025797891 0.18940638908630963 0.14958112581919325
0.0007463848191668621 0.8302498710105403 0.17303170530334772 0.14234724880152666
0.004817402658808312 0.8264170413503353 0.1911215333634745 0.14068167814611854
0.0021823986794018424 0.8226579199528267 0.1890921892491268 0.14691962543962858
0.010727820768539148 0.8228790447409154 0.19787894380851304 0.14493215533364126
0.020042390562462098 0.8164664258863419 0.20922694697391067 0.15153057298628123
0.002397510007260545 0.8222156703766492 0.16938866248430023 0.14488995340304653
0.014870659151891147 0.8213311712242942 0.1944528534770199 0.1433575278317854
0.008894697634820564 0.8326822436795165 0.16885161440074986 0.13785475578447065
0.0009399969745414738 0.8232475860543967 0.17112202184587247 0.1441363570275057
1.27856470569232e-05 0.8187513820299256 0.16960839546337422 0.15050517866494414
0.0043796344647519525 0.8226579199528267 0.1769456458924643 0.14908003187901753
4.603619428170114e-05 0.8214785877496867 0.17073749778683966 0.14741419093670866
0.015256599379745134 0.8219945455885604 0.19747458303085863 0.14990937369795593
0.008680511370360272 0.8187513820299256 0.18752393466053752 0.1494469331763462
0.011784236084013217 0.8214785877496867 0.1630580971826736 0.15167866120594173
0.0070073391960717435 0.8229527530036117 0.16702060385941356 0.1502776273932836
0.004891153021570616 0.8207415051227243 0.19066616834784886 0.14689931945133466
0.0022616944364610703 0.8256799587233729 0.1824740357713545 0.14356149303421686
0.025247957736505067 0.8283334561804379 0.1609278321889141 0.141250122867206
0.01447309827215229 0.8296602049089703 0.1706968336054914 0.1418060812326436
30
0.014748690655448038 0.8250902926218029 0.19801195509247538 0.1537853442514501
0.0015361593782105554 0.8280386231296528 0.1892341136306514 0.14848287235334423
0.015017616288829555 0.8236161273678779 0.19812159930147633 0.1494480664615018
0.0060090182196101405 0.8211100464362056 0.17572811291543333 0.15573389368036245
0.0012669415522487126 0.8234687108424854 0.17705215022822549 0.14986441755993193
0.004120967547797311 0.820962629910813 0.182852650695896 0.15240062937790946
0.00854162774341663 0.8216997125377755 0.17560737271468574 0.15431142256633662
0.004059884545222131 0.8261222082995504 0.19621666048518868 0.1489354481363232
0.0007389729466456552 0.8279649148669566 0.1800759560219424 0.1479000974869745
0.00630855406845221 0.8242057934694479 0.1885287091969411 0.1502373872681198
0.008678704431104689 0.8245006265202329 0.20884741247956318 0.14817939228669422
0.001001703786961794 0.8211837546989017 0.18092362200601902 0.15146568481845904
0.006773352202326582 0.8231001695290042 0.17807110445470126 0.15249975122206247
0.014566801286261977 0.8263433330876391 0.19673302723061756 0.15117552571656434
0.020001921781201748 0.8220682538512567 0.20078103218840476 0.1544343163180714
0.004274151266217052 0.8250902926218029 0.1788819980310154 0.14933554393007648
0.01284273185725135 0.8258273752487654 0.17651970432164835 0.14952076890503627
0.0020454809949269626 0.8219945455885604 0.18241971502970922 0.15126507708104162
0.013577420769821241 0.8202992555465468 0.19324288037792778 0.15329435659757254
0.01343200354983104 0.8179405911402668 0.19236250834201704 0.15789247260872502
0.001660913407091208 0.8240583769440555 0.1797412718771586 0.15004052419087505
0.010514040935491992 0.8211837546989017 0.16321495889457863 0.15717895305730437
0.012911197803590152 0.8161715928355568 0.19299298283564076 0.15828753625109143
0.01156450210632351 0.8217734208004718 0.19117164026508068 0.1531821709429551
0.004078271539766309 0.8282597479177416 0.18445328250195708 0.14457616083328048
0.012724213327697131 0.823910960418663 0.19548476799680115 0.15070154837644975
0.0002235127395589509 0.8240583769440555 0.1754915353442471 0.15242667951140224
0.0074518529904697706 0.820078130758458 0.18328660472968883 0.15459959488539998
0.012411373417841376 0.8186776737672293 0.20378438866720006 0.1572172932275499
0.011797232166764177 0.8237635438932704 0.1915455006385396 0.1526469360034772
0.002110817810526494 0.831355494950984 0.17161380724983197 0.1444111764208853
0.010967878964172645 0.8244269182575367 0.20946951171111466 0.14592807781604372
0.004758687407288215 0.821847129063168 0.1914087922641471 0.15272787881628394
0.015070584976772106 0.8216260042750793 0.20610574998059977 0.15144607061639023
0.01913840325798488 0.8190462150807105 0.21548615665945592 0.15512190271360968
0.0013476104704851222 0.8217734208004718 0.16916666507926645 0.15035048244047333
0.01442512116160194 0.8222156703766492 0.20263390023334665 0.14786292865892792
0.005292314423130912 0.8302498710105403 0.19077018870632628 0.14301632723007426
0.002069429354855379 0.8261959165622467 0.17504886989815505 0.1478122333572112
0.0002501052012012228 0.820078130758458 0.17138389206263435 0.15466120923171756
0.0018599527539475413 0.823910960418663 0.1841051056560808 0.1524757159910493
0.004020245993187427 0.8228053364782192 0.18315014993629944 0.15118585848728902
0.015577992490039383 0.8222893786393455 0.1992222363749495 0.1528897175343745
0.006837095394963244 0.8210363381735093 0.187906693891145 0.15342379959583496
0.0005043003239938448 0.8192673398687993 0.17910637080802205 0.15708367567078066
0.006427087648161606 0.8240583769440555 0.17244549183946917 0.15456055279337685
0.004847204338440353 0.8228053364782192 0.19084750938736655 0.14971016078978927
0.001091764881848284 0.8259010835114616 0.18786342902340653 0.14784733577681305
0.0060094353387965815 0.8243532099948404 0.18591203215124869 0.148656695891584
0.0010546695484985324 0.8269329991892092 0.18771988215786756 0.147936725903436
35
0.011630854500517096 0.8260485000368541 0.19453016202917736 0.15406496052478777
0.006097338236972838 0.8298813296970591 0.18668162656396473 0.1488308909792723
0.010679280559036552 0.8250902926218029 0.19397529040412015 0.14958016807037017
0.003194263959510557 0.8219208373258642 0.17363413444533016 0.156196900871984
0.0021076295739620443 0.8242795017321441 0.1719704629316529 0.15058055977718537
0.002550403921204647 0.8219208373258642 0.1840630490713059 0.1526422807506436
0.005443597887531293 0.8225842116901305 0.1728835063517971 0.15444600265094205
0.0008128600435094446 0.8269329991892092 0.19030592371845592 0.15079516955831035
0.0020666939232907577 0.8289231222820078 0.17566602180952418 0.14855042353177378
0.004034248147468805 0.8248691678337141 0.18901403316748128 0.15044756158477657
0.003585667624170674 0.8262696248249429 0.2046241585113842 0.1483987734079287
0.0024507170222693997 0.8225105034274343 0.1773685702174974 0.1521419507086394
0.002501305435035295 0.8243532099948404 0.1744410999617448 0.15293843630088194
0.012269101443063257 0.8267855826638166 0.19516242355646882 0.1518758248863849
0.017780657167052155 0.8226579199528267 0.19828420181723752 0.15509364158093758
0.003989993960395594 0.8247217513083217 0.17759984746111507 0.15061841748913718
0.0022874204602542914 0.8214048794869905 0.1909786268512523 0.1535490204962261
0.004439521859690376 0.822436795164738 0.17891146765478616 0.1519818836716185
0.007688114230624488 0.8226579199528267 0.19011850427094532 0.1530747317007136
0.011717591994131915 0.8186039655045331 0.18949384509549638 0.15853503689502496
0.0007765168014318702 0.823910960418663 0.17679238628045418 0.15131387342921285
0.011774510817226858 0.8214785877496867 0.1624838773191547 0.15811752402376972
0.009406656658996176 0.8180142994029631 0.19161789332862858 0.15897787170132424
0.01070922907463559 0.8229527530036117 0.19214028930911314 0.1534668148569249
0.010893812706683659 0.8303235792732365 0.17841292076499826 0.14578240996278047
0.009135882219566183 0.8251640008844991 0.1907733478124481 0.15083850904149945
0.0008941498030073103 0.8249428760964104 0.17415530998568834 0.153227396463852
0.0030699792734809606 0.821847129063168 0.17806401543982375 0.15450779855084068
0.01125805665461413 0.8192673398687993 0.20272352768614604 0.15776026477951471
0.009760777294048811 0.8245743347829292 0.19047925959693582 0.15335158317864048
0.005295574016971921 0.8320925775779465 0.1666405208182268 0.1449499793523148
0.003255023210867569 0.8271541239772978 0.20273047181561882 0.14749830380533688
0.00022784688173066447 0.8233950025797891 0.18914537179212082 0.15301397521480078
0.012817875079209617 0.8223630869020417 0.20542908384678132 0.15304947537192365
0.014488074727190214 0.8200044224957618 0.2104370280073571 0.15647004423099634
0.004986151323980503 0.8237635438932704 0.16585820542550875 0.15105622152020068
0.008714423134702304 0.8238372521559667 0.19498189265978016 0.1485777893402505
2.5077622385211162e-05 0.8315766197390727 0.1859115071585707 0.1446397826016442
0.006933104712535193 0.8283334561804379 0.1705802778283044 0.14820251238319035
0.0028284692544816303 0.8214785877496867 0.16991262325004874 0.15518199503337785
0.004810518463259972 0.8246480430456254 0.1793745205357511 0.15308323524609882
0.0016702894718153838 0.8247217513083217 0.17609873895207814 0.1514734933866697
0.013936266380017659 0.8234687108424854 0.19676955655035083 0.15305059032938564
0.0019380390009274273 0.8228053364782192 0.1802222957688161 0.15431098114925249
0.003994056580987726 0.8214048794869905 0.17726241505832174 0.1577153048910635
0.008449502329222924 0.8246480430456254 0.16730107593568067 0.15581733739697912
0.0011961588554993408 0.8237635438932704 0.1856585285458532 0.15032074996687994
0.005655975002301278 0.8265644578757279 0.17884038585881432 0.14897239297104894
0.01049859659535321 0.8271541239772978 0.18252974647923487 0.14987112314541612
0.004416850713448273 0.8281123313923491 0.18547723777441877 0.1498524101249443
40
0.02699535470253392 0.8225842116901305 0.2141313287285122 0.15767898578756254
0.0068580227612255185 0.8306921205867178 0.1873034386678948 0.1490362139016606
0.008407597886569168 0.8261222082995504 0.1928641729131109 0.1493014185314413
0.03166685140986575 0.8194147563941918 0.112943465700274 0.1279714832716024
0.05126863883567845 0.821552296012383 0.09745290219096073 0.12454708018894714
0.05209487501606305 0.8225105034274343 0.08424497138681528 0.13437921666424726
0.0030555281122867928 0.8241320852067516 0.16009961789468544 0.144479196304637
0.004415697414046821 0.8282597479177416 0.1873226904556579 0.15089107391260445
0.0032310731454276154 0.8294390801208815 0.17563078495574455 0.14867888442785668
0.05615204236991686 0.829586496646274 0.08950503697257953 0.13453211800737988
0.025515832798610333 0.8264907496130316 0.15014968488488553 0.12773648085764602
0.0031552916907552075 0.8228053364782192 0.17686779198425423 0.15247447318879181
0.03593352915608106 0.819193631606103 0.10006723248482435 0.1276488469591703
0.023507908592870497 0.8248691678337141 0.12281031716108126 0.12271648366355876
0.015311358598163266 0.8236898356305742 0.19522738092269362 0.15486786577304343
0.028865365269040072 0.8275226652907791 0.1449439873603316 0.1382438944308566
0.002461617401126409 0.8238372521559667 0.19067307944872608 0.15335513429742204
0.02413254395874001 0.8237635438932704 0.14922977436217405 0.13894959605849647
0.0064378588148233384 0.823026461266308 0.18893153092998063 0.15319757723366462
0.03783291234319597 0.820078130758458 0.1068401064421428 0.12982369642796623
0.025757880992167526 0.8253851256725879 0.14091093446992503 0.13734491002308746
0.012067505186872829 0.821552296012383 0.1633412215425495 0.15864116245882323
0.05036517322704809 0.8213311712242942 0.09745958714224628 0.1281540321581076
0.02922867402313467 0.8239846686813592 0.13108207826277668 0.12793296704748264
0.013276987325003708 0.831355494950984 0.17513154273664394 0.14592080991176776
0.014570759203332895 0.8270067074519054 0.15935278197846342 0.1367330770050872
0.0017230373456304238 0.8253851256725879 0.17454567187835288 0.15350314942069568
0.045999360353838364 0.8155082184712906 0.08838327134093657 0.1261165140559684
0.025106956862392116 0.8158030515220757 0.21966287257728803 0.1616276050707487
0.021854651566389327 0.8202992555465468 0.12460157791636209 0.12881315876675406
0.019679763579638576 0.8323137023660352 0.14338927900410636 0.13253455869322184
1.4980024817812243e-05 0.8280386231296528 0.19933808303489647 0.1479971340537604
0.06368141563035568 0.8286282892312228 0.10144978576423296 0.12345111450843144
0.010344925318141879 0.823026461266308 0.20276636221599417 0.15319757723366462
0.01289331232892968 0.8201518390211543 0.20644326338368382 0.15721921811935763
0.006378856026577118 0.8235424191051817 0.16236326850526558 0.15186387850033378
0.00777239447307429 0.8242057934694479 0.19397078680757468 0.1487044343494767
0.0016009278227598345 0.8321662858406428 0.18298508145395728 0.14540710039523355
0.008294020077005582 0.828701997493919 0.1707837116385663 0.14856413184308995
0.004171934203714367 0.822436795164738 0.17094515124392703 0.15522897748037104
0.007586348377471075 0.8254588339352842 0.17557542838719517 0.15311383886242624
0.0020878183859720234 0.8250165843591066 0.17518756218211962 0.1519850956396856
0.03443148204741914 0.8240583769440555 0.11737790698878017 0.13430906502419737
0.000790010660563778 0.8236161273678779 0.1779359025282191 0.15416135938951872
0.006892443539529253 0.8222156703766492 0.17466637253830938 0.15798775363205997
0.010065362458521604 0.8249428760964104 0.166695298274718 0.15589768882499283
0.04613874318111025 0.8241320852067516 0.11535726932623899 0.12531081547780243
0.01200435729202648 0.8225105034274343 0.2037532452954762 0.15318474633138737
0.0126587881257266 0.8275226652907791 0.17977956763058256 0.1505964493473307
0.005811601419442508 0.8286282892312228 0.18358820939732604 0.15010124450755222
