1
0.08351960201366077 0.8450652318124862 0.03001363404595339 0.13004381031264836
0.0768744068754465 0.8466131053291074 0.030077340769592103 0.1283461518587194
0.07274212370391375 0.8440333161347388 0.02674273001397814 0.12865879804731561
0.08185568011512748 0.8415272352030663 0.054527890656727 0.13252067668281156
0.07257111922034051 0.84322252524508 0.036973981728712586 0.12820484146964625
0.0797884717363457 0.8424854426181175 0.02090442255388859 0.12850168658482827
0.08170252221450827 0.8469079383798924 0.030913098875992463 0.12795269936564976
0.08323627986325201 0.8459497309648412 0.03495207448044041 0.12803196306907524
0.07497417569071685 0.8469816466425887 0.03480457431667027 0.1268036403900667
0.08668605415396789 0.8444755657109162 0.03856392435582487 0.12952612787818124
0.08334565413926404 0.8439596078720425 0.028446289871336967 0.12880200426046573
0.08806016991382463 0.8445492739736125 0.03371404074601521 0.12872876316919274
0.09107781520126947 0.8410849856268888 0.05831255933599734 0.13140941323171487
0.08114269403344916 0.8470553549052848 0.04613225072723267 0.12802209988089802
0.07834657280164936 0.8445492739736125 0.03467142540659319 0.12860973521681188
0.08517778058641867 0.8425591508808138 0.03067978028949087 0.1292561452149892
0.08257402972506801 0.8428539839315987 0.02014068844235689 0.1320236015052706
0.07671755408037542 0.8407901525761038 0.016830097571374054 0.13066545027685422
0.08557787745242361 0.8441807326601312 0.036222031265128345 0.1302770245177117
0.08683188588515678 0.8380629468563426 0.02377948697099009 0.13545257765598173
0.08636670952005586 0.8410849856268888 0.038595688492395364 0.12949020204663092
0.08666997827570014 0.8448441070243974 0.038342309024929216 0.13213055825647838
0.09094907707983121 0.8416746517284588 0.052840230332290336 0.13366465508991593
0.0819362868421572 0.8439596078720425 0.05129702977893343 0.13046883931894251
0.07832253625868438 0.8474976044814624 0.022089368314710582 0.125390179053627
0.08551187902583848 0.8434436500331687 0.04717856398597926 0.12849205597287278
0.08852897960690058 0.8441807326601312 0.053726063545247726 0.1303364491300563
0.07934904223063122 0.840569027788015 0.032628878790640206 0.13145671594684413
0.08181845799111274 0.8381366551190389 0.0279117937172356 0.1360886958801941
0.08377638608490241 0.8416009434657625 0.043473786109720684 0.13261582147891893
0.08542482716899394 0.8484558118965136 0.0335103709195996 0.12377435205228407
0.08002181995479626 0.8455074813886637 0.037168130528758114 0.12811781623360533
0.07455159271694417 0.8433699417704724 0.01767391643107399 0.1302460742419742
0.08482598964387769 0.8435173582958649 0.021512606838412877 0.1307930428645739
0.08655099420152892 0.8424117343554213 0.030895376973859964 0.13318163506770375
0.07013585302824957 0.8407901525761038 0.014527614521951202 0.13054542153316628
0.09511660784292816 0.8470553549052848 0.03829331877948548 0.12494041636133468
0.09220541409624498 0.8491191862607799 0.04790253496398555 0.12574394411440795
0.07175677554777152 0.8483821036338174 0.028404617694396384 0.12687303086010468
0.09110441875971022 0.8418957765165475 0.0421701135342471 0.13030837813936036
0.0897189641223879 0.8410849856268888 0.03495159356089442 0.13200801238863172
0.07912439891673462 0.841158693889585 0.04664108940103019 0.13114593139198305
0.07808840232637701 0.8442544409228274 0.03532181073981991 0.12846764576342706
0.0678992488641684 0.8393159873221788 0.017909909575183926 0.13546047511338027
0.0849705748206464 0.8435173582958649 0.032389047454401354 0.13435247486642207
0.08424679627649317 0.8399056534237488 0.0371666614727004 0.13442850278035434
0.08182447932776574 0.8446229822363087 0.023856326091057724 0.12715584482058
0.06776613414316293 0.8470553549052848 0.017176090789660748 0.1263053652421864
0.08311379592750995 0.8441807326601312 0.054559514623938765 0.12974194392256824
0.08006705031413336 0.8452863566005749 0.015127934663450589 0.12747676821653559
2
0.07816570531701546 0.8427065674062062 0.02567738006148299 0.1338555217005654
0.07188816203363083 0.8448441070243974 0.026458638506730317 0.13136152076639698
0.06543276164645748 0.8418957765165475 0.016456250340772638 0.13233980103769907
0.07744724243648234 0.8391685707967863 0.0536430899796412 0.13682449191060134
0.06618284614636827 0.8428539839315987 0.029625618780694796 0.1300568401282481
0.07264843555551995 0.8401267782118376 0.0157730923552974 0.1320797261580297
0.07590846311763183 0.8427802756689025 0.02256403235215836 0.13192894138225608
0.0794793366781519 0.8448441070243974 0.028040716162361402 0.13076926586314655
0.06758077158854423 0.8442544409228274 0.027623431207840877 0.13114329246777254
0.07749886055599448 0.8427065674062062 0.02885600255862986 0.13231041729150148
0.08190764645286674 0.8424854426181175 0.030756190661671116 0.1314302696315879
0.08429061345545619 0.8413798186776738 0.030613726668703656 0.13256909842954923
0.0803976738407556 0.8406427360507113 0.04615349248387317 0.13370753950441833
0.078159490283612 0.8449915235497899 0.04239811171562971 0.13119383132738424
0.07267524373688758 0.8421169013046362 0.03221940273646552 0.13322011989973964
0.0808749518290727 0.8406427360507113 0.028912787850280723 0.13281061608272904
0.07636313838046818 0.840569027788015 0.01908491775541579 0.13522408327736418
0.07218531532545838 0.838210363381735 0.01621154064125756 0.13414229791724838
0.07809872671766825 0.8412324021522812 0.028459668726068206 0.1344073130212206
0.08046399636042889 0.8358516989754552 0.017983203948912625 0.13888332976243295
0.08107344562523812 0.8387263212206089 0.036254857521618764 0.13307309951991467
0.08266956540915905 0.8409375691014963 0.03719030934968755 0.13682596187811186
0.08835138302372558 0.8398319451610525 0.055314549313291064 0.1371988158602877
0.08037895518188572 0.8418220682538513 0.051462186059854254 0.133019997372417
0.07449348831374386 0.8449178152870936 0.020541762696711072 0.12902419235030502
0.07726855294459029 0.8415272352030663 0.04287997048346057 0.13168428832205123
0.08292460250640674 0.842927692194295 0.048264175467936335 0.13342534437894915
0.0731509201704666 0.8376206972801651 0.0233367803691615 0.13535640991199557
0.07829551590484364 0.8354094493992776 0.023024192983861776 0.13933000284830402
0.0797650144891709 0.839979361686445 0.04011267175762326 0.13607659031765326
0.08078259505872881 0.8477924375322473 0.02743718231476142 0.12564930201468708
0.07967230649687036 0.8434436500331687 0.043232939550575646 0.1310553225106912
0.06512541484116 0.8415272352030663 0.01961543161687457 0.13299811132719352
0.08228911337312662 0.8424854426181175 0.024751231147003852 0.1328597268508238
0.08501256217225311 0.8393159873221788 0.03784798874713906 0.13707375353316717
0.06385759597165255 0.8404216112626225 0.013525320632183861 0.1325834535798157
0.09038729478334738 0.8445492739736125 0.03082735618312201 0.12819296016432077
0.08799089644797713 0.8480872705830323 0.042113742343220656 0.12773775606278462
0.06685383710433207 0.8448441070243974 0.023786098885602357 0.130947004650779
0.08456412390228295 0.8392422790594826 0.03421135871670632 0.13410695237143
0.08671892983831722 0.8399056534237488 0.036289229246369584 0.13454813035942667
0.07378673266598765 0.83909486253409 0.04171458316179088 0.13409508141578305
0.06964611700307902 0.8394634038475713 0.022278466364221226 0.1342743974528732
0.06073855923844071 0.8375469890174688 0.013834091870758718 0.13796219218036873
0.08006820678272172 0.8418957765165475 0.03124907005827052 0.1370338287405219
0.07708277089213401 0.8390211542713938 0.02835338006093542 0.13776916229580197
0.07945052324981958 0.8439596078720425 0.023312622332619937 0.1299930561439019
0.06546551877564313 0.8454337731259675 0.019627915947580492 0.1284982884694133
0.07821122163034933 0.8421906095673325 0.04495898453483607 0.13313612846185088
0.07356409831618693 0.8448441070243974 0.012488518595995923 0.13005778091863562
3
0.09059753594656728 0.8441070243974349 0.034556533933463966 0.12390965555244296
0.050732764289192434 0.8347460750350114 0.013864720771216924 0.14471143097366188
0.08419871230361989 0.8461708557529299 0.039070609186375366 0.1252261572049699
0.08887951565234856 0.8421906095673325 0.05988651128472422 0.1266752608474656
0.08186660660819894 0.8444018574482199 0.04315745744673125 0.12279671600010432
0.060039155080209156 0.8274489570280829 0.01330815029756733 0.14776671287622653
0.09471363301993779 0.8354831576619739 0.0372164314786 0.1192953590497505
0.06761427570349772 0.832829660204909 0.01702217055517229 0.1459040632324314
0.08341425395105259 0.8461708557529299 0.04543597657687476 0.12635646229790204
0.0658840752931951 0.8292179553327929 0.023509367871131868 0.14699823960869465
0.06615911195916349 0.8302498710105403 0.01372484540370814 0.14447379502007016
0.06456621408754865 0.8275963735534754 0.012862935387086705 0.147535469735601
0.09704545789223415 0.8317240362644652 0.05524787559568276 0.11985062945042735
0.08761019196252026 0.8480872705830323 0.04987820424820667 0.12335971751216927
0.08447983136238577 0.8430014004569912 0.04291340880558235 0.122628862152883
0.09477147785031004 0.8334930345691752 0.035069534906315265 0.11818050302715638
0.05234685885798879 0.8290705388074003 0.014618633989767829 0.14916593728033586
0.08113830055633825 0.8383577799071276 0.021744181849763927 0.12428466349346827
0.08707236332708453 0.8430014004569912 0.03844140311077232 0.12791694707663734
0.09585433954757948 0.8375469890174688 0.03841363051945503 0.13309022939263598
0.09112552635391336 0.8418220682538513 0.034820926664049685 0.12153801606203118
0.0957313504170422 0.8469816466425887 0.04125249450314894 0.1257362823452504
0.09768271796473532 0.8418220682538513 0.05917802134827593 0.12673132150812796
0.09068331279218789 0.8431488169823838 0.05958391638737915 0.12535164031605595
0.08345959746596834 0.8473501879560699 0.019843506256414106 0.11816254109340314
0.0892995184744225 0.84322252524508 0.05141237061650157 0.12183697836942545
0.10286725916836013 0.848603228421906 0.06531917125985814 0.12408185594580542
0.07862873841327164 0.83909486253409 0.028767229970826848 0.12951933935170232
0.08679398060606772 0.8372521559666839 0.027396545210598706 0.12796981115474557
0.0879643287141948 0.842338026092725 0.040343588696301294 0.12734943966683848
0.08843045364313418 0.8479398540576398 0.028774236821484767 0.11953543090738242
0.05874027245103611 0.831355494950984 0.0268072647272286 0.14513626117100462
0.08544106854801412 0.8434436500331687 0.019942451788784774 0.12140718244413642
0.07065416741043247 0.8272278322399941 0.02257605331900463 0.1495427988635933
0.06708762685575893 0.8245006265202329 0.025263276616257057 0.15288904284229968
0.07608506340084159 0.840569027788015 0.021987077508306346 0.12373687927548287
0.07275665632364074 0.8311343701628953 0.014166080683847098 0.14272780347237124
0.07693941627024596 0.8373258642293802 0.03783449186275921 0.14072741911791797
0.08147657169091274 0.8490454779980836 0.03542305975047519 0.12346431047217067
0.09810697502931574 0.8418957765165475 0.05179462545465166 0.1267682650376699
0.07031337866845123 0.8288494140193116 0.023759546322436965 0.14911971258943385
0.08734084043172033 0.8418957765165475 0.058780544713928316 0.12580508940628896
0.057984308358991904 0.8299550379597553 0.009804108816005085 0.14693388841452673
0.07520559803780119 0.8385051964325201 0.025165354111776235 0.12819074905205943
0.06869769637320232 0.8253851256725879 0.023308244875041684 0.15459492607317812
0.0904802517399155 0.8413061104149775 0.04332248074088782 0.13061894055101222
0.09138391476293578 0.8418220682538513 0.028453892253552323 0.11874587130381803
0.07822480722052905 0.8472027714306773 0.025118731124193123 0.11700756588321502
0.06718003280578091 0.8306184123240216 0.03983840388100966 0.14737522175940881
0.05717263589840685 0.8330507849929977 0.02308766665705994 0.14492828492991
4
0.07074618299811408 0.8303972875359328 0.02695282663578471 0.14997883507886814
0.050732764289192434 0.8347460750350114 0.013864720771216924 0.14471143097366188
0.049530857915174115 0.831650328001769 0.006139031481686902 0.14503776265151946
0.06288494094640261 0.8259747917741579 0.03349254975797271 0.152574935946638
0.04740892628087301 0.8284808727058304 0.011466324498468586 0.14681779516935653
0.060039155080209156 0.8274489570280829 0.01330815029756733 0.14776671287622653
0.0666353432974733 0.8279649148669566 0.018598323267120638 0.14783933071541228
0.06761427570349772 0.832829660204909 0.01702217055517229 0.1459040632324314
0.050297657973149834 0.8350409080857965 0.006787402114864921 0.14311535842140663
0.0658840752931951 0.8292179553327929 0.023509367871131868 0.14699823960869465
0.06615911195916349 0.8302498710105403 0.01372484540370814 0.14447379502007016
0.06456621408754865 0.8275963735534754 0.012862935387086705 0.147535469735601
0.07299169966464253 0.829291663595489 0.045054370742150796 0.14739777268546014
0.06194465015860548 0.8320188693152503 0.020141984524969736 0.14666010607052743
0.05549882577984916 0.8286282892312228 0.013233678433857029 0.14967815708897422
0.06846604799967318 0.8284071644431341 0.021834510473706763 0.1470852177143504
0.05234685885798879 0.8290705388074003 0.014618633989767829 0.14916593728033586
0.06004009886927106 0.8281123313923491 0.015065062434940907 0.14675690607770545
0.0677652967795039 0.8284808727058304 0.024423739902988174 0.148092680790644
0.06354788736876435 0.8246480430456254 0.01876601367019905 0.15253494068095547
0.07376939719105381 0.828701997493919 0.033711320530613695 0.14613706515445446
0.06815687265525606 0.8261959165622467 0.0234487289549853 0.15377238444269203
0.07079643150912546 0.822141962113953 0.040805856179433005 0.1552666809978108
0.06548635450610782 0.8284071644431341 0.03449630372038039 0.14842048985933523
0.054548500430400715 0.8339352841453527 0.010352601285592962 0.14300797609287388
0.06563343997623412 0.8285545809685265 0.03285333135224802 0.14734003086690242
0.06457514952863591 0.829586496646274 0.022654231837386567 0.1491119218018203
0.0570612789186829 0.8257536669860691 0.010094301396247458 0.15070351318133454
0.06326426961034938 0.8244269182575367 0.015097671059202119 0.1532184400586404
0.06532057004472644 0.830470995798629 0.016482963414500604 0.14820877259810725
0.06941692070616652 0.8365887816024177 0.01541263443062555 0.14013872008715325
0.05874027245103611 0.831355494950984 0.0268072647272286 0.14513626117100462
0.06037629297851327 0.8275963735534754 0.022623483418702326 0.14893389976326515
0.07065416741043247 0.8272278322399941 0.02257605331900463 0.1495427988635933
0.06708762685575893 0.8245006265202329 0.025263276616257057 0.15288904284229968
0.043986018166299046 0.8269329991892092 0.014918045007335706 0.1478148064609584
0.07275665632364074 0.8311343701628953 0.014166080683847098 0.14272780347237124
0.07693941627024596 0.8373258642293802 0.03783449186275921 0.14072741911791797
0.06172377792933874 0.8326822436795165 0.02364414522766179 0.14463155579522902
0.07431539235252002 0.8267855826638166 0.04001583625636712 0.1499943220418487
0.07031337866845123 0.8288494140193116 0.023759546322436965 0.14911971258943385
0.05653205681304588 0.8291442470700966 0.028711012977928933 0.1470833875394503
0.057984308358991904 0.8299550379597553 0.009804108816005085 0.14693388841452673
0.052608446891958344 0.8274489570280829 0.010582863206153873 0.15031826572735127
0.06869769637320232 0.8253851256725879 0.023308244875041684 0.15459492607317812
0.06085816839927774 0.8281123313923491 0.01018360087743271 0.15196773695135904
0.06788706125815623 0.8296602049089703 0.024566342023747724 0.14569948474367114
0.046463025776052824 0.8293653718581853 0.003148688512090353 0.14591828120218125
0.06718003280578091 0.8306184123240216 0.03983840388100966 0.14737522175940881
0.05717263589840685 0.8330507849929977 0.02308766665705994 0.14492828492991
5
0.07074618299811408 0.8303972875359328 0.02695282663578471 0.14997883507886814
0.050732764289192434 0.8347460750350114 0.013864720771216924 0.14471143097366188
0.049530857915174115 0.831650328001769 0.006139031481686902 0.14503776265151946
0.06288494094640261 0.8259747917741579 0.03349254975797271 0.152574935946638
0.04740892628087301 0.8284808727058304 0.011466324498468586 0.14681779516935653
0.059953222279659185 0.8275226652907791 0.013249868446535744 0.14774238498674666
0.0666353432974733 0.8279649148669566 0.018598323267120638 0.14783933071541228
0.06761427570349772 0.832829660204909 0.01702217055517229 0.1459040632324314
0.050297657973149834 0.8350409080857965 0.006787402114864921 0.14311535842140663
0.0658840752931951 0.8292179553327929 0.023509367871131868 0.14699823960869465
0.06615911195916349 0.8302498710105403 0.01372484540370814 0.14447379502007016
0.06456621408754865 0.8275963735534754 0.012862935387086705 0.147535469735601
0.07299169966464253 0.829291663595489 0.045054370742150796 0.14739777268546014
0.06194465015860548 0.8320188693152503 0.020141984524969736 0.14666010607052743
0.05549882577984916 0.8286282892312228 0.013233678433857029 0.14967815708897422
0.06846604799967318 0.8284071644431341 0.021834510473706763 0.1470852177143504
0.05234685885798879 0.8290705388074003 0.014618633989767829 0.14916593728033586
0.06004009886927106 0.8281123313923491 0.015065062434940907 0.14675690607770545
0.0677652967795039 0.8284808727058304 0.024423739902988174 0.148092680790644
0.06354788736876435 0.8246480430456254 0.01876601367019905 0.15253494068095547
0.07376939719105381 0.828701997493919 0.033711320530613695 0.14613706515445446
0.06815687265525606 0.8261959165622467 0.0234487289549853 0.15377238444269203
0.07079643150912546 0.822141962113953 0.040805856179433005 0.1552666809978108
0.06548635450610782 0.8284071644431341 0.03449630372038039 0.14842048985933523
0.054548500430400715 0.8339352841453527 0.010352601285592962 0.14300797609287388
0.06563343997623412 0.8285545809685265 0.03285333135224802 0.14734003086690242
0.06457514952863591 0.829586496646274 0.022654231837386567 0.1491119218018203
0.0570612789186829 0.8257536669860691 0.010094301396247458 0.15070351318133454
0.06326426961034938 0.8244269182575367 0.015097671059202119 0.1532184400586404
0.06532057004472644 0.830470995798629 0.016482963414500604 0.14820877259810725
0.06941692070616652 0.8365887816024177 0.01541263443062555 0.14013872008715325
0.05874027245103611 0.831355494950984 0.0268072647272286 0.14513626117100462
0.06037629297851327 0.8275963735534754 0.022623483418702326 0.14893389976326515
0.07065416741043247 0.8272278322399941 0.02257605331900463 0.1495427988635933
0.06708762685575893 0.8245006265202329 0.025263276616257057 0.15288904284229968
0.043986018166299046 0.8269329991892092 0.014918045007335706 0.1478148064609584
0.07275665632364074 0.8311343701628953 0.014166080683847098 0.14272780347237124
0.07693941627024596 0.8373258642293802 0.03783449186275921 0.14072741911791797
0.06172377792933874 0.8326822436795165 0.02364414522766179 0.14463155579522902
0.07431539235252002 0.8267855826638166 0.04001583625636712 0.1499943220418487
0.07031337866845123 0.8288494140193116 0.023759546322436965 0.14911971258943385
0.05653205681304588 0.8291442470700966 0.028711012977928933 0.1470833875394503
0.057984308358991904 0.8299550379597553 0.009804108816005085 0.14693388841452673
0.052608446891958344 0.8274489570280829 0.010582863206153873 0.15031826572735127
0.06869769637320232 0.8253851256725879 0.023308244875041684 0.15459492607317812
0.06085816839927774 0.8281123313923491 0.01018360087743271 0.15196773695135904
0.06788706125815623 0.8296602049089703 0.024566342023747724 0.14569948474367114
0.046463025776052824 0.8293653718581853 0.003148688512090353 0.14591828120218125
0.06718003280578091 0.8306184123240216 0.03983840388100966 0.14737522175940881
0.05717263589840685 0.8330507849929977 0.02308766665705994 0.14492828492991
6
0.07074618299811408 0.8303972875359328 0.02695282663578471 0.14997883507886814
0.050732764289192434 0.8347460750350114 0.013864720771216924 0.14471143097366188
0.049530857915174115 0.831650328001769 0.006139031481686902 0.14503776265151946
0.06288494094640261 0.8259747917741579 0.03349254975797271 0.152574935946638
0.04740892628087301 0.8284808727058304 0.011466324498468586 0.14681779516935653
0.059953222279659185 0.8275226652907791 0.013249868446535744 0.14774238498674666
0.0666353432974733 0.8279649148669566 0.018598323267120638 0.14783933071541228
0.06761427570349772 0.832829660204909 0.01702217055517229 0.1459040632324314
0.050297657973149834 0.8350409080857965 0.006787402114864921 0.14311535842140663
0.0658840752931951 0.8292179553327929 0.023509367871131868 0.14699823960869465
0.06615911195916349 0.8302498710105403 0.01372484540370814 0.14447379502007016
0.06456621408754865 0.8275963735534754 0.012862935387086705 0.147535469735601
0.07299169966464253 0.829291663595489 0.045054370742150796 0.14739777268546014
0.06194465015860548 0.8320188693152503 0.020141984524969736 0.14666010607052743
0.05549882577984916 0.8286282892312228 0.013233678433857029 0.14967815708897422
0.06846604799967318 0.8284071644431341 0.021834510473706763 0.1470852177143504
0.05234685885798879 0.8290705388074003 0.014618633989767829 0.14916593728033586
0.06004009886927106 0.8281123313923491 0.015065062434940907 0.14675690607770545
0.0677652967795039 0.8284808727058304 0.024423739902988174 0.148092680790644
0.06354788736876435 0.8246480430456254 0.01876601367019905 0.15253494068095547
0.07368402196694386 0.8287757057566153 0.03365357047286363 0.1461127960464641
0.06815687265525606 0.8261959165622467 0.0234487289549853 0.15377238444269203
0.07079643150912546 0.822141962113953 0.040805856179433005 0.1552666809978108
0.06548635450610782 0.8284071644431341 0.03449630372038039 0.14842048985933523
0.054548500430400715 0.8339352841453527 0.010352601285592962 0.14300797609287388
0.06563343997623412 0.8285545809685265 0.03285333135224802 0.14734003086690242
0.06457514952863591 0.829586496646274 0.022654231837386567 0.1491119218018203
0.0570612789186829 0.8257536669860691 0.010094301396247458 0.15070351318133454
0.06326426961034938 0.8244269182575367 0.015097671059202119 0.1532184400586404
0.06532057004472644 0.830470995798629 0.016482963414500604 0.14820877259810725
0.06941692070616652 0.8365887816024177 0.01541263443062555 0.14013872008715325
0.05874027245103611 0.831355494950984 0.0268072647272286 0.14513626117100462
0.06037629297851327 0.8275963735534754 0.022623483418702326 0.14893389976326515
0.07065416741043247 0.8272278322399941 0.02257605331900463 0.1495427988635933
0.06708762685575893 0.8245006265202329 0.025263276616257057 0.15288904284229968
0.043986018166299046 0.8269329991892092 0.014918045007335706 0.1478148064609584
0.07275665632364074 0.8311343701628953 0.014166080683847098 0.14272780347237124
0.07693941627024596 0.8373258642293802 0.03783449186275921 0.14072741911791797
0.06172377792933874 0.8326822436795165 0.02364414522766179 0.14463155579522902
0.07431539235252002 0.8267855826638166 0.04001583625636712 0.1499943220418487
0.07031337866845123 0.8288494140193116 0.023759546322436965 0.14911971258943385
0.05653205681304588 0.8291442470700966 0.028711012977928933 0.1470833875394503
0.057984308358991904 0.8299550379597553 0.009804108816005085 0.14693388841452673
0.052608446891958344 0.8274489570280829 0.010582863206153873 0.15031826572735127
0.06869769637320232 0.8253851256725879 0.023308244875041684 0.15459492607317812
0.06085816839927774 0.8281123313923491 0.01018360087743271 0.15196773695135904
0.06788706125815623 0.8296602049089703 0.024566342023747724 0.14569948474367114
0.046463025776052824 0.8293653718581853 0.003148688512090353 0.14591828120218125
0.06718003280578091 0.8306184123240216 0.03983840388100966 0.14737522175940881
0.05717263589840685 0.8330507849929977 0.02308766665705994 0.14492828492991
7
0.07074618299811408 0.8303972875359328 0.02695282663578471 0.14997883507886814
0.050732764289192434 0.8347460750350114 0.013864720771216924 0.14471143097366188
0.049530857915174115 0.831650328001769 0.006139031481686902 0.14503776265151946
0.06288494094640261 0.8259747917741579 0.03349254975797271 0.152574935946638
0.04740892628087301 0.8284808727058304 0.011466324498468586 0.14681779516935653
0.059953222279659185 0.8275226652907791 0.013249868446535744 0.14774238498674666
0.0666353432974733 0.8279649148669566 0.018598323267120638 0.14783933071541228
0.06761427570349772 0.832829660204909 0.01702217055517229 0.1459040632324314
0.050297657973149834 0.8350409080857965 0.006787402114864921 0.14311535842140663
0.0658840752931951 0.8292179553327929 0.023509367871131868 0.14699823960869465
0.06615911195916349 0.8302498710105403 0.01372484540370814 0.14447379502007016
0.06456621408754865 0.8275963735534754 0.012862935387086705 0.147535469735601
0.07299169966464253 0.829291663595489 0.045054370742150796 0.14739777268546014
0.06194465015860548 0.8320188693152503 0.020141984524969736 0.14666010607052743
0.05549882577984916 0.8286282892312228 0.013233678433857029 0.14967815708897422
0.06846604799967318 0.8284071644431341 0.021834510473706763 0.1470852177143504
0.05234685885798879 0.8290705388074003 0.014618633989767829 0.14916593728033586
0.06004009886927106 0.8281123313923491 0.015065062434940907 0.14675690607770545
0.0677652967795039 0.8284808727058304 0.024423739902988174 0.148092680790644
0.06354788736876435 0.8246480430456254 0.01876601367019905 0.15253494068095547
0.07368402196694386 0.8287757057566153 0.03365357047286363 0.1461127960464641
0.06815687265525606 0.8261959165622467 0.0234487289549853 0.15377238444269203
0.07079643150912546 0.822141962113953 0.040805856179433005 0.1552666809978108
0.06548635450610782 0.8284071644431341 0.03449630372038039 0.14842048985933523
0.054548500430400715 0.8339352841453527 0.010352601285592962 0.14300797609287388
0.06563343997623412 0.8285545809685265 0.03285333135224802 0.14734003086690242
0.06457514952863591 0.829586496646274 0.022654231837386567 0.1491119218018203
0.0570612789186829 0.8257536669860691 0.010094301396247458 0.15070351318133454
0.06326426961034938 0.8244269182575367 0.015097671059202119 0.1532184400586404
0.06532057004472644 0.830470995798629 0.016482963414500604 0.14820877259810725
0.06941692070616652 0.8365887816024177 0.01541263443062555 0.14013872008715325
0.05874027245103611 0.831355494950984 0.0268072647272286 0.14513626117100462
0.06037629297851327 0.8275963735534754 0.022623483418702326 0.14893389976326515
0.07065416741043247 0.8272278322399941 0.02257605331900463 0.1495427988635933
0.06708762685575893 0.8245006265202329 0.025263276616257057 0.15288904284229968
0.043986018166299046 0.8269329991892092 0.014918045007335706 0.1478148064609584
0.07275665632364074 0.8311343701628953 0.014166080683847098 0.14272780347237124
0.07693941627024596 0.8373258642293802 0.03783449186275921 0.14072741911791797
0.06172377792933874 0.8326822436795165 0.02364414522766179 0.14463155579522902
0.07431539235252002 0.8267855826638166 0.04001583625636712 0.1499943220418487
0.07031337866845123 0.8288494140193116 0.023759546322436965 0.14911971258943385
0.05653205681304588 0.8291442470700966 0.028711012977928933 0.1470833875394503
0.057984308358991904 0.8299550379597553 0.009804108816005085 0.14693388841452673
0.052608446891958344 0.8274489570280829 0.010582863206153873 0.15031826572735127
0.06869769637320232 0.8253851256725879 0.023308244875041684 0.15459492607317812
0.06085816839927774 0.8281123313923491 0.01018360087743271 0.15196773695135904
0.06788706125815623 0.8296602049089703 0.024566342023747724 0.14569948474367114
0.046463025776052824 0.8293653718581853 0.003148688512090353 0.14591828120218125
0.06718003280578091 0.8306184123240216 0.03983840388100966 0.14737522175940881
0.05717263589840685 0.8330507849929977 0.02308766665705994 0.14492828492991
8
0.07074618299811408 0.8303972875359328 0.02695282663578471 0.14997883507886814
0.050732764289192434 0.8347460750350114 0.013864720771216924 0.14471143097366188
0.049530857915174115 0.831650328001769 0.006139031481686902 0.14503776265151946
0.06288494094640261 0.8259747917741579 0.03349254975797271 0.152574935946638
0.04740892628087301 0.8284808727058304 0.011466324498468586 0.14681779516935653
0.059953222279659185 0.8275226652907791 0.013249868446535744 0.14774238498674666
0.0666353432974733 0.8279649148669566 0.018598323267120638 0.14783933071541228
0.06761427570349772 0.832829660204909 0.01702217055517229 0.1459040632324314
0.050297657973149834 0.8350409080857965 0.006787402114864921 0.14311535842140663
0.0658840752931951 0.8292179553327929 0.023509367871131868 0.14699823960869465
0.06615911195916349 0.8302498710105403 0.01372484540370814 0.14447379502007016
0.06456621408754865 0.8275963735534754 0.012862935387086705 0.147535469735601
0.07299169966464253 0.829291663595489 0.045054370742150796 0.14739777268546014
0.06194465015860548 0.8320188693152503 0.020141984524969736 0.14666010607052743
0.05549882577984916 0.8286282892312228 0.013233678433857029 0.14967815708897422
0.06846604799967318 0.8284071644431341 0.021834510473706763 0.1470852177143504
0.05234685885798879 0.8290705388074003 0.014618633989767829 0.14916593728033586
0.06004009886927106 0.8281123313923491 0.015065062434940907 0.14675690607770545
0.0677652967795039 0.8284808727058304 0.024423739902988174 0.148092680790644
0.06354788736876435 0.8246480430456254 0.01876601367019905 0.15253494068095547
0.07368402196694386 0.8287757057566153 0.03365357047286363 0.1461127960464641
0.06815687265525606 0.8261959165622467 0.0234487289549853 0.15377238444269203
0.07079643150912546 0.822141962113953 0.040805856179433005 0.1552666809978108
0.06548635450610782 0.8284071644431341 0.03449630372038039 0.14842048985933523
0.054548500430400715 0.8339352841453527 0.010352601285592962 0.14300797609287388
0.06563343997623412 0.8285545809685265 0.03285333135224802 0.14734003086690242
0.06457514952863591 0.829586496646274 0.022654231837386567 0.1491119218018203
0.0570612789186829 0.8257536669860691 0.010094301396247458 0.15070351318133454
0.06326426961034938 0.8244269182575367 0.015097671059202119 0.1532184400586404
0.06532057004472644 0.830470995798629 0.016482963414500604 0.14820877259810725
0.06941692070616652 0.8365887816024177 0.01541263443062555 0.14013872008715325
0.05874027245103611 0.831355494950984 0.0268072647272286 0.14513626117100462
0.06037629297851327 0.8275963735534754 0.022623483418702326 0.14893389976326515
0.07065416741043247 0.8272278322399941 0.02257605331900463 0.1495427988635933
0.06708762685575893 0.8245006265202329 0.025263276616257057 0.15288904284229968
0.043986018166299046 0.8269329991892092 0.014918045007335706 0.1478148064609584
0.07275665632364074 0.8311343701628953 0.014166080683847098 0.14272780347237124
0.07693941627024596 0.8373258642293802 0.03783449186275921 0.14072741911791797
0.06172377792933874 0.8326822436795165 0.02364414522766179 0.14463155579522902
0.07431539235252002 0.8267855826638166 0.04001583625636712 0.1499943220418487
0.07031337866845123 0.8288494140193116 0.023759546322436965 0.14911971258943385
0.05653205681304588 0.8291442470700966 0.028711012977928933 0.1470833875394503
0.057984308358991904 0.8299550379597553 0.009804108816005085 0.14693388841452673
0.052608446891958344 0.8274489570280829 0.010582863206153873 0.15031826572735127
0.06869769637320232 0.8253851256725879 0.023308244875041684 0.15459492607317812
0.06085816839927774 0.8281123313923491 0.01018360087743271 0.15196773695135904
0.06788706125815623 0.8296602049089703 0.024566342023747724 0.14569948474367114
0.046463025776052824 0.8293653718581853 0.003148688512090353 0.14591828120218125
0.06718003280578091 0.8306184123240216 0.03983840388100966 0.14737522175940881
0.05717263589840685 0.8330507849929977 0.02308766665705994 0.14492828492991
9
0.07074618299811408 0.8303972875359328 0.02695282663578471 0.14997883507886814
0.050732764289192434 0.8347460750350114 0.013864720771216924 0.14471143097366188
0.049530857915174115 0.831650328001769 0.006139031481686902 0.14503776265151946
0.06288494094640261 0.8259747917741579 0.03349254975797271 0.152574935946638
0.04740892628087301 0.8284808727058304 0.011466324498468586 0.14681779516935653
0.059953222279659185 0.8275226652907791 0.013249868446535744 0.14774238498674666
0.0666353432974733 0.8279649148669566 0.018598323267120638 0.14783933071541228
0.06761427570349772 0.832829660204909 0.01702217055517229 0.1459040632324314
0.050297657973149834 0.8350409080857965 0.006787402114864921 0.14311535842140663
0.0658840752931951 0.8292179553327929 0.023509367871131868 0.14699823960869465
0.06615911195916349 0.8302498710105403 0.01372484540370814 0.14447379502007016
0.06456621408754865 0.8275963735534754 0.012862935387086705 0.147535469735601
0.07299169966464253 0.829291663595489 0.045054370742150796 0.14739777268546014
0.06194465015860548 0.8320188693152503 0.020141984524969736 0.14666010607052743
0.05549882577984916 0.8286282892312228 0.013233678433857029 0.14967815708897422
0.06846604799967318 0.8284071644431341 0.021834510473706763 0.1470852177143504
0.05234685885798879 0.8290705388074003 0.014618633989767829 0.14916593728033586
0.06004009886927106 0.8281123313923491 0.015065062434940907 0.14675690607770545
0.0677652967795039 0.8284808727058304 0.024423739902988174 0.148092680790644
0.06354788736876435 0.8246480430456254 0.01876601367019905 0.15253494068095547
0.07368402196694386 0.8287757057566153 0.03365357047286363 0.1461127960464641
0.06815687265525606 0.8261959165622467 0.0234487289549853 0.15377238444269203
0.07079643150912546 0.822141962113953 0.040805856179433005 0.1552666809978108
0.06548635450610782 0.8284071644431341 0.03449630372038039 0.14842048985933523
0.054548500430400715 0.8339352841453527 0.010352601285592962 0.14300797609287388
0.06563343997623412 0.8285545809685265 0.03285333135224802 0.14734003086690242
0.06457514952863591 0.829586496646274 0.022654231837386567 0.1491119218018203
0.0570612789186829 0.8257536669860691 0.010094301396247458 0.15070351318133454
0.06326426961034938 0.8244269182575367 0.015097671059202119 0.1532184400586404
0.06532057004472644 0.830470995798629 0.016482963414500604 0.14820877259810725
0.06941692070616652 0.8365887816024177 0.01541263443062555 0.14013872008715325
0.05874027245103611 0.831355494950984 0.0268072647272286 0.14513626117100462
0.06037629297851327 0.8275963735534754 0.022623483418702326 0.14893389976326515
0.07065416741043247 0.8272278322399941 0.02257605331900463 0.1495427988635933
0.06708762685575893 0.8245006265202329 0.025263276616257057 0.15288904284229968
0.043986018166299046 0.8269329991892092 0.014918045007335706 0.1478148064609584
0.07275665632364074 0.8311343701628953 0.014166080683847098 0.14272780347237124
0.07693941627024596 0.8373258642293802 0.03783449186275921 0.14072741911791797
0.06172377792933874 0.8326822436795165 0.02364414522766179 0.14463155579522902
0.07431539235252002 0.8267855826638166 0.04001583625636712 0.1499943220418487
0.07031337866845123 0.8288494140193116 0.023759546322436965 0.14911971258943385
0.05653205681304588 0.8291442470700966 0.028711012977928933 0.1470833875394503
0.057984308358991904 0.8299550379597553 0.009804108816005085 0.14693388841452673
0.052608446891958344 0.8274489570280829 0.010582863206153873 0.15031826572735127
0.06869769637320232 0.8253851256725879 0.023308244875041684 0.15459492607317812
0.06085816839927774 0.8281123313923491 0.01018360087743271 0.15196773695135904
0.06788706125815623 0.8296602049089703 0.024566342023747724 0.14569948474367114
0.046463025776052824 0.8293653718581853 0.003148688512090353 0.14591828120218125
0.06718003280578091 0.8306184123240216 0.03983840388100966 0.14737522175940881
0.05717263589840685 0.8330507849929977 0.02308766665705994 0.14492828492991
10
0.07074618299811408 0.8303972875359328 0.02695282663578471 0.14997883507886814
0.050732764289192434 0.8347460750350114 0.013864720771216924 0.14471143097366188
0.049530857915174115 0.831650328001769 0.006139031481686902 0.14503776265151946
0.06288494094640261 0.8259747917741579 0.03349254975797271 0.152574935946638
0.04740892628087301 0.8284808727058304 0.011466324498468586 0.14681779516935653
0.059953222279659185 0.8275226652907791 0.013249868446535744 0.14774238498674666
0.0666353432974733 0.8279649148669566 0.018598323267120638 0.14783933071541228
0.06761427570349772 0.832829660204909 0.01702217055517229 0.1459040632324314
0.050297657973149834 0.8350409080857965 0.006787402114864921 0.14311535842140663
0.0658840752931951 0.8292179553327929 0.023509367871131868 0.14699823960869465
0.06615911195916349 0.8302498710105403 0.01372484540370814 0.14447379502007016
0.06456621408754865 0.8275963735534754 0.012862935387086705 0.147535469735601
0.07299169966464253 0.829291663595489 0.045054370742150796 0.14739777268546014
0.06194465015860548 0.8320188693152503 0.020141984524969736 0.14666010607052743
0.05549882577984916 0.8286282892312228 0.013233678433857029 0.14967815708897422
0.06846604799967318 0.8284071644431341 0.021834510473706763 0.1470852177143504
0.05234685885798879 0.8290705388074003 0.014618633989767829 0.14916593728033586
0.06004009886927106 0.8281123313923491 0.015065062434940907 0.14675690607770545
0.0677652967795039 0.8284808727058304 0.024423739902988174 0.148092680790644
0.06354788736876435 0.8246480430456254 0.01876601367019905 0.15253494068095547
0.07368402196694386 0.8287757057566153 0.03365357047286363 0.1461127960464641
0.06815687265525606 0.8261959165622467 0.0234487289549853 0.15377238444269203
0.07079643150912546 0.822141962113953 0.040805856179433005 0.1552666809978108
0.06548635450610782 0.8284071644431341 0.03449630372038039 0.14842048985933523
0.054548500430400715 0.8339352841453527 0.010352601285592962 0.14300797609287388
0.06563343997623412 0.8285545809685265 0.03285333135224802 0.14734003086690242
0.06457514952863591 0.829586496646274 0.022654231837386567 0.1491119218018203
0.0570612789186829 0.8257536669860691 0.010094301396247458 0.15070351318133454
0.06326426961034938 0.8244269182575367 0.015097671059202119 0.1532184400586404
0.06532057004472644 0.830470995798629 0.016482963414500604 0.14820877259810725
0.06941692070616652 0.8365887816024177 0.01541263443062555 0.14013872008715325
0.05874027245103611 0.831355494950984 0.0268072647272286 0.14513626117100462
0.06037629297851327 0.8275963735534754 0.022623483418702326 0.14893389976326515
0.07065416741043247 0.8272278322399941 0.02257605331900463 0.1495427988635933
0.06708762685575893 0.8245006265202329 0.025263276616257057 0.15288904284229968
0.043986018166299046 0.8269329991892092 0.014918045007335706 0.1478148064609584
0.07275665632364074 0.8311343701628953 0.014166080683847098 0.14272780347237124
0.07693941627024596 0.8373258642293802 0.03783449186275921 0.14072741911791797
0.06172377792933874 0.8326822436795165 0.02364414522766179 0.14463155579522902
0.07431539235252002 0.8267855826638166 0.04001583625636712 0.1499943220418487
0.07031337866845123 0.8288494140193116 0.023759546322436965 0.14911971258943385
0.05653205681304588 0.8291442470700966 0.028711012977928933 0.1470833875394503
0.057984308358991904 0.8299550379597553 0.009804108816005085 0.14693388841452673
0.052608446891958344 0.8274489570280829 0.010582863206153873 0.15031826572735127
0.06869769637320232 0.8253851256725879 0.023308244875041684 0.15459492607317812
0.06085816839927774 0.8281123313923491 0.01018360087743271 0.15196773695135904
0.06788706125815623 0.8296602049089703 0.024566342023747724 0.14569948474367114
0.046463025776052824 0.8293653718581853 0.003148688512090353 0.14591828120218125
0.06718003280578091 0.8306184123240216 0.03983840388100966 0.14737522175940881
0.05717263589840685 0.8330507849929977 0.02308766665705994 0.14492828492991
15
0.07074618299811408 0.8303972875359328 0.02695282663578471 0.14997883507886814
0.050732764289192434 0.8347460750350114 0.013864720771216924 0.14471143097366188
0.049530857915174115 0.831650328001769 0.006139031481686902 0.14503776265151946
0.06288494094640261 0.8259747917741579 0.03349254975797271 0.152574935946638
0.04740892628087301 0.8284808727058304 0.011466324498468586 0.14681779516935653
0.059953222279659185 0.8275226652907791 0.013249868446535744 0.14774238498674666
0.08175197070204085 0.8312080784255915 0.03774445390866705 0.13071668804832431
0.06761427570349772 0.832829660204909 0.01702217055517229 0.1459040632324314
0.050297657973149834 0.8350409080857965 0.006787402114864921 0.14311535842140663
0.0658840752931951 0.8292179553327929 0.023509367871131868 0.14699823960869465
0.06615911195916349 0.8302498710105403 0.01372484540370814 0.14447379502007016
0.06456621408754865 0.8275963735534754 0.012862935387086705 0.147535469735601
0.07299169966464253 0.829291663595489 0.045054370742150796 0.14739777268546014
0.06194465015860548 0.8320188693152503 0.020141984524969736 0.14666010607052743
0.05549882577984916 0.8286282892312228 0.013233678433857029 0.14967815708897422
0.06846604799967318 0.8284071644431341 0.021834510473706763 0.1470852177143504
0.05234685885798879 0.8290705388074003 0.014618633989767829 0.14916593728033586
0.06004009886927106 0.8281123313923491 0.015065062434940907 0.14675690607770545
0.0677652967795039 0.8284808727058304 0.024423739902988174 0.148092680790644
0.06354788736876435 0.8246480430456254 0.01876601367019905 0.15253494068095547
0.07368402196694386 0.8287757057566153 0.03365357047286363 0.1461127960464641
0.06815687265525606 0.8261959165622467 0.0234487289549853 0.15377238444269203
0.07079643150912546 0.822141962113953 0.040805856179433005 0.1552666809978108
0.06548635450610782 0.8284071644431341 0.03449630372038039 0.14842048985933523
0.054548500430400715 0.8339352841453527 0.010352601285592962 0.14300797609287388
0.06563343997623412 0.8285545809685265 0.03285333135224802 0.14734003086690242
0.06457514952863591 0.829586496646274 0.022654231837386567 0.1491119218018203
0.0570612789186829 0.8257536669860691 0.010094301396247458 0.15070351318133454
0.06326426961034938 0.8244269182575367 0.015097671059202119 0.1532184400586404
0.06532057004472644 0.830470995798629 0.016482963414500604 0.14820877259810725
0.06941692070616652 0.8365887816024177 0.01541263443062555 0.14013872008715325
0.05874027245103611 0.831355494950984 0.0268072647272286 0.14513626117100462
0.06037629297851327 0.8275963735534754 0.022623483418702326 0.14893389976326515
0.07065416741043247 0.8272278322399941 0.02257605331900463 0.1495427988635933
0.06708762685575893 0.8245006265202329 0.025263276616257057 0.15288904284229968
0.043986018166299046 0.8269329991892092 0.014918045007335706 0.1478148064609584
0.07275665632364074 0.8311343701628953 0.014166080683847098 0.14272780347237124
0.07693941627024596 0.8373258642293802 0.03783449186275921 0.14072741911791797
0.06172377792933874 0.8326822436795165 0.02364414522766179 0.14463155579522902
0.07431539235252002 0.8267855826638166 0.04001583625636712 0.1499943220418487
0.07031337866845123 0.8288494140193116 0.023759546322436965 0.14911971258943385
0.05653205681304588 0.8291442470700966 0.028711012977928933 0.1470833875394503
0.057984308358991904 0.8299550379597553 0.009804108816005085 0.14693388841452673
0.052608446891958344 0.8274489570280829 0.010582863206153873 0.15031826572735127
0.06869769637320232 0.8253851256725879 0.023308244875041684 0.15459492607317812
0.06085816839927774 0.8281123313923491 0.01018360087743271 0.15196773695135904
0.06788706125815623 0.8296602049089703 0.024566342023747724 0.14569948474367114
0.046463025776052824 0.8293653718581853 0.003148688512090353 0.14591828120218125
0.06718003280578091 0.8306184123240216 0.03983840388100966 0.14737522175940881
0.05717263589840685 0.8330507849929977 0.02308766665705994 0.14492828492991
20
0.07614836561361976 0.8266381661384241 0.03118265624272052 0.13789638042785035
0.07665457314580823 0.8317977445271615 0.02700516029356631 0.12875367537618548
0.06518433964067763 0.8193410481314956 0.01798573263236153 0.13641517121489366
0.07720370014766159 0.8207415051227243 0.04092732497480846 0.13947051326366014
0.06320907735634504 0.8223630869020417 0.02316483528334294 0.13529974546196585
0.07658322280059895 0.8180142994029631 0.022115569988135055 0.13773876254367665
0.07249782111982664 0.8219945455885604 0.027391398714918427 0.14290681493435187
0.08534118716431477 0.8277437900788679 0.03738681386736541 0.12788186425867468
0.05678363010158005 0.8272278322399941 0.01819333680109509 0.131704639269299
0.08168605189540695 0.8255325421979804 0.03878444698673302 0.13300732737012574
0.0776233986746741 0.8261959165622467 0.023752540954397765 0.13268981102892108
0.0842451005038857 0.8233950025797891 0.03517055971950625 0.13343611780449738
0.0684281369233789 0.8226579199528267 0.029701641808373147 0.1395291143240173
0.06462485232928655 0.8273752487653866 0.02026649792883887 0.13637430020229058
0.06989391184093038 0.8193410481314956 0.026352620048675973 0.13975401615419952
0.07761469422563491 0.8245006265202329 0.023469759858893186 0.13798248216525513
0.05234685885798879 0.8290705388074003 0.014618633989767829 0.14916593728033586
0.06368158645203537 0.8208889216481168 0.011055338152107297 0.13930189202193421
0.07695631636846964 0.8197095894449767 0.029570814204245663 0.13738184521389563
0.07706912438051178 0.8192673398687993 0.01509998139743364 0.14541935906769096
0.07824588635553797 0.822436795164738 0.032969518993104685 0.1380333528864598
0.0881188072278398 0.828701997493919 0.032686958549356576 0.13207883653232536
0.09022078149845769 0.8225842116901305 0.05695054424029101 0.1357999644084238
0.07848513352547482 0.823026461266308 0.046011919752546905 0.13560912268580838
0.06925519888272963 0.8317240362644652 0.011481282524647016 0.12339305794806257
0.07495482967257089 0.8239846686813592 0.042808091201347015 0.13788741002009255
0.08778849857794979 0.8257536669860691 0.050225706536661564 0.13206995067313362
0.06615305806683308 0.8189725068180143 0.014679789924661527 0.14187309938731746
0.0762882732251858 0.8197095894449767 0.02021788593277231 0.14265824124797327
0.075024011280037 0.8232475860543967 0.02822577533070341 0.14047368553303163
0.07624652115188799 0.8299550379597553 0.029472944232490715 0.1335579282827751
0.0761848621346698 0.8322399941033389 0.04256336442784844 0.13359888700063022
0.07479069628120832 0.8255325421979804 0.017513394607365416 0.1333191195314324
0.08578644524940462 0.8273015405026903 0.02448074920470763 0.12944198466570872
0.08328632025894128 0.8202255472838506 0.02971137078953698 0.1351554625996605
0.05357055519044307 0.8244269182575367 0.008594951821350227 0.13007101510215335
0.08860534425215658 0.8249428760964104 0.025346052374197854 0.129173434754705
0.08751623163290426 0.8323874106287315 0.04250517767691345 0.12258487023815307
0.07299858960012184 0.8273752487653866 0.03291562035812864 0.12954548125353413
0.08680046103090266 0.8211100464362056 0.04177854262728926 0.1348416412578094
0.08694084127766491 0.8229527530036117 0.03706988021975402 0.13644393085910014
0.07720960046479208 0.8228053364782192 0.05377276293448491 0.13435740620183484
0.07045980157372564 0.8192673398687993 0.021312510415510223 0.14065566196349494
0.07149063546209133 0.8225842116901305 0.02048996501384079 0.13623836934199796
0.08373402274473685 0.8281860396550453 0.021982486016605837 0.13198307314385224
0.07811348456427608 0.8239846686813592 0.026374077371182955 0.13614182860209664
0.08297790272929462 0.8250165843591066 0.028351421977021958 0.13121937075454673
0.06865045110238102 0.830765828849414 0.023782420750527035 0.1281917569014184
0.09453216763147396 0.8229527530036117 0.057752827630356225 0.11961323479638303
0.07861335289801907 0.8292179553327929 0.019675468788562044 0.12634148809578874
25
0.07027601610818253 0.824795459571018 0.03013912318961493 0.1503496264377762
0.05320731546939922 0.8297339131716666 0.018488909341531856 0.14354911749662536
0.0507456179151064 0.8219945455885604 0.005525489302680389 0.14613710447287453
0.0674911877597597 0.8197095894449767 0.037025174795793925 0.15305295457353044
0.048071145596139064 0.8222156703766492 0.01319068684365153 0.14699700391454806
0.06317298628948845 0.8182354241910518 0.00981348713393184 0.14954501409102824
0.06534918813675042 0.821257462961598 0.01862483429598627 0.1513185257724458
0.06968036161652799 0.8283334561804379 0.01690318375521841 0.14314769734685856
0.0452591372678815 0.828701997493919 0.005914451013769695 0.1436398618494891
0.06410211586508077 0.823026461266308 0.025800817591074915 0.14674154125674455
0.06424496762038631 0.8243532099948404 0.009889863400957183 0.14410121058553746
0.06838939161189136 0.8216997125377755 0.02105305048256397 0.14660107994265748
0.06476746329680022 0.8228790447409154 0.034827562448500715 0.14944017460889442
0.05837260019971943 0.8256799587233729 0.014916831162280191 0.1483475635501005
0.057668682985967445 0.820372963809243 0.016018141082895 0.15197388081237015
0.06865572245083465 0.8242057934694479 0.02103226714754436 0.14747561397147668
0.0666154347619414 0.8250902926218029 0.014731105683448403 0.1426363098300475
0.056244795771438455 0.8217734208004718 0.013259964983666543 0.1488067362007979
0.06842602429789851 0.8180880076656594 0.02627776881545691 0.15040146662392484
0.06529142543915517 0.8176457580894818 0.012652969488698457 0.15514277176484617
0.0742976736586857 0.8225105034274343 0.03671161405530792 0.1478313210756243
0.0696552763223208 0.820962629910813 0.023255157293393634 0.15079586481475943
0.07254075049314165 0.8169086754625193 0.04248150502502073 0.15170524817631115
0.06419639898263657 0.821552296012383 0.03291538887431333 0.1490006088642513
0.050654603154632966 0.8303235792732365 0.003380768360004796 0.13945776217324354
0.06379691954232306 0.8232475860543967 0.027316885974114444 0.1479052953996417
0.06420493208066819 0.822436795164738 0.02324817453109263 0.1489658457803343
0.055282964780538624 0.8196358811822805 0.014666818876790309 0.1512193191129674
0.06787573394069996 0.8179405911402668 0.02057246018507465 0.15424155949189325
0.0625967890349251 0.8233950025797891 0.011198005868176104 0.14958112581919325
0.06857842280900145 0.8302498710105403 0.015233660319342843 0.14234724880152666
0.06512121854298292 0.8264170413503353 0.030699236478124663 0.14068167814611854
0.06076979189884704 0.8226579199528267 0.02178251810867575 0.14691962543962858
0.0740296849625795 0.8228790447409154 0.023539481203231814 0.14493215533364126
0.07627199380100114 0.8164664258863419 0.0388265829261983 0.15153057298628123
0.04131132787419628 0.8222156703766492 0.011155283151959697 0.14488995340304653
0.06876588329796801 0.8213311712242942 0.015866766905191648 0.1433575278317854
0.08297886611208753 0.8326822436795165 0.04186994600534827 0.13785475578447065
0.06535934296113347 0.8232475860543967 0.029521039306462903 0.1441363570275057
0.07523544888303915 0.8187513820299256 0.0451997409371741 0.15050517866494414
0.07068974652495325 0.8226579199528267 0.028453856242641195 0.14908003187901753
0.06655999263310333 0.8214785877496867 0.04451475424820881 0.14741419093670866
0.05629326034895654 0.8219945455885604 0.009341380729573356 0.14990937369795593
0.05607828183935529 0.8187513820299256 0.020252847107010752 0.1494469331763462
0.07012748183017847 0.8214785877496867 0.02374687449377657 0.15167866120594173
0.06465591746577146 0.8229527530036117 0.015578154994633928 0.1502776273932836
0.07158861185983828 0.8207415051227243 0.032254742971745465 0.14689931945133466
0.05455915374431014 0.8256799587233729 0.009977872518528788 0.14356149303421686
0.07197331672044854 0.8283334561804379 0.04216185175664712 0.141250122867206
0.058268234026168375 0.8296602049089703 0.018575088656623093 0.1418060812326436
30
0.06938686540231137 0.8250902926218029 0.025835745787300683 0.1537853442514501
0.05124369555249886 0.8280386231296528 0.015767538660061798 0.14848287235334423
0.04726543808911138 0.8236161273678779 0.005182260913279585 0.1494480664615018
0.06006992405029764 0.8211100464362056 0.030638342143305894 0.15573389368036245
0.047436942025448126 0.8234687108424854 0.010439259026511667 0.14986441755993193
0.05874254933678133 0.820962629910813 0.007260622984582299 0.15240062937790946
0.059745235997851615 0.8216997125377755 0.011952702487973702 0.15431142256633662
0.06043648314941308 0.8261222082995504 0.016745633305309558 0.1489354481363232
0.042016084474185034 0.8279649148669566 0.0038771288911279844 0.1479000974869745
0.062352408687509575 0.8242057934694479 0.024566632522755254 0.1502373872681198
0.05922615874947748 0.8245006265202329 0.011896621304240407 0.14817939228669422
0.06384486068288422 0.8211837546989017 0.012410854675539998 0.15146568481845904
0.06467416863834348 0.8231001695290042 0.0302078686309848 0.15249975122206247
0.05387918174880468 0.8263433330876391 0.009084185180101123 0.15117552571656434
0.057773582405935345 0.8220682538512567 0.018542220383605444 0.1544343163180714
0.06659045948453415 0.8250902926218029 0.02039083334252949 0.14933554393007648
0.05141513235034473 0.8258273752487654 0.01404953007275167 0.14952076890503627
0.05269261158655886 0.8219945455885604 0.01531479581447294 0.15126507708104162
0.061261893161660336 0.8202992555465468 0.019109085546385175 0.15329435659757254
0.057685851448307957 0.8179405911402668 0.015129331848764492 0.15789247260872502
0.06998977062983615 0.8240583769440555 0.033427996075135795 0.15004052419087505
0.06611951907917023 0.8211837546989017 0.020986077542472992 0.15717895305730437
0.06872281152059498 0.8161715928355568 0.03945327709296077 0.15828753625109143
0.06097032893842688 0.8217734208004718 0.028953016415654093 0.1531821709429551
0.05280624520295718 0.8282597479177416 0.007356149734737229 0.14457616083328048
0.058402830566550185 0.823910960418663 0.02102445134371438 0.15070154837644975
0.06062062745514141 0.8240583769440555 0.0194824796990235 0.15242667951140224
0.04996424686208675 0.820078130758458 0.014870443956588535 0.15459959488539998
0.0623105375741736 0.8186776737672293 0.014141310582278393 0.1572172932275499
0.05949143696867318 0.8237635438932704 0.007855179161560186 0.1526469360034772
0.06587590123891449 0.831355494950984 0.010276859728239919 0.1444111764208853
0.0552448155273495 0.8244269182575367 0.019022991508714046 0.14592807781604372
0.05458265679828522 0.821847129063168 0.028219279109195042 0.15272787881628394
0.06837633932264342 0.8216260042750793 0.021640609298290807 0.15144607061639023
0.06975623622447226 0.8190462150807105 0.03528380321362289 0.15512190271360968
0.03792562591699433 0.8217734208004718 0.01460159739620151 0.15035048244047333
0.06775574997600844 0.8222156703766492 0.009234727447789769 0.14786292865892792
0.07641001803206285 0.8302498710105403 0.03823395388569861 0.14301632723007426
0.05678971798624033 0.8261959165622467 0.020396661096305228 0.1478122333572112
0.07216482629535055 0.820078130758458 0.04048486188273652 0.15466120923171756
0.07065457195892501 0.823910960418663 0.02693907208195958 0.1524757159910493
0.056413074583701844 0.8228053364782192 0.03169332758224101 0.15118585848728902
0.05358690842741476 0.8222893786393455 0.006319741277705116 0.1528897175343745
0.0523114228738675 0.8210363381735093 0.012913296227717166 0.15342379959583496
0.06803270457279187 0.8192673398687993 0.02557214550085029 0.15708367567078066
0.059178295321073576 0.8240583769440555 0.011597943312936353 0.15456055279337685
0.06900205102146025 0.8228053364782192 0.029934190780367926 0.14971016078978927
0.048262511637235356 0.8259010835114616 0.0046984450675422035 0.14784733577681305
0.06650352440484106 0.8243532099948404 0.04001322212051918 0.148656695891584
0.055979138486297736 0.8269329991892092 0.02396471529895195 0.147936725903436
35
0.0696882615091787 0.8260485000368541 0.026323236972635715 0.15406496052478777
0.04996001407504558 0.8298813296970591 0.01611278507473647 0.1488308909792723
0.04503707888861955 0.8250902926218029 0.0037215669112721853 0.14958016807037017
0.06005160430227144 0.8219208373258642 0.03056488527785142 0.156196900871984
0.04684842917314558 0.8242795017321441 0.010813260527792558 0.15058055977718537
0.05849490258203577 0.8219208373258642 0.008974289882079229 0.1526422807506436
0.05873495844439014 0.8225842116901305 0.011269542890143924 0.15444600265094205
0.06198848791365262 0.8269329991892092 0.01630802531934446 0.15079516955831035
0.04478744880736624 0.8289231222820078 0.002694106984391445 0.14855042353177378
0.062220057015112934 0.8248691678337141 0.02217314215191637 0.15044756158477657
0.06038248424231418 0.8262696248249429 0.012962633998903458 0.1483987734079287
0.06285656664986508 0.8225105034274343 0.013981734243602714 0.1521419507086394
0.06336972104617515 0.8243532099948404 0.027667152441497412 0.15293843630088194
0.054607478566356366 0.8267855826638166 0.009279114186404962 0.1518758248863849
0.057153623204187265 0.8226579199528267 0.019258498485272803 0.15509364158093758
0.06438636029136184 0.8247217513083217 0.020062468369891548 0.15061841748913718
0.05181623515670625 0.8214048794869905 0.016769120447623673 0.1535490204962261
0.0541210550475093 0.822436795164738 0.014739359830169465 0.1519818836716185
0.06235866900416752 0.8226579199528267 0.018509632080010115 0.1530747317007136
0.056362535880972675 0.8186039655045331 0.014894772579492104 0.15853503689502496
0.0686197607633337 0.823910960418663 0.03179766053971441 0.15131387342921285
0.06654223729558677 0.8214785877496867 0.02223363632557928 0.15811752402376972
0.06908131273715049 0.8180142994029631 0.039843397001566354 0.15897787170132424
0.06150044891582497 0.8229527530036117 0.029402460131463866 0.1534668148569249
0.05367834442686206 0.8303235792732365 0.01011792195838826 0.14578240996278047
0.059157332538685076 0.8251640008844991 0.021739742573110427 0.15083850904149945
0.06153110864555775 0.8249428760964104 0.023981989950830788 0.153227396463852
0.05087067663895892 0.821847129063168 0.012725011798622683 0.15450779855084068
0.06016525297306842 0.8192673398687993 0.01291958514156007 0.15776026477951471
0.06016384436845068 0.8245743347829292 0.00786322863190549 0.15335158317864048
0.06520910619350014 0.8320925775779465 0.009800651939729864 0.1449499793523148
0.05275290890518847 0.8271541239772978 0.01708915172771381 0.14749830380533688
0.05232800004933605 0.8233950025797891 0.02942317278651259 0.15301397521480078
0.06668966898431342 0.8223630869020417 0.018689624242112873 0.15304947537192365
0.06772182610841013 0.8200044224957618 0.032347857981719574 0.15647004423099634
0.03907686614281117 0.8237635438932704 0.015557337559658949 0.15105622152020068
0.06905604782672053 0.8238372521559667 0.012218150367213854 0.1485777893402505
0.07378757315086744 0.8315766197390727 0.039734231301418836 0.1446397826016442
0.0565845809523179 0.8283334561804379 0.019286091068577624 0.14820251238319035
0.06965704788003717 0.8214785877496867 0.03699030656397945 0.15518199503337785
0.07040946311590554 0.8246480430456254 0.025112860629168926 0.15308323524609882
0.05283441710331027 0.8247217513083217 0.02763762268974823 0.1514734933866697
0.05315438476451137 0.8234687108424854 0.01002974305729962 0.15305059032938564
0.051156820216183424 0.8228053364782192 0.011913861431776439 0.15431098114925249
0.06535260889395567 0.8214048794869905 0.021215003348766717 0.1577153048910635
0.056134495030065026 0.8246480430456254 0.012622604468204825 0.15581733739697912
0.06720400114886661 0.8237635438932704 0.030013830583905353 0.15032074996687994
0.04617230380897272 0.8265644578757279 0.0041519876355947255 0.14897239297104894
0.06490308761663434 0.8271541239772978 0.036142950629523704 0.14987112314541612
0.057369344734738925 0.8281123313923491 0.02129903148035743 0.1498524101249443
40
0.06562235720819096 0.8225842116901305 0.02416719822214235 0.15767898578756254
0.04763883113144174 0.8306921205867178 0.018434920621464145 0.1490362139016606
0.04728824462792422 0.8261222082995504 0.005224980669391012 0.1493014185314413
0.08117445035237927 0.8194147563941918 0.0428851916673339 0.1279714832716024
0.07538075674580408 0.821552296012383 0.03794143165769739 0.12454708018894714
0.0818454269279558 0.8225105034274343 0.031801653767857964 0.13437921666424726
0.06993378218174998 0.8241320852067516 0.02556122958213023 0.144479196304637
0.06132830043366222 0.8282597479177416 0.015523041486076566 0.15089107391260445
0.04453343191502046 0.8294390801208815 0.0035618172032827987 0.14867888442785668
0.07923781698338467 0.829586496646274 0.040525957521245326 0.13453211800737988
0.08038258959413302 0.8264907496130316 0.025798186247512907 0.12773648085764602
0.06191938509493841 0.8228053364782192 0.014033880271401167 0.15247447318879181
0.08822086433912801 0.819193631606103 0.049941106611212926 0.1276488469591703
0.08028363707255678 0.8248691678337141 0.039890996343015836 0.12271648366355876
0.05438141102423939 0.8236898356305742 0.017253427228218363 0.15486786577304343
0.07642462382905663 0.8275226652907791 0.021843550766770373 0.1382438944308566
0.04850500925795981 0.8238372521559667 0.018810667551012055 0.15335513429742204
0.06331423719877338 0.8237635438932704 0.01227484732876695 0.13894959605849647
0.06183993024641839 0.823026461266308 0.019108593787583478 0.15319757723366462
0.08777958509215567 0.820078130758458 0.022654521843666016 0.12982369642796623
0.0793166224456161 0.8253851256725879 0.03300341755822745 0.13734491002308746
0.0655273791615194 0.821552296012383 0.022064833633485173 0.15864116245882323
0.09636902337123784 0.8213311712242942 0.06170086788666791 0.1281540321581076
0.07487801079565895 0.8239846686813592 0.046914458704634975 0.12793296704748264
0.05294719646626733 0.831355494950984 0.008643872549193285 0.14592080991176776
0.07151282542984816 0.8270067074519054 0.03529993842356452 0.1367330770050872
0.0623277335541567 0.8253851256725879 0.02513887144601165 0.15350314942069568
0.08178066577857299 0.8155082184712906 0.028159632166889666 0.1261165140559684
0.055433653417760284 0.8158030515220757 0.009834531776833438 0.1616276050707487
0.0820265611909961 0.8202992555465468 0.03434754905931065 0.12881315876675406
0.07981278446801829 0.8323137023660352 0.030458984874140983 0.13253455869322184
0.053881897238254234 0.8280386231296528 0.017669238963875407 0.1479971340537604
0.08880415620845533 0.8286282892312228 0.023301400704861766 0.12345111450843144
0.06673742419031116 0.823026461266308 0.01795939373100983 0.15319757723366462
0.06594204110618385 0.8201518390211543 0.02832655316207238 0.15721921811935763
0.03727243239130748 0.8235424191051817 0.01701977613994561 0.15186387850033378
0.06854120682852968 0.8242057934694479 0.01140019392171435 0.1487044343494767
0.07333256301108217 0.8321662858406428 0.03605862183876989 0.14540710039523355
0.05597468784694401 0.828701997493919 0.017917859123046553 0.14856413184308995
0.0693733926469308 0.822436795164738 0.0360412071980801 0.15522897748037104
0.06981300933550791 0.8254588339352842 0.02410341050741533 0.15311383886242624
0.0526104638045336 0.8250165843591066 0.027609194971577142 0.1519850956396856
0.07717623446231042 0.8240583769440555 0.03711690135753342 0.13430906502419737
0.05050015605722882 0.8236161273678779 0.009918992439496677 0.15416135938951872
0.06645843646412995 0.8222156703766492 0.02076976917835853 0.15798775363205997
0.05527242606454778 0.8249428760964104 0.012691652765123851 0.15589768882499283
0.08887261021018367 0.8241320852067516 0.03452149549974141 0.12531081547780243
0.04344323942688563 0.8225105034274343 0.0063246790040125955 0.15318474633138737
0.06462510178891837 0.8275226652907791 0.035708994460524036 0.1505964493473307
0.05865987667694056 0.8286282892312228 0.018975562555253758 0.15010124450755222
45
0.06541840668424273 0.8223630869020417 0.024454783114238467 0.15836310057073152
0.07356063998805754 0.8293653718581853 0.02219609634927821 0.13182053190926382
0.05560630604361699 0.8228790447409154 0.01191403146066071 0.14089601254371645
0.05703145037224404 0.8190462150807105 0.029473978300219708 0.15986060486398443
0.04356949376050648 0.8208889216481168 0.006767349534649081 0.15494803778419977
0.06695402951368712 0.8208889216481168 0.011991693871721387 0.1462320131178967
0.05679068886777888 0.819193631606103 0.013454104088081266 0.1583379890406264
0.061341554333152 0.8285545809685265 0.01655741828515275 0.15109236660301764
0.040835773408034765 0.8259010835114616 0.006341793386958873 0.15241775265430424
0.05967538154999619 0.8220682538512567 0.021901668071267665 0.15388275632855622
0.056358982215720166 0.8222893786393455 0.012636371740910566 0.1534417398623676
0.06144606831709053 0.8191199233434068 0.014201114779554349 0.15670146619395667
0.06717933060103942 0.8255325421979804 0.03576901209079003 0.14569886061745668
0.056586575220276436 0.8265644578757279 0.010112821890793329 0.14616382293425162
0.06796025981662565 0.8231738777917005 0.02455721167969596 0.14173953511792184
0.05918850521759764 0.8217734208004718 0.010917232584338254 0.1548999978694732
0.048105988926665205 0.8242057934694479 0.01778821568497503 0.15365831008027922
0.04967433023136428 0.8193410481314956 0.019937882262933977 0.15588914928689654
0.07647985143668659 0.8228053364782192 0.030413112395587125 0.13948515674930262
0.06869314246739605 0.8201518390211543 0.012957161071436598 0.15049758033150643
0.06707499416786832 0.821257462961598 0.03305554139794313 0.15519420977527013
0.06281220320698243 0.8163927176236456 0.021695047674340568 0.1639541321068069
0.06519192547997905 0.8141814697427582 0.03752568208257814 0.16260060310790278
0.05522118612167763 0.8175720498267856 0.023142577132809435 0.15998782761318844
0.06504342690798029 0.8305447040613253 0.007147733161817091 0.12552841543277585
0.05250339495996176 0.8213311712242942 0.013020609791682073 0.15541498239247928
0.06153124704460371 0.821552296012383 0.02999908856471629 0.15778734223133992
0.055403053395454316 0.821847129063168 0.012322601694798069 0.14797942972864028
0.055098504202862025 0.8155819267339869 0.012588075991368256 0.16256612205383758
0.06487596079454677 0.823910960418663 0.013522622145521933 0.147262308724916
0.0604001753218814 0.8282597479177416 0.011612256401753892 0.14949999210831064
0.07353021762577486 0.8321662858406428 0.0410021173483689 0.13594569539682297
0.04921216520875751 0.8196358811822805 0.032640591360278824 0.15757583309160197
0.06047700239891679 0.8181617159283555 0.010730183955004628 0.1577577426440617
0.07912504956599192 0.821847129063168 0.032568164817975 0.14363627184539082
0.048680957992226354 0.8258273752487654 0.012863936316009267 0.1380802387356249
0.08131257797255365 0.8261222082995504 0.021653402080182335 0.13426737884663514
0.07229434665435562 0.832534827154124 0.034567569612967024 0.14570375144557252
0.050824499021107444 0.8253114174098917 0.011647617012134091 0.1520690878689479
0.06718828117416131 0.8177194663521781 0.03492889087338589 0.16000005402500286
0.06827129474906064 0.8232475860543967 0.02699260349524669 0.1557484929475092
0.051711722231953444 0.8216997125377755 0.028865078679161243 0.1556594918342378
0.06284351693465617 0.823910960418663 0.01739236969710759 0.14479552805215312
0.049528386957149034 0.8190462150807105 0.011079768052917032 0.15838731291754585
0.08096363646819987 0.8252377091471954 0.02631221195556622 0.13682984751221877
0.06802030924039759 0.8245743347829292 0.016246973486848042 0.1457581242978971
0.06208105032919446 0.819193631606103 0.024613437559934524 0.1555675411532336
0.04296812854283519 0.8219945455885604 0.0032086505764576806 0.15439754768706462
0.0643953213263242 0.8273015405026903 0.0339549846569729 0.1515191381674077
0.07453621863900423 0.8275963735534754 0.014558407154548342 0.12829794948911255
50
0.06484674739152567 0.8219208373258642 0.022959602781286018 0.15912344739269924
0.04428894362517727 0.8270067074519054 0.015651336825231444 0.15361498376557323
0.05041902115226296 0.8237635438932704 0.0052622991260517366 0.14626161453774367
0.05685562493516355 0.8194147563941918 0.02909749860622844 0.15985829012877203
0.04221986373688488 0.820962629910813 0.004622494280425812 0.1555989521730108
0.05463554029246537 0.8195621729195843 0.007087968191970329 0.15643213003900305
0.057429023888654215 0.8189725068180143 0.012153866365839355 0.15914917761946393
0.0714431750253548 0.8284071644431341 0.01745624270169715 0.14116553859592726
0.041013407287393194 0.8250902926218029 0.007627065705685495 0.1536030997535386
0.05995846958102338 0.821847129063168 0.02272683707035768 0.15438520021216698
0.05524685091806966 0.8219945455885604 0.012299965391284359 0.15427498440988363
0.06154578468539351 0.8190462150807105 0.01345192357591463 0.15715697255536631
0.06112822600533149 0.8194884646568881 0.029743279985812915 0.158300602038239
0.04840692126563993 0.8234687108424854 0.0059373902704432276 0.15591684833111102
0.05631946410552374 0.8214785877496867 0.013971614282557894 0.15075373757901858
0.06065624806791951 0.821552296012383 0.013711714887612397 0.15564757175918215
0.048548877047955796 0.8243532099948404 0.018044140383927057 0.15360869858537268
0.05086928822361206 0.8189725068180143 0.01411088631656357 0.15662687201754824
0.06653776392509114 0.8202992555465468 0.023422720889305755 0.14902478986452355
0.06505778716722979 0.8169086754625193 0.01316634432052374 0.15488271209788093
0.06613586670265874 0.8211837546989017 0.03178479438251525 0.15558670254330545
0.06337962355392772 0.8160978845728606 0.025007324671661845 0.1648534735315575
0.06495490434433465 0.814402594530847 0.036567501625530616 0.16296070886321262
0.05426081847300433 0.8166875506744306 0.021935743541869133 0.16145478763112803
0.050033992799058014 0.8279649148669566 0.008018523101189515 0.14947797640602103
0.051846338570746 0.8211100464362056 0.012988249295040912 0.15604040612361522
0.0606777862611267 0.8211100464362056 0.028588675032729136 0.1584260887282265
0.053704175483419325 0.8193410481314956 0.014564605477452183 0.15156109364585574
0.056834117441737095 0.8154345102085944 0.013769993856556913 0.16335615185680621
0.053816259916956224 0.8196358811822805 0.007260628143036341 0.15910955735908772
0.0598849327284937 0.8281123313923491 0.01215393963365698 0.14979186204622155
0.04970251753760907 0.8244269182575367 0.020115407265759368 0.15151024775231237
0.04809263368963937 0.8195621729195843 0.033425337556417425 0.15803034426958845
0.059979178185966125 0.8183828407164443 0.009831816062936476 0.15799282376588922
0.07401591166063026 0.8201518390211543 0.03809880725340513 0.15142641526842737
0.03720931351338205 0.820372963809243 0.007280729628267327 0.1559790159446207
0.07230334922107418 0.8239846686813592 0.015312146120086897 0.142979279654172
0.0844153320216702 0.8335667428318715 0.04208119048774599 0.13416553635026868
0.0490168034026173 0.8246480430456254 0.008775423351227565 0.1532050128497101
0.06616176278237346 0.8177194663521781 0.03506973381520846 0.16036930181638817
0.06888043808808869 0.8233950025797891 0.02809709842674207 0.1560636227995301
0.050168512355410255 0.821847129063168 0.02572524075336142 0.15609944546037896
0.055679279279279265 0.8217734208004718 0.007608775514693973 0.14917753469183398
0.047905980672459436 0.8185302572418368 0.008616620221619024 0.15935915780263324
0.06387075482674247 0.8175720498267856 0.021795685031977683 0.16305974864801986
0.05349517031011691 0.820078130758458 0.011020216374107931 0.1614639979773563
0.0629298583800981 0.8190462150807105 0.027331361997863606 0.15604769606166272
0.04246699903649789 0.8217734208004718 0.002462324674368535 0.15496126509768482
0.07940347610614515 0.8242057934694479 0.04682588012112092 0.13370373721855552
0.055958839517995074 0.8240583769440555 0.028921592271670026 0.1549256202594317