0.0913756395631205 0.8239846686813592 0.08796143042052593
0.09924805070402963 0.8229527530036117 0.07513305999057616
0.09995265392280854 0.8253851256725879 0.0688144307025659
0.1009789129395709 0.824795459571018 0.06324595335208213
0.10815466637726127 0.8267118744011204 0.08324184173025238
0.11126833008591168 0.8228053364782192 0.0621206795344733
0.1087038826736678 0.8228053364782192 0.04766377068354966
0.10063369915673202 0.8204466720719392 0.08862133341756553
0.10709690224837451 0.8242795017321441 0.05963020347717197
0.10737261310889466 0.8182354241910518 0.06192750631222107
0.0955728682542443 0.8189725068180143 0.07687483296910447
0.09997002313783544 0.8189725068180143 0.08854261193502988
0.10334145415323145 0.8177931746148743 0.07009524910501866
0.1009231551328272 0.8265644578757279 0.07004562954034622
0.1098569349562687 0.8177931746148743 0.05210255670425987
0.10147458514091894 0.8166875506744306 0.07436224921561582
0.10958744524213998 0.8204466720719392 0.07786349894750963
0.10041417495078868 0.8177931746148743 0.07793172871810265
0.1035367889480498 0.8247217513083217 0.061700948616228775
0.10652257071375468 0.8158767597847719 0.0516847649400915
0.09982497683516936 0.8216260042750793 0.08684380915184314
0.11757120568562696 0.8245006265202329 0.050790029355194034
0.11288107334951507 0.822141962113953 0.05540468795903293
0.10434819418020634 0.8263433330876391 0.07398356155122371
0.11665549780504915 0.824795459571018 0.04629414443237115
0.09887055474270756 0.8211837546989017 0.07438785446280392
0.10968354549869312 0.8247217513083217 0.057974756011588996
0.10892948520880233 0.8191199233434068 0.06326474816641531
0.10213751417422809 0.8181617159283555 0.0687901731907348
0.09674794470283724 0.8237635438932704 0.057149758633782716
0.0991693607898544 0.8251640008844991 0.06083853741780096
0.10378497934836445 0.8228790447409154 0.08789266176005485
0.10757454312677633 0.8172035085133044 0.0701495338145623
0.10577134413448408 0.818309132453748 0.07654773584546096
0.10164486284020113 0.8201518390211543 0.07661643469930035
0.12557455589598185 0.8202255472838506 0.04006072729081174
0.09809349568665195 0.8202255472838506 0.07831721990603868
0.09800199340000336 0.8250165843591066 0.06477120576040726
0.10416240043576046 0.8243532099948404 0.07634388115180571
0.11860250335492388 0.8228790447409154 0.049276373260880184
0.10372699241576526 0.8150659688951132 0.07262907011698055
0.10209375293313132 0.820667796860028 0.07092110564856294
0.09211743188894607 0.8173509250386969 0.07758509719340825
0.11161850432240555 0.8235424191051817 0.0595506864985494
0.10370743613705356 0.8184565489791406 0.07715827952042828
0.12172230332176581 0.819193631606103 0.05237193862026789
0.11346122021964969 0.823026461266308 0.07321125076465598
0.11222865956441089 0.8269329991892092 0.062038964350397074
0.12132596693890205 0.8210363381735093 0.053197159139289296
0.11653068449080049 0.8227316282155229 0.06902093004703813
