0.43201607501674477 0.6796326310102647 0.4405409731113957
0.4535738142952572 0.6564019448946515 0.4678787170544029
0.4412740544127406 0.655861696380335 0.44222904065579083
0.472763954270343 0.6580226904376013 0.4832000087187759
0.4493041749502982 0.6612641815235009 0.46092057984942003
0.48058902275769744 0.6693679092382496 0.49064960895422005
0.44313725490196076 0.6455969746083198 0.45216074524660055
0.43200000000000005 0.6666666666666666 0.43594131029097616
0.42056690837178645 0.6385737439222042 0.42840276930052495
0.4442970822281167 0.6682874122096164 0.4569345105941086
0.4373744139316812 0.6493787142085359 0.4454161716528063
0.4218230206254159 0.6650459211237169 0.43202732626954476
0.43198407431984076 0.6564019448946515 0.4381372466007634
0.43882978723404253 0.6520799567801189 0.4394468562940433
0.47740667976424367 0.6574824419232848 0.4859917574289783
0.4764150943396226 0.6672069151809833 0.4844540438599845
0.45079787234042556 0.6655861696380335 0.4598087617750539
0.44250168123739075 0.6569421934089681 0.4503880607841004
0.4746328437917223 0.6682874122096164 0.4834976597558425
0.44119601328903657 0.6742301458670988 0.4489483910010723
0.4448160535117057 0.6639654240950837 0.4477768388790026
0.43452380952380953 0.6618044300378174 0.44142224948516845
0.44042838018741637 0.6520799567801189 0.44586091259623956
0.45146276595744683 0.6493787142085359 0.4551971801827148
0.42529488859764086 0.6634251755807672 0.42941419106463063
0.44243641231593034 0.6612641815235009 0.4517694597431731
0.4262508122157245 0.6753106428957321 0.4339983754695908
0.42191601049868765 0.6596434359805511 0.4227853289886123
0.45074224021592446 0.6547811993517018 0.45661753976360714
0.4591904445919045 0.6445164775796867 0.4661713286713287
0.44866666666666666 0.6693679092382496 0.4523854411963489
0.4828496042216359 0.6537007023230686 0.49393533943734647
0.4172709294660514 0.6504592112371691 0.4198726976212085
0.4626075446724024 0.6731496488384657 0.47274859023217225
0.4568561872909699 0.6601836844948676 0.4647252360859956
0.4498991257565568 0.6407347379794706 0.4557697395363334
0.43507362784471215 0.6574824419232848 0.4399834971658176
0.4434840425531915 0.6607239330091842 0.4491306987868199
0.4668470906630582 0.6661264181523501 0.4731147895704858
0.43643397424793584 0.6747703943814155 0.4409746846864224
0.4451303155006858 0.6569421934089681 0.45223549642501587
0.4149432955303536 0.6612641815235009 0.42151962165497414
0.43120473996050035 0.6601836844948676 0.44015197896157565
0.43234323432343236 0.6601836844948676 0.441080330860503
0.4498991257565568 0.6774716369529984 0.45930570068501103
0.4460093896713615 0.6526202052944354 0.4528639983847533
0.4409395973154362 0.6542409508373852 0.4465123327608354
0.4437791084497671 0.655861696380335 0.44887636665295877
0.419364845249801 0.6645056726094003 0.42579909341047395
0.42857169195597267 0.6763911399243652 0.4303092266443693
