0.29931600547195625 0.72 0.35615384615384615
0.2608965089857468 0.76 0.30957470485499455
0.2549058084772371 0.7533333333333333 0.32464659292489484
0.2321428571428571 0.73 0.19747147736739531
0.25307797537619703 0.7433333333333333 0.26688599968289206
0.31593611622468776 0.7233333333333334 0.36679742314070674
0.21785881252921924 0.72 0.2580522526464142
0.19361063464837047 0.74 0.20385664566479111
0.20384878279615115 0.75 0.21980629492527953
0.1740196078431372 0.7533333333333333 0.2227397356264354
0.3105022831050228 0.6966666666666667 0.37977135298563874
0.3047462406015038 0.7833333333333333 0.32843137254901955
0.17063492063492058 0.73 0.19786324786324788
0.2560386473429952 0.7566666666666667 0.325920588599241
0.2516722408026756 0.7933333333333333 0.2788732270439587
0.3018560386981439 0.7366666666666667 0.357228959672706
0.23606346483704965 0.7433333333333333 0.31693469508703687
0.21758135016998548 0.7166666666666667 0.23028366505482328
0.24043410158872236 0.73 0.24883079459738497
0.3107617294392756 0.7366666666666667 0.345876674001674
0.23453747967078997 0.7433333333333333 0.2859400749153057
0.2582236842105263 0.7533333333333333 0.3591173605414274
0.15900108826393256 0.74 0.10508045413705791
0.09599501324606508 0.7566666666666667 0.061617448369040706
0.15280100334448166 0.7633333333333333 0.14666875522138678
0.23609163160355306 0.68 0.303534170026464
0.1878306878306878 0.7233333333333334 0.19703572548368659
0.21822849807445444 0.7166666666666667 0.2350589489527154
0.10622710622710618 0.7333333333333333 0.1231676410885974
0.32539682539682535 0.7366666666666667 0.35025618947111736
0.06420445691132937 0.7466666666666667 0.04854204476709012
0.06992356951043166 0.73 0.032213680039767045
0.2749999999999999 0.7166666666666667 0.31962726313707795
0.13885958580867253 0.7533333333333333 0.14053637863607873
0.267745886362426 0.7533333333333333 0.264791510978257
0.23544973544973546 0.7166666666666667 0.27921537204625435
0.12303485987696516 0.7266666666666667 0.09552964728123964
0.24823390894819464 0.73 0.31590975345660505
0.2637221269296741 0.7833333333333333 0.2501824932407711
0.29159698996655514 0.75 0.31100680955255255
0.22429356357927788 0.78 0.23402777777777775
0.12843817268596036 0.7266666666666667 0.12830412559328225
0.33359497645211933 0.7333333333333333 0.38660429616424546
0.24082156611039796 0.7366666666666667 0.23205675035075338
0.2763321558286481 0.71 0.3190582363476032
0.205526963526516 0.7433333333333333 0.23630912908930146
0.2621588937378412 0.7233333333333334 0.3222287185900138
0.136896342695494 0.7333333333333333 0.11947631464580621
0.12353678929765888 0.71 0.143134085530764
0.20980834814352278 0.7033333333333334 0.2508999844997288
