0.06690533706560493 0.8371784477039876 0.01828258966671658
0.058668370955645824 0.8340827006707452 0.03206031914148115
0.051472531795745 0.833419326306479 0.04123697360232052
0.0773922831924037 0.8364413650770252 0.043880400784686496
0.05652898499822932 0.8321662858406428 0.011308814971308732
0.059788970413737486 0.8333456180437827 0.04252983548663385
0.06179343730462228 0.8341564089334415 0.03067326814717892
0.06731731671222693 0.8314292032136803 0.02531610147239369
0.06911457096057534 0.8353357411365814 0.018021569702027236
0.07633371412671158 0.8334930345691752 0.022042123846695967
0.06223917612734928 0.830765828849414 0.03356694839215242
0.07499517544794868 0.8303972875359328 0.032310094881620656
0.07120279089898957 0.8327559519422127 0.02181621657951008
0.07386550456930323 0.8397582368983563 0.027833933289465877
0.05977524664067775 0.8306921205867178 0.03130082219631683
0.07173004437835019 0.830470995798629 0.0129432589510565
0.0646766957458656 0.8318714527898577 0.04210041722297303
0.0574263308603232 0.8268592909265129 0.03913307701905837
0.07030062085038843 0.830176162747844 0.022681504235308375
0.06625743855027862 0.8262696248249429 0.040424586597057784
0.06851527511958747 0.8343775337215302 0.024728255618291277
0.07045696770132756 0.8356305741873664 0.02003800754762288
0.07731446774672357 0.8317977445271615 0.024513643261203637
0.07138915058788935 0.8376206972801651 0.02787197971080651
0.06567013807168189 0.8354831576619739 0.03495293819274557
0.05649595065087119 0.8298076214343628 0.030883565322898227
0.07817396298748179 0.8371047394412914 0.025312473920192445
0.06525086671166383 0.8306921205867178 0.014857595982984327
0.07110913988969654 0.832534827154124 0.018598851283051877
0.07556562701715352 0.8358516989754552 0.022749880276985355
0.07126065994122874 0.8387263212206089 0.024514719455449727
0.07123526344887723 0.8388737377460014 0.018545455566111188
0.06101845431967812 0.8323874106287315 0.030165641879006156
0.07091103871790742 0.8326085354168202 0.03216068257414115
0.07183428077632206 0.8329770767303014 0.027712167156679755
0.051346694936084236 0.8311343701628953 0.04223452026850852
0.07922589026440471 0.8356305741873664 0.027490050390958507
0.07258498024969547 0.8352620328738851 0.02149351592673419
0.05275306083259944 0.8379155303309501 0.03142834570396722
0.07378262730190734 0.8303972875359328 0.019624854864694317
0.06971438697632752 0.827817498341564 0.03108516794575759
0.07036909089467429 0.8290705388074003 0.028810649567028734
0.06472642262515681 0.8329033684676053 0.014711951525084515
0.04440734506903324 0.8284071644431341 0.05149838645403272
0.07007439573647888 0.8334930345691752 0.03077958333857162
0.06202965306873762 0.8273752487653866 0.03584213870821024
0.058766183553532775 0.8322399941033389 0.04610831795715886
0.054962442389756255 0.8362202402889364 0.033589142645711445
0.06341030792168612 0.831060661900199 0.014028109745176445
0.05578065462807377 0.8323137023660352 0.046772513168578306
