0.3494901705725615 0.6785521339816315 0.33766200563386695
0.4035656401944894 0.6574824419232848 0.4083048017997471
0.35245653797548504 0.6607239330091842 0.3388726380260036
0.4210269372199781 0.655861696380335 0.42757292306456396
0.36710536532339466 0.6574824419232848 0.37399992108573277
0.4303794964313409 0.6655861696380335 0.4333439839763366
0.3699697576685912 0.6461372231226364 0.36429671055240637
0.37826503714354187 0.662344678552134 0.37557789942262687
0.3649246537639521 0.624527282549973 0.37014852567842876
0.39125490516462114 0.6515397082658023 0.39928716697693806
0.3891037881915772 0.6369529983792545 0.39434391417850984
0.3178657973690283 0.6607239330091842 0.3145404690991529
0.33631215234199474 0.6693679092382496 0.32303164344435026
0.4461971867304445 0.6299297676931388 0.4469393002414708
0.39599918109591414 0.6542409508373852 0.39514938862307286
0.4232027123948622 0.6515397082658023 0.42832413442739703
0.32947833265209614 0.6753106428957321 0.32030846736244983
0.3121017121017121 0.655861696380335 0.3042251201614618
0.4167210187126329 0.6699081577525662 0.4139859964911877
0.328872833262954 0.6634251755807672 0.321808915789568
0.3976347452343366 0.6455969746083198 0.3985430761472886
0.38319000363665856 0.6596434359805511 0.3805152887390427
0.3756863417982156 0.6553214478660183 0.3752557813293014
0.3835088125265147 0.6369529983792545 0.38187120388841994
0.30966578747884244 0.6666666666666666 0.2902636121474623
0.3893139334180329 0.6499189627228525 0.39046165430505125
0.3659787924493807 0.6666666666666666 0.3658492372645676
0.43423137876386686 0.637493246893571 0.438692652768877
0.3988610031027846 0.6434359805510534 0.4008934139333437
0.42188674775730484 0.6445164775796867 0.4271355526373573
0.42439357968620983 0.662344678552134 0.4251256974104185
0.42825057096247965 0.6655861696380335 0.4238078264886956
0.36653016472701816 0.6364127498649379 0.3636886802476126
0.31363237414582157 0.6704484062668827 0.30203483944154796
0.4209745029519748 0.6607239330091842 0.42449162067135615
0.38872871311996526 0.6445164775796867 0.38823767294762046
0.3476449438918304 0.6569421934089681 0.3388313467276227
0.39565962366739404 0.6580226904376013 0.39083013816491696
0.2829183009909165 0.6796326310102647 0.2535256542828691
0.356710947166904 0.6645056726094003 0.3524182397738857
0.3821559485363599 0.6504592112371691 0.3864794698437564
0.31442463533225284 0.6607239330091842 0.30301264155424623
0.3517063468881608 0.6580226904376013 0.3449159530877025
0.3376392276607161 0.6547811993517018 0.3325212413204297
0.4097769974581379 0.6693679092382496 0.4146060394396401
0.3266240402505175 0.6601836844948676 0.3133793384512893
0.38523350031940296 0.6553214478660183 0.3820385926239845
0.3479622280573059 0.6542409508373852 0.33190189430295
0.36569156180203743 0.6569421934089681 0.3632058209592188
0.37979779813213776 0.6661264181523501 0.37521249346162977
