0.13677234917510772 0.5661804430037818 0.17265251158483663
0.11864406779661019 0.5672609400324149 0.13819444444444445
0.1395657474421691 0.5402485143165856 0.16985822259705757
0.18956043956043955 0.5661804430037818 0.2247566515249838
0.13337518747166133 0.5753646677471637 0.18109548001276704
0.16053007548400888 0.5667206915180983 0.20337059256802864
0.14641744548286606 0.5542949756888168 0.1677142857142857
0.14784615384615385 0.5472717450027013 0.17630450028861883
0.17964071856287422 0.5542949756888168 0.20395545314900154
0.157148270448763 0.5705024311183144 0.18856077427729623
0.1927374301675978 0.5596974608319827 0.22624113475177304
0.1637931034482759 0.5575364667747164 0.18835227272727273
0.17441860465116277 0.55537547271745 0.21145568921752567
0.11705576675455265 0.546191247974068 0.1441806034719323
0.1635802469135802 0.5548352242031335 0.19117587939698494
0.155489618602055 0.5602377093462994 0.18615324555190416
0.16914357103439814 0.5569962182603998 0.1970630661304819
0.1923076923076923 0.5542949756888168 0.2191434133679429
0.17563739376770537 0.5629389519178822 0.21524305555555556
0.09915887312042715 0.5732036736898973 0.11816177452048382
0.07489196197061365 0.5650999459751486 0.0961291646781765
0.16519174041297935 0.5467314964883847 0.18648178317535546
0.16806722689075626 0.5591572123176661 0.20876409774436094
0.15628832239867563 0.5499729875742841 0.1909338136863054
0.15076923076923077 0.5424095083738519 0.17534804619522226
0.14845938375350143 0.5521339816315505 0.16656740123089142
0.13002324186534708 0.5623987034035657 0.17506510066713254
0.1683823352356184 0.5402485143165856 0.19337385260258755
0.09511427098076652 0.571042679632631 0.1149596817725072
0.15163539142914462 0.5732036736898973 0.19832270728288426
0.15384615384615385 0.5499729875742841 0.1909734513274336
0.21492537313432836 0.5705024311183144 0.2587333741018193
0.15269461077844315 0.5326850351161534 0.1682503770739065
0.1588235294117647 0.5602377093462994 0.1910978775385555
0.1490041712073954 0.5753646677471637 0.18607543074767308
0.1648351648351648 0.5580767152890329 0.1987202160841185
0.165266106442577 0.5478119935170178 0.1925661844978166
0.12303597706787661 0.5494327390599676 0.14140878220296116
0.20289899763102814 0.5678011885467315 0.2565712453506849
0.12297476759628145 0.5759049162614803 0.15689005001262757
0.13961926302893224 0.5699621826039979 0.17133723550452656
0.12145597064709801 0.5829281469475959 0.15431812748410728
0.155327696566384 0.5629389519178822 0.183501570079878
0.15773809523809523 0.5586169638033496 0.18958948841548745
0.15454820902030053 0.5748244192328471 0.19721557243815585
0.18333333333333335 0.5537547271745002 0.21185185185185185
0.1594935767536113 0.5542949756888168 0.1953440877499077
0.1829444559157547 0.5483522420313344 0.21337736546121394
0.10200402678278786 0.5715829281469476 0.14408160160159772
0.12501521045741992 0.5634792004321988 0.1631578494698016
