0.11407171180999931 0.605078336034576 0.14971150395785532
0.2074554294975689 0.5850891410048622 0.229796014395869
0.12245217045228418 0.5969746083198271 0.14740213918999012
0.27414782793565295 0.5861696380334954 0.2969045751592747
0.2173460672412455 0.605078336034576 0.2445890958019204
0.201419550871196 0.6007563479200432 0.23099083286979738
0.14869015356820237 0.5942733657482442 0.17173520668512676
0.1567874894676221 0.5807671528903295 0.17642958022107696
0.24132891584635618 0.5748244192328471 0.26204333785649886
0.24685133892216826 0.5937331172339276 0.2775370440013597
0.1972891721717589 0.5759049162614803 0.2214088458848747
0.18613101357447082 0.5921123716909779 0.2131448197148031
0.12722927222299696 0.5926526202052944 0.152643567765947
0.18689289720349145 0.5737439222042139 0.2041869551184365
0.1598595264529642 0.5791464073473798 0.1843634815723288
0.25464041207537336 0.5829281469475959 0.2809331570882352
0.12311958516666266 0.6012965964343598 0.147986048562819
0.11249951249951251 0.602377093462993 0.14098166493893427
0.2127028496001243 0.5985953538627768 0.24241921434951164
0.21162828422234348 0.5877903835764452 0.24409418625581597
0.17317034344613502 0.5942733657482442 0.19522327432565095
0.16763295388246002 0.57752566180443 0.18665831994429705
0.15249722823504575 0.5964343598055105 0.17479039352829695
0.2173859385244321 0.5780659103187467 0.2408284095458792
0.11546609069480074 0.5910318746623446 0.14677448070706828
0.20484938829019894 0.5915721231766613 0.22757830318193106
0.1384965796730503 0.6007563479200432 0.16660894096993817
0.2119913684318152 0.5688816855753647 0.22391863178853794
0.18668159145359575 0.5823878984332793 0.2071856420114428
0.17681115013440718 0.5840086439762291 0.1959952762016352
0.15086834227910817 0.595894111291194 0.1729183420513627
0.09810766721044051 0.593192868719611 0.12505769158769137
0.20594443930727468 0.5688816855753647 0.22426259983643998
0.16313632374145814 0.6066990815775256 0.20367032592668538
0.18836565457341425 0.5840086439762291 0.20869938267789
0.23386330873138172 0.5742841707185306 0.2547762295077822
0.12557289813433037 0.5915721231766613 0.152576831461393
0.13617318799443778 0.5823878984332793 0.15601149380546836
0.12425036127167632 0.5948136142625607 0.1677850349771588
0.136141137285115 0.5899513776337115 0.1651452752194023
0.15642490732183467 0.589411129119395 0.17793857076138453
0.14181523500810367 0.6077795786061588 0.17235580744094176
0.1377053272224199 0.6029173419773096 0.16630971084609564
0.18777362755288518 0.5834683954619124 0.2182637783130258
0.17653494405282877 0.5985953538627768 0.20446216294720904
0.1383899792982365 0.5953538627768774 0.16568734768396454
0.11986530767420389 0.5926526202052944 0.14305479645839908
0.13074634061624357 0.5996758508914101 0.16425172367016028
0.14799726067907137 0.5910318746623446 0.1748596044464351
0.13053710674049046 0.5921123716909779 0.1574105864880912
