0.024897400820793503 0.73 0.1521794871794872
0.020450320181780612 0.76 0.03218829733995032
0.012558869701726816 0.7533333333333333 0.015087834073683082
0.12367724867724861 0.7433333333333333 0.07761458663872484
0.11244870041039678 0.7033333333333334 0.10044064795729613
0.041942385193293186 0.6866666666666666 0.043930986095165214
0.012622720897615625 0.7366666666666667 0.030550343336921304
0.04073756432246989 0.7233333333333334 0.0653002344772679
0.015563383984436574 0.7666666666666667 0.049518185557318295
0.009191176470588314 0.7533333333333333 0.0173956478479379
0.06003720615592767 0.7466666666666667 0.07171201814058958
0.09703947368421051 0.7666666666666667 0.04681917211328976
0.006613756613756627 0.7566666666666667 0.036039886039886004
0.044413277232351556 0.7366666666666667 0.03647345735027224
0.19397993311036787 0.82 0.15913930243198537
0.029812292970187615 0.75 0.024314180303915855
0.055102915951972586 0.75 0.09772955642744624
0.05941395499433377 0.74 0.02821412019760372
0.03445961065115233 0.7466666666666667 0.09951756862512007
0.12100104482810092 0.73 0.11819578225828228
0.007540288797989181 0.7366666666666667 0.05540218349834669
0.003759398496240629 0.77 0.0980568088597211
0.07669396872673118 0.7366666666666667 0.07643245119660214
0.02275206482780112 0.7633333333333333 0.07990928392202279
0.0071070234113712605 0.77 0.03738512949039269
0.07324294841826406 0.73 0.08744272063655578
0.05224867724867721 0.7266666666666667 0.09488389678894849
0.016174582798459514 0.7266666666666667 0.1575112405885013
0.0073260073260073 0.7433333333333333 0.025365357578409575
0.041269841269841234 0.7733333333333333 0.034489564671385475
0.1351098644226274 0.75 0.20591651542649733
0.002168973352613124 0.73 0.05682578291273943
0.09999999999999998 0.7433333333333333 0.10160981132029259
0.08583643329076673 0.73 0.15349616858237547
0.14047606368816234 0.7266666666666667 0.10553060834134015
0.007936507936507908 0.7333333333333333 0.018391330891330937
0.028392659971607337 0.7266666666666667 0.04747412884355562
0.0445447409733124 0.7533333333333333 0.04934772197234716
0.04331046312178388 0.7933333333333333 0.11781520101875484
0.06020066889632103 0.7666666666666667 0.10850045620008605
0.007456828885400335 0.7633333333333333 0.037873931623931656
0.018536235350394614 0.71 0.05482840452719967
0.029042386185243352 0.74 0.03118462405623068
0.016944801026957723 0.7633333333333333 0.08420394915036614
0.05263943479775113 0.7166666666666667 0.06360901917973344
0.0005594092638173676 0.7566666666666667 0.02600298408488061
0.07997265892002736 0.7133333333333334 0.071147965763662
0.0038391594261466544 0.7433333333333333 0.0604345936549327
0.059364548494983294 0.7133333333333334 0.06931766959657426
0.019885681348767892 0.7033333333333334 0.008807060373556552
