0.19297035198595386 0.8455074813886637 0.2892833061606318
0.20226333663883647 0.8426328591435099 0.31639282225944265
0.19666942572333476 0.8425591508808138 0.2996916852730247
0.19578244085259666 0.8422643178300288 0.30025521065654
0.20993796357515887 0.8427802756689025 0.3273268487140862
0.19537022566487722 0.8397582368983563 0.28663350647756486
0.2003140248677343 0.8403479029999263 0.30553609802722176
0.20376957021096537 0.8415272352030663 0.3073355157901264
0.2102773633135547 0.84322252524508 0.32537050071736384
0.20543662726381212 0.8399056534237488 0.30737772047391376
0.20348257400563508 0.8413798186776738 0.2981684018888232
0.19982120935796457 0.83968452863566 0.2880274764691576
0.1999654502198902 0.8399056534237488 0.29608631624982723
0.19934538399223484 0.8460971474902337 0.3123725968798208
0.20312484119897495 0.8395371121102676 0.3136986982404202
0.19672140415996195 0.8399056534237488 0.2886455358371587
0.20135795482839952 0.8410112773641926 0.29050172970484256
0.20356412782950467 0.8365150733397214 0.30028719948541166
0.19336078950526622 0.8398319451610525 0.29161340463086627
0.1932836295184232 0.8367361981278101 0.2725134666793243
0.1884178700014395 0.8416746517284588 0.2696608339740205
0.19840808676126442 0.8430751087196875 0.28522227536960865
0.20450172785168416 0.83909486253409 0.3019998796827619
0.20307764200929368 0.8451389400751824 0.30866008301727066
0.20200105602729113 0.8432962335077763 0.2989858839241112
0.2085558049561587 0.8407901525761038 0.320147456477397
0.1962953343374953 0.8441807326601312 0.2933433414653625
0.205612946418602 0.8364413650770252 0.31022879820457283
0.18138080407481577 0.838210363381735 0.2492592918205236
0.18998828048104963 0.8437384830839537 0.2684765970365583
0.2000657680452191 0.8466131053291074 0.3014584328848733
0.19709409261471156 0.844696690499005 0.3007509111862469
0.1943746349353742 0.8412324021522812 0.28105529639705773
0.19273574835899868 0.841158693889585 0.2705671190333918
0.2000351166303016 0.8376206972801651 0.30161546684049395
0.20043588997306067 0.8374732807547726 0.3005593231327994
0.19492365354062036 0.8431488169823838 0.2688558731177508
0.19831611433944293 0.8454337731259675 0.2957631895285331
0.19610844407952097 0.8446229822363087 0.29979574888178473
0.20549591129028952 0.8391685707967863 0.3071730244930813
0.19752615941380475 0.8365887816024177 0.28475023431194774
0.22106042224860464 0.83968452863566 0.3414205550619722
0.20080451590831339 0.8413798186776738 0.2995961923442273
0.2039938964692788 0.8354831576619739 0.3185588675594654
0.1912846790436894 0.8418220682538513 0.2771321247174243
0.2029403257191943 0.8366624898651139 0.29595591923456166
0.19532329363851944 0.8418957765165475 0.2882417810805531
0.20350478973023298 0.8433699417704724 0.3210682712737827
0.2091058208095048 0.8406427360507113 0.32401301360075496
0.19547141850646926 0.8434436500331687 0.2881586960816542
