0.18381789857961106 0.6888168557536467 0.14986255137277898
0.17341977309562395 0.671528903295516 0.15940597857970892
0.16593616179993642 0.6612641815235009 0.14255523473675408
0.1443279080937645 0.6704484062668827 0.1327836958982876
0.13125630871962113 0.6736898973527823 0.11304307933263813
0.18201348335944545 0.6807131280388979 0.16021920936400338
0.19521228545618785 0.6574824419232848 0.17451203889656142
0.17577282530553562 0.6763911399243652 0.1590675579122854
0.11069086980904363 0.6455969746083198 0.095608547532756
0.13360100356571547 0.6699081577525662 0.11326046659853115
0.17265302436003294 0.655861696380335 0.15564611719962082
0.1312391162956591 0.6726094003241491 0.1082614241027097
0.15790839647345012 0.671528903295516 0.13085068110125408
0.2277884503809905 0.6591031874662344 0.21371190960007203
0.19049756297293674 0.6709886547811994 0.16859794829385474
0.17393101649605525 0.6753106428957321 0.15567199594763087
0.1569490194192653 0.6736898973527823 0.13465766984631683
0.14860964860964865 0.6661264181523501 0.12042710716700772
0.1667210187126329 0.684494867639114 0.1403462216319007
0.10025697012142998 0.6747703943814155 0.07123461571778045
0.17780003449053505 0.6601836844948676 0.16212529414217056
0.18061765636977756 0.6693679092382496 0.1650520669131486
0.18419698009608787 0.6666666666666666 0.16886568430688592
0.16735701338269882 0.6569421934089681 0.14670460828374882
0.15852898723793107 0.6774716369529984 0.12329773507800892
0.14595365482053646 0.668827660723933 0.127111512189129
0.1849833173362585 0.6871961102106969 0.16021517685219247
0.21012272002023358 0.6612641815235009 0.20433367840990257
0.18791092258748665 0.6482982171799028 0.17868317134574266
0.1932708846157808 0.6504592112371691 0.1842201426420129
0.20876857968620977 0.6785521339816315 0.19209739351597285
0.2442505709624796 0.671528903295516 0.2218742036054807
0.15505475489095255 0.6564019448946515 0.13705427366038356
0.11314729484044894 0.6807131280388979 0.07363655699143387
0.1761414345894946 0.6704484062668827 0.1636710236438626
0.13470942051546364 0.6585629389519179 0.11792725995408523
0.16718136773289005 0.6661264181523501 0.13994342824145092
0.20616917780752142 0.6693679092382496 0.1878915900915321
0.1243045520231214 0.6774716369529984 0.07904493463201626
0.16713748745126422 0.6774716369529984 0.13991344499060993
0.1891179738528156 0.6655861696380335 0.17496114523642659
0.1288492706645057 0.6661264181523501 0.10011393989511572
0.16793151245107463 0.6628849270664505 0.14345767124737205
0.12693467154325289 0.6672069151809833 0.1003709070364388
0.17913183616781525 0.6828741220961643 0.16091032031429356
0.1556562983150337 0.6655861696380335 0.12870337382460093
0.1905710199426368 0.6618044300378174 0.1733274594314204
0.15109425100249108 0.6585629389519179 0.11736979576160567
0.16809469334391713 0.6704484062668827 0.14417542529579888
0.18475135850365476 0.6801728795245813 0.1605269319103665
