0.3174909353519403 0.690977849810913 0.2959733759575916
0.36600319282633065 0.6677471636952999 0.3656961773718632
0.3220880079011127 0.6650459211237169 0.29883178038181823
0.3134232949296837 0.6709886547811994 0.2932584123527798
0.31480125097368994 0.6720691518098325 0.2841334030622433
0.3181240367632997 0.6834143706104808 0.28319758486120983
0.3185266630016492 0.6542409508373852 0.3095485003486414
0.2923988603988604 0.6769313884386818 0.271235427938035
0.27685433352148703 0.6450567260940032 0.2645778845078982
0.30727084316106135 0.6709886547811994 0.2993632224918471
0.26139676030039627 0.6564019448946515 0.237753137575657
0.28676554936104803 0.6709886547811994 0.27783698536045387
0.2924491905989105 0.6661264181523501 0.27005425355363843
0.30914679011588686 0.6601836844948676 0.2856630725102595
0.3570363093938733 0.6666666666666666 0.34635356647420446
0.32382653848131193 0.6736898973527823 0.30561643925747395
0.3268785639830769 0.6704484062668827 0.31752047348676565
0.2968972856329951 0.6596434359805511 0.29000519251674156
0.31882547835262887 0.6807131280388979 0.295598354200287
0.3169185566416377 0.6736898973527823 0.31060506266524024
0.2959396490173237 0.6612641815235009 0.2869011575004199
0.3076801517067004 0.6666666666666666 0.29957538929559496
0.29757123733027346 0.6677471636952999 0.27093140131804405
0.29872501379606353 0.6574824419232848 0.2726659141840313
0.30837181167456396 0.6742301458670988 0.2940519066159675
0.3415960761814766 0.6666666666666666 0.33875576111303607
0.30445594042085267 0.6871961102106969 0.26789193289256
0.27818512364853476 0.662344678552134 0.264376438673279
0.30982083100183233 0.6591031874662344 0.28995087309694045
0.29058579342911384 0.6542409508373852 0.2547396924609314
0.31761253561253555 0.6812533765532145 0.2898367686299772
0.31270035049029266 0.6672069151809833 0.2906980668490572
0.28852841449599154 0.6564019448946515 0.2768108575005448
0.33025460349593183 0.6790923824959482 0.3158162341472738
0.3051707940325429 0.668827660723933 0.28359969496045445
0.3097892356466667 0.6553214478660183 0.2870022550513017
0.2950176054357486 0.6628849270664505 0.2791278748950753
0.339737644858667 0.6650459211237169 0.33417729678275565
0.26041277430917076 0.6807131280388979 0.21471156376403414
0.262520930769675 0.6747703943814155 0.23980068375344152
0.31281479387218714 0.6634251755807672 0.2970777811649987
0.26153420462126264 0.6655861696380335 0.24010481896357574
0.29566257128580153 0.6628849270664505 0.28309029064988733
0.29841466289486096 0.6672069151809833 0.2815017272218776
0.2658331916906227 0.684494867639114 0.23731116516588535
0.3043427230046948 0.6596434359805511 0.2921232576440125
0.28581494357582404 0.6639654240950837 0.26024475082396203
0.2598710624727556 0.6612641815235009 0.23846986258791814
0.2659725148663201 0.6720691518098325 0.23064521007176939
0.2669278563395343 0.6790923824959482 0.23816132469173126
