0.2558139534883721 0.8370310311785951 0.3538783291050923
0.26201634877384194 0.8368099063905063 0.3599349473296368
0.2606697307944846 0.8373258642293802 0.36011780650542113
0.2562720070422535 0.8351146163484927 0.35207984724654223
0.26577166557520193 0.8359254072381515 0.36342625462728273
0.27081265850700187 0.8334930345691752 0.36727041326138865
0.26461810544932024 0.8354094493992776 0.36249674999071424
0.26249325418240693 0.8346723667723152 0.3587349168491223
0.2679195804195804 0.8374732807547726 0.3681361020363934
0.26699081577525663 0.8340827006707452 0.3644792583178545
0.2672227036395147 0.8347460750350114 0.3648866221475284
0.2698377904427883 0.8321662858406428 0.36490172726900094
0.26484612050281753 0.8329770767303014 0.3630829737056914
0.25887768522577814 0.8392422790594826 0.35967053370237023
0.2656790657439446 0.8357042824500627 0.36607268258426967
0.27037118383483416 0.8309869536375027 0.36600969214412554
0.2664281067013663 0.8354094493992776 0.3597718457010311
0.26948968512486426 0.829291663595489 0.3652025007614879
0.2547428446101546 0.8342301171961377 0.35037015665357707
0.26870378425402347 0.8296602049089703 0.3624629756208704
0.26759178321678323 0.8326085354168202 0.364948169525767
0.26782021982805526 0.8359991155008476 0.36088060903341035
0.26319225329126317 0.8338615758826564 0.3553148318518369
0.2644673388864533 0.8361465320262401 0.36058292478349674
0.2717988139688118 0.8377681138055576 0.3699289554283333
0.26373746184038377 0.8345986585096189 0.3623940771388566
0.2654557391399497 0.8375469890174688 0.3624142623511033
0.26769935638704045 0.8302498710105403 0.3630998115369637
0.25821699461360886 0.8300287462224515 0.3497817473529068
0.2616995745609251 0.8351146163484927 0.3594767765992429
0.26387832699619773 0.8399056534237488 0.36834906168259557
0.2634338138925295 0.8374732807547726 0.3599257977614493
0.268082788671024 0.8345986585096189 0.36395050045928223
0.2677063027940221 0.8326822436795165 0.3626875525734072
0.2671722167271129 0.8305447040613253 0.35876921352952007
0.27179262824018374 0.8351883246111889 0.36883364212754066
0.26830065359477123 0.8354831576619739 0.36752126196520657
0.26053555750658475 0.8402004864745338 0.35924360892275464
0.2573658751099384 0.8388737377460014 0.35583888050381407
0.2689175985235045 0.8351146163484927 0.3644664838653964
0.2695822454308094 0.8289968305447041 0.36301444636867836
0.27374727668845317 0.8337141593572639 0.3692455242966752
0.2679216372988946 0.8326822436795165 0.36644689376626327
0.2583287820862916 0.8321662858406428 0.35004302584592156
0.2589928057553957 0.8355568659246702 0.35168835218763206
0.27067260675866567 0.8320188693152503 0.3631279779432899
0.2726375794781846 0.8348934915604039 0.3702816577600441
0.2673462676751069 0.8388737377460014 0.36755764577601546
0.2714533999565501 0.8361465320262401 0.36689470026717386
0.2701727531161163 0.8354094493992776 0.3665789423557809
