0.23885088919288644 0.7566666666666667 0.2605128205128205
0.18322660607312535 0.76 0.20795921589211375
0.1834772370486657 0.7666666666666667 0.2222584150650188
0.19973544973544965 0.7333333333333333 0.15547315311100648
0.21121751025991797 0.7333333333333333 0.22123236086887585
0.2556346086869994 0.7233333333333334 0.29825551728536803
0.1695496337852579 0.7266666666666667 0.19517329464057545
0.11813893653516294 0.74 0.11179280894782229
0.16078658183921335 0.7466666666666667 0.166640225630178
0.11519607843137247 0.7466666666666667 0.15239111635866076
0.20547945205479456 0.72 0.2483938019652306
0.2645676691729324 0.7733333333333333 0.2830065359477124
0.10582010582010581 0.7433333333333333 0.10683760683760685
0.1932367149758455 0.7466666666666667 0.2541502536710114
0.22763377926421402 0.8033333333333333 0.23036990110160843
0.24922445975077556 0.7466666666666667 0.2887483562244301
0.16059176672384212 0.75 0.21662121546321245
0.1659381576817225 0.7333333333333333 0.152746795145072
0.19456254195569478 0.75 0.17244417587667019
0.2504602219015871 0.7366666666666667 0.2713262244512244
0.16854763195505396 0.7466666666666667 0.20117695071556171
0.16000939849624063 0.74 0.24817986054142738
0.13637665387479236 0.7366666666666667 0.07728395818018463
0.0621785881252922 0.76 0.02721482339316733
0.10472408026755853 0.77 0.07993943191311614
0.14430419199002642 0.6966666666666667 0.18657859039482805
0.1415343915343915 0.7233333333333334 0.14249027093823197
0.13042362002567387 0.7366666666666667 0.09793137064866653
0.0703296703296703 0.73 0.07885676605365194
0.2492063492063492 0.7566666666666667 0.23742509211989615
0.008259311204612652 0.7566666666666667 0.0504053236539625
0.05536046271431516 0.7266666666666667 0.03711361102665456
0.21999999999999997 0.7266666666666667 0.24612083207565227
0.0973849314307923 0.75 0.08929414261123406
0.2393098674050801 0.74 0.23983095204203886
0.17526455026455023 0.74 0.19004637111254752
0.09432672590567326 0.7333333333333333 0.05069868206810879
0.16660125588697017 0.73 0.21795872896884894
0.20240137221269294 0.8 0.14423737128955158
0.23390468227424754 0.77 0.21793321647895944
0.1783751962323391 0.7766666666666666 0.17820512820512815
0.07976560631427887 0.7233333333333334 0.08143483023001097
0.2723704866562009 0.7666666666666667 0.28651594579191175
0.18228498074454424 0.7433333333333333 0.15277822686082052
0.2311060251753818 0.7266666666666667 0.25530735337138477
0.14130678004027752 0.7566666666666667 0.14309792219274975
0.20474262579525737 0.71 0.25571733142645264
0.07749040210143465 0.7466666666666667 0.02921990438939598
0.06584448160535117 0.71 0.07542575219743064
0.15745232720111435 0.7166666666666667 0.17623420909865928
