0.16335268908880793 0.8473501879560699 0.21284586663598515
0.1666044219101543 0.8450652318124862 0.23038875913676518
0.16452842002089826 0.8449178152870936 0.22020695809351729
0.16347474854490435 0.8441070243974349 0.22234898712771445
0.17532667497026003 0.8450652318124862 0.24687113626222484
0.16635468162342645 0.8412324021522812 0.21628922815273438
0.16781926595788105 0.8425591508808138 0.22795260888185165
0.17194901726365186 0.8436647748212575 0.22884024431095745
0.17611587263032488 0.8467605218544999 0.23514519530590833
0.17169914703186695 0.8425591508808138 0.22020754878672905
0.17073829126135232 0.842927692194295 0.22215848852865144
0.17529093795921719 0.8410849856268888 0.22869579330084075
0.17206610667503244 0.84145352694037 0.2305814966627085
0.16750822324066908 0.8474976044814624 0.23876900971860596
0.17291816393347414 0.8406427360507113 0.24915844818737365
0.17273419733693424 0.8410112773641926 0.2299953345963991
0.16964548125546083 0.8433699417704724 0.20969002098615713
0.16619092975155486 0.8385789046952163 0.21377765838191348
0.16612543493178217 0.8418220682538513 0.22291780746737552
0.16416769516162066 0.8387263212206089 0.19932177178480437
0.1592916564092065 0.8430014004569912 0.2003277585544795
0.17678361418742478 0.8450652318124862 0.22579435008802484
0.1782687792682634 0.8413061104149775 0.23615335630413495
0.1732025741114121 0.8452126483378787 0.2515187228346287
0.17141033872771305 0.8453600648632712 0.22017796534292855
0.16816808282368698 0.8441070243974349 0.2175888770931373
0.1752142532564142 0.8451389400751824 0.24373278578063803
0.17204874823000318 0.8382840716444313 0.23452270263130354
0.15131341164350423 0.83909486253409 0.1818979907748902
0.16695667898131744 0.8445492739736125 0.21621371128221142
0.17249032579756043 0.8490454779980836 0.22348743692327538
0.17012537632560693 0.8469079383798924 0.22835187075819827
0.16777616946222842 0.8424117343554213 0.22021953851463782
0.16307473140984613 0.842927692194295 0.19314057176112223
0.17295067690645669 0.8399056534237488 0.23012357381038237
0.16000043118612445 0.8401267782118376 0.20329344393499227
0.1778693899747289 0.8444018574482199 0.22179609754589058
0.17272757800372135 0.8474976044814624 0.22828511935309448
0.1622622902333671 0.8474238962187661 0.21499799579484813
0.16926788784862729 0.8415272352030663 0.21785756230607006
0.17472823195266485 0.83909486253409 0.2190679820946887
0.1805979945029399 0.8416746517284588 0.25628709969931396
0.16987118257498005 0.8428539839315987 0.2291964997032075
0.1684335516416926 0.8387263212206089 0.23111792770504064
0.16917670989201844 0.8436647748212575 0.21791649312443745
0.1714202443770489 0.8379892385936464 0.22880924212806802
0.16028286237167308 0.8437384830839537 0.20426579782617388
0.16660442072654294 0.8466131053291074 0.22444518070796085
0.17403732765881988 0.8430014004569912 0.24106606583325232
0.16462035467668204 0.8455074813886637 0.2095555849157563
