0.07848133766654006 0.8222156703766492 0.022266470969104356
0.09283517716134859 0.8219945455885604 0.001369485907180508
0.08467033743308555 0.822141962113953 0.01196873985207731
0.08771602179498064 0.819193631606103 0.005514525862324968
0.08870315404816964 0.8208152133854205 0.023249179491672906
0.09630633793649898 0.8179405911402668 0.004965363327263807
0.09439245982876052 0.8220682538512567 0.030269478038580558
0.09144016901989385 0.8194147563941918 0.025911092522759735
0.09647369900767411 0.8222893786393455 0.014503095589541368
0.09465717773775195 0.8219945455885604 0.016418151814347456
0.08784572091656523 0.8194147563941918 0.006186510810941598
0.0915426075508736 0.8180880076656594 0.025965746728304637
0.08875337372664516 0.8192673398687993 0.0024621431249517295
0.08320118549707961 0.8235424191051817 0.009035133146753624
0.09619225943785845 0.8197095894449767 0.02099289625730163
0.09415274030001478 0.8178668828775706 0.0042981769261868225
0.09715295314975772 0.8202992555465468 0.0032565640449812167
0.08855835468377793 0.8146974275816319 0.01759853754547671
0.07977436725912612 0.8187513820299256 0.012936558630765288
0.09449959791735021 0.8156556349966831 0.02535107313260857
0.09128012417933143 0.8172772167760006 0.013148917791498904
0.10556919979153576 0.821257462961598 0.023917437155849007
0.09554996472385652 0.8186776737672293 0.0075104755291742625
0.08998470864275956 0.8211100464362056 0.013118459917366418
0.1070738847890444 0.8225842116901305 0.028861397755779762
0.08601129122764192 0.8194147563941918 0.005497374943964163
0.0974653432933279 0.822436795164738 0.014416646502708616
0.09155508394736059 0.8138866366919731 0.0037430400637483915
0.08477190528430961 0.8159504680474681 0.004915326844161266
0.08188244394418714 0.8202992555465468 0.008432414327654514
0.08618487002334368 0.8235424191051817 0.025784370845642057
0.0914047935485168 0.8222893786393455 0.022439938603494733
0.09648103701121305 0.818309132453748 0.004474155120673812
0.09580286602743121 0.8188250902926218 0.0041521874986655966
0.0896820048599003 0.818898798555318 0.0207899048739197
0.10577749576302112 0.8192673398687993 0.030044528547925782
0.09021951865111469 0.821552296012383 0.008546326222282886
0.0888220070177928 0.823321294317093 0.011805347163580643
0.0899815718496233 0.8247217513083217 0.003733867553257067
0.09779270383686053 0.8177194663521781 0.009807429748951872
0.09476498818848686 0.8147711358443281 0.006915951582072713
0.09396354747861205 0.8181617159283555 0.00455251305849276
0.08308734535319026 0.8193410481314956 0.0032286648577068144
0.08978821475416085 0.8181617159283555 0.004964367052269214
0.09318273502382624 0.821847129063168 0.004116442555658711
0.10362108936501299 0.8189725068180143 0.01742317346691121
0.1039718560722554 0.8238372521559667 0.007838146613395887
0.10055553401443398 0.8260485000368541 0.009048523846865775
0.10889837704421257 0.8188250902926218 0.021812399719377637
0.10169321884948349 0.8220682538512567 0.007961512543742132
