0.051923734000690724 0.8412324021522812 0.005639658776662608
0.0461480225627246 0.8379892385936464 0.007192364965802403
0.035751833142373096 0.8360728237635439 0.019606261261431467
0.05638315201197183 0.8376206972801651 0.0473755327302088
0.04381862889397212 0.8394634038475713 0.030035032311990097
0.044280103528988535 0.8332719097810865 0.021977593871167066
0.04927334998039143 0.8360728237635439 0.003624607052109083
0.05552327156389297 0.8361465320262401 0.007493108929332332
0.05594532987051812 0.8373258642293802 0.022500783387433984
0.061604102269447236 0.8354094493992776 0.011443769762678503
0.047820083377929284 0.8324611188914277 0.005777406586441422
0.06366876677282177 0.8320925775779465 0.013784840763853855
0.05646209506063968 0.8345249502469226 0.021545821922208733
0.05713434330276024 0.841748359991155 0.028180688765165766
0.04377649708532061 0.8348934915604039 0.004046623062313744
0.057387327448683495 0.8337878676199602 0.01789191664331237
0.053082244183782934 0.8339352841453527 0.011875773033632
0.042640683212997466 0.8298813296970591 0.016551234713438903
0.05693652019021808 0.8349671998231002 0.017895396018200324
0.056089504582601174 0.8298076214343628 0.017197246703490127
0.052536846040288826 0.8352620328738851 0.001001112824072968
0.05792622414748663 0.8385051964325201 0.002407968697686204
0.06338988096121881 0.8356305741873664 0.023107221547440562
0.05533338033569879 0.84322252524508 0.03425699697121111
0.04600108748034637 0.8369573229158989 0.017833692009103362
0.03895947063917218 0.8341564089334415 0.006564602593262435
0.0663953737812234 0.8400530699491413 0.02921709229549719
0.04882680031519274 0.8309869536375027 0.01124260694204103
0.04946243829873556 0.8306184123240216 0.007087401837679121
0.05704105036188595 0.8365887816024177 0.029197466650478746
0.05577827232885452 0.8424854426181175 0.0051894876604930695
0.05005295197961385 0.8398319451610525 0.0036746452590708453
0.049161727924107085 0.8348934915604039 0.004893112705585803
0.05790878819146636 0.8369573229158989 0.003085212869685279
0.056734175199168485 0.8326085354168202 0.01645409091100105
0.0386476399553099 0.8324611188914277 0.016862410229713333
0.06929245350081217 0.8373258642293802 0.014511645723454078
0.06044923184152587 0.839979361686445 0.009047531861726969
0.04022561983653486 0.8395371121102676 0.00818892810344489
0.055146423797507366 0.8323137023660352 0.0064641701933842236
0.05806742029287504 0.8315029114763764 0.006141226404044874
0.05484999679230035 0.8341564089334415 0.03189147460132035
0.048659778766107886 0.8348197832977077 0.017171050543700224
0.03210182770987488 0.8297339131716666 0.03161686969403148
0.05848924055476737 0.8379892385936464 0.0032440381065402396
0.050275187139526334 0.8283334561804379 0.012200945779412033
0.04687113362202289 0.8373258642293802 0.019664168138251018
0.03848764047684547 0.8390211542713938 0.00958169984100788
0.049329208111381 0.8362939485516326 0.021695191612277363
0.04388359315405915 0.8369573229158989 0.026005023552031957
