0.07911010637181881 0.6591031874662344 0.04455722073850099
0.02674230145867096 0.6396542409508373 0.009252433012508998
0.024433578758848107 0.6347920043219881 0.05981244547994191
0.023496248001952824 0.6272285251215559 0.04016537849052282
0.004484043792219894 0.6391139924365208 0.02538732101663438
0.03984475145990596 0.6472177201512695 0.01548612098655644
0.06272338085699691 0.6266882766072394 0.04151278032228084
0.03022889079566804 0.6434359805510534 0.04518132815739484
0.017508857802231326 0.6202052944354403 0.033189111490790124
0.009982948870329689 0.6434359805510534 0.032178790593711315
0.03097775598678776 0.6396542409508373 0.01285648325597194
0.00954094370895664 0.6428957320367369 0.014300322113728392
0.036962146918917194 0.6266882766072394 0.01608007287539137
0.058106522608011746 0.6223662884927067 0.04244270018784979
0.04940590083386487 0.6380334954078877 0.027212205431069447
0.005268305405229268 0.6439762290653701 0.014492979686465568
0.027750394716805737 0.6461372231226364 0.06940738280469605
0.03389103389103387 0.6455969746083198 0.03404842519810619
0.007566581256308713 0.6504592112371691 0.020330805974004496
0.017919674950820252 0.6472177201512695 0.048169662093674626
0.003862939920141084 0.6407347379794706 0.016623185525465545
0.03834320114907941 0.6320907617504052 0.021690307347627502
0.025372208436724497 0.6418152350081038 0.02126518018935708
0.02307840641752479 0.6256077795786061 0.032240964582817
0.04286040643399336 0.646677471636953 0.009008171336800097
0.01154959733955585 0.640194489465154 0.008736939891450912
0.04219799808035107 0.6499189627228525 0.017053925646927814
0.005354370538585118 0.6391139924365208 0.035711911327887536
0.034488040532579145 0.631010264721772 0.018701726921121375
0.02286853841162595 0.6315505132360886 0.026912304847466484
0.03351956028075964 0.6412749864937871 0.019364149971035527
0.10539902120717781 0.6591031874662344 0.08203647503222522
0.01556782605249607 0.6207455429497569 0.009680188838266102
0.01127280421290211 0.6574824419232848 0.028560322525613968
0.011238060049073795 0.6439762290653701 0.05054727196909525
0.014888061556332821 0.6391139924365208 0.03306500468314094
0.0484447442072895 0.6320907617504052 0.02148915405122165
0.051629854539583575 0.6342517558076716 0.033344415648303316
0.03512205821635017 0.6612641815235009 0.013827613984234544
0.022813407108226547 0.640194489465154 0.015357316055606529
0.03195968889211953 0.6347920043219881 0.014179604136300705
0.03646677471636961 0.6369529983792545 0.009611873922229008
0.04914310902457297 0.6337115072933549 0.022060825442877408
0.029153241797977625 0.6353322528363047 0.024968916476478753
0.011353214014307778 0.6607239330091842 0.021788556663285663
0.030637299861114742 0.6347920043219881 0.003827415713380522
0.04753542527136312 0.6385737439222042 0.025031167305581636
0.0508477431964105 0.6326310102647218 0.028900233010100085
0.04752955275916548 0.6385737439222042 0.02226413442708247
0.040657477229808725 0.6499189627228525 0.0375366484601547
