0.11682626538987684 0.7366666666666667 0.11115384615384616
0.029952489155133266 0.7533333333333333 0.05255535651634699
0.025510204081632626 0.7433333333333333 0.03700099690665731
0.1335978835978836 0.7333333333333333 0.08479569445096868
0.1477428180574556 0.72 0.14946025580043337
0.12572764814169857 0.7066666666666667 0.15773695624441894
0.050802555711391695 0.74 0.052744856237948834
0.009433962264150941 0.72 0.024263592880576335
0.03938167096061829 0.75 0.06924319877783647
0.007965686274509776 0.7333333333333333 0.07233509518297884
0.034838491459496024 0.7366666666666667 0.044737339380196556
0.11419172932330823 0.7666666666666667 0.08579520697167756
0.029100529100529182 0.7433333333333333 0.057549857549857586
0.04394576905095837 0.7333333333333333 0.04900052590331627
0.13628762541806017 0.8 0.12461285327138988
0.08139229191860764 0.7466666666666667 0.09166514465225012
0.009433962264150941 0.7333333333333333 0.037565753854997275
0.04063461227132914 0.7266666666666667 0.004727364097367293
0.09543522040724994 0.7566666666666667 0.059875534246243645
0.13547937708343694 0.7333333333333333 0.14933525089775088
0.045192449854615346 0.7433333333333333 0.05121513628070212
0.00046992481203012026 0.7333333333333333 0.17721877563576705
0.08030242281917632 0.74 0.030545005309156215
0.01199937665575812 0.76 0.07157595058868943
0.006061872909699062 0.7633333333333333 0.04558270676691731
0.08228143992519865 0.7166666666666667 0.08663364962790615
0.015211640211640232 0.74 0.011295486821962797
0.011296534017971815 0.7366666666666667 0.08939308423505082
0.00512820512820511 0.7333333333333333 0.020419474122783887
0.09682539682539681 0.7433333333333333 0.1263493724724029
0.09583917718560075 0.7433333333333333 0.1558179932590096
0.045651724850237496 0.72 0.030902430902430944
0.09500000000000008 0.72 0.0899864915362403
0.01249236577646995 0.7333333333333333 0.0528803058788066
0.09904680760423878 0.7266666666666667 0.06956213746841755
0.04629629629629628 0.7333333333333333 0.04036149716296772
0.042220936957779065 0.7166666666666667 0.016048406653502267
0.011773940345368938 0.7466666666666667 0.013131455105780454
0.111492281303602 0.7933333333333333 0.09151479190127967
0.12667224080267558 0.77 0.08136335529249333
0.05553375196232335 0.76 0.04043803418803424
0.004544367376225877 0.7133333333333334 0.03354326396495072
0.09458398744113028 0.7266666666666667 0.08652362843298428
0.04852374839537876 0.76 0.0851814662569155
0.031145828150654253 0.7166666666666667 0.03698684024415683
0.05582904452897741 0.75 0.0364997789566755
0.09380093590619909 0.71 0.11044974344624925
0.002020610224287789 0.73 0.04298565840938723
0.0783862876254181 0.69 0.08082424780256936
0.0448148326048321 0.72 0.060478183368208926
