0.0632074447982578 0.6391139924365208 0.034495415327921
0.07470873951292412 0.6277687736358725 0.0693127020083979
0.04762657983673091 0.6126418152350082 0.035499595039222065
0.01686595180206485 0.6121015667206915 0.048250486173597174
0.07205306174648018 0.6185845488924906 0.05338218613509299
0.05981348362638228 0.6337115072933549 0.024930813468210744
0.04959990226620237 0.6110210696920584 0.032320014030351896
0.05601709401709398 0.6358725013506212 0.03647613147544465
0.027755300210390077 0.5937331172339276 0.015590568764086543
0.024218743958363986 0.6331712587790383 0.025280214423704206
0.023758919651109323 0.6234467855213398 0.00671807347191089
0.024571546562048296 0.6191247974068071 0.02361446067268419
0.03176455610252926 0.6223662884927067 0.027279992703481193
0.06134266355999751 0.6029173419773096 0.033264389987915366
0.05283295738436544 0.6169638033495408 0.037966826073564275
0.07071799466792017 0.637493246893571 0.04269966406721887
0.047592586915200186 0.6326310102647218 0.07582575527519347
0.01097053585284924 0.6315505132360886 0.015377667866407985
0.05145103764414882 0.6283090221501891 0.026337789872166728
0.07745856777984761 0.6396542409508373 0.060941397300797506
0.05006952012325727 0.6180443003781739 0.06177266492293332
0.03823102495668862 0.6185845488924906 0.02624245156887345
0.018955373313984225 0.6045380875202593 0.09150696616508303
0.0633354282911276 0.6164235548352242 0.03684611359144041
0.04870450650267166 0.624527282549973 0.02850148276955261
0.056044907923008536 0.6315505132360886 0.0664533513246422
0.06443994601889347 0.62182603997839 0.031599206846917915
0.01718678513809624 0.6185845488924906 0.018058627383303882
0.07724125824254191 0.6115613182063749 0.05940278662599846
0.04844832641471586 0.6202052944354403 0.020536678169421563
0.06516809116809119 0.6277687736358725 0.039509359744482775
0.020194541802859067 0.6288492706645057 0.0865217689290651
0.04297206509854379 0.6072393300918423 0.03632104211095116
0.0685521859306264 0.6358725013506212 0.04859049438169177
0.04391417083161098 0.615343057806591 0.03152604447993235
0.04910321689070851 0.6110210696920584 0.054074355975535504
0.04156682753422647 0.6121015667206915 0.031829784149540075
0.08593989514991729 0.6331712587790383 0.06796835306706656
0.03837335432636679 0.6358725013506212 0.03956530350838994
0.04644032565390621 0.631010264721772 0.043108332045885656
0.03801610488067941 0.6234467855213398 0.015168411625590628
0.021664063921402077 0.62182603997839 0.03919986214643151
0.045309612379736186 0.6175040518638574 0.038433755251406576
0.03188354549740691 0.615343057806591 0.019800717670285795
0.012029161154917811 0.6380334954078877 0.0190843122434064
0.022211044042029893 0.6212857914640735 0.004572251379723391
0.052718957407648315 0.6229065370070233 0.021847139587750364
0.03639273177782365 0.6185845488924906 0.02990248558202474
0.054712740553448436 0.637493246893571 0.019510656152222416
0.046542156013200775 0.6315505132360886 0.02880039966798531
