0.0010842684328347088 0.7515294464509471 0.0015898934990010935
0.032802807731771785 0.767818972506818 0.03961130243628092
0.02191436405784094 0.7584580231443945 0.027193076736317365
0.0 0.7533721530183534 0.0
0.001983562251916246 0.7503501142478072 0.01460073948597943
0.1568014297126574 0.7757794648780129 0.10110693910086468
0.1156923711814976 0.7437900788678411 0.1180650906909465
0.09765192013512777 0.7846981646642589 0.12589863736275664
0.001087429317094389 0.744084911918626 0.0011619958988380041
0.20335699478890304 0.7818972506818014 0.23703611181146128
0.2531394792898196 0.7956069875433036 0.27567576628724044
0.09008812969209008 0.7780644210215966 0.12279938062516042
0.057726501687357906 0.7631016436942581 0.06515303606048928
0.04620265351670453 0.7653865998378419 0.06160424284317202
0.004185737172092737 0.7527087786540871 0.0030739384114119067
0.16984793621507355 0.8003980246185597 0.20097979362978305
0.022716983845215543 0.7551411513230634 0.018428605450254244
0.036720860110973974 0.766639640303678 0.04105865870334785
0.26834438251832166 0.8041571460160684 0.3360078430919396
0.011614603529917781 0.760079604923712 0.012217507210591854
0.22308158869279004 0.7989238593646347 0.2334459575140861
0.035516178966077734 0.7619223114911181 0.03968579517461545
0.08495187888946923 0.7749686739883541 0.08876730938845356
0.20110892487422988 0.7918478661457949 0.11863673105743927
0.2875860671876369 0.8163190093609494 0.35892995368775704
0.0015659258663321476 0.7589002727205719 0.02691928457423945
0.006295838100052324 0.7541829439080121 0.011854943591694665
0.23128115578022898 0.821257462961598 0.1897394196654638
0.1491498815794865 0.7555834008992408 0.09453232358067543
0.047364167599154544 0.7777695879708115 0.02436270456512655
0.0 0.7463698680622097 0.0
0.023420858953907307 0.7552885678484558 0.023716801811408193
0.0063379354157000935 0.7488759489938822 0.0029506431643784295
0.18221620787098566 0.7838136655119039 0.13651267150615548
0.06682307198077223 0.7688508881845655 0.09048853856467559
0.07472607910417688 0.7722414682685929 0.09561944849525632
0.039776914225457406 0.7555834008992408 0.04869942182224482
0.03287727518662121 0.766639640303678 0.039435637368540104
0.27232168714680194 0.8034200633891059 0.28651767173890613
0.04118270307844337 0.7552885678484558 0.05192977088521771
0.1742519964463503 0.7776958797081153 0.17289759990646394
0.12642667675952002 0.800766565932041 0.09284695227714737
0.1495244877110396 0.8119702218618707 0.14667311757612636
0.0004978863246281277 0.7587528561951795 0.007960570832526485
0.2158789922485979 0.7787277953858628 0.16122475653978424
0.1548470083956839 0.7731259674209479 0.19432652682691404
0.35947699873777 0.7743790078867842 0.3986330136056198
0.26096040496875716 0.7850667059777401 0.29316079848240684
0.24681190731781144 0.803125230338321 0.309074261732636
0.0 0.7507923638239846 0.0
