0.1939479808898129 0.7837399572492076 0.22738763132002046
0.016237528834294773 0.7619223114911181 0.022485013334754427
0.07987313150081013 0.7951647379671262 0.08875100371255874
0.014042241365991047 0.7804967936905727 0.010187410518664817
0.07878528469144094 0.7793174614874327 0.11370731250221319
0.0334499882231991 0.7611115206014594 0.037335926140812555
0.10545896917345324 0.788899535637945 0.1274115619413054
0.15871374487586784 0.7783592540723815 0.1455773664452098
0.006747907585896412 0.7516031547136434 0.0067889193579904515
0.07499212891504603 0.7873516621213238 0.10293151672561048
0.0 0.7507923638239846 0.0
0.12234665315851821 0.7600058966610157 0.17079715785592803
0.0014331122035564567 0.766344807252893 0.018574187556779555
0.01974213866792908 0.7532247364929608 0.03257628191436742
0.000673089487553629 0.7555096926365445 0.0006140465854561512
0.0 0.7507923638239846 0.0
0.03676179654218596 0.7462224515368173 0.06866995978547431
0.0 0.7511609051374659 0.0
0.010045516882866038 0.759489938822142 0.020044002230570485
0.07408432065977925 0.7740104665733029 0.077079060331313
0.08899271142409833 0.7707673030146679 0.0955152532984919
0.03598830560945356 0.7680400972949067 0.0451742678243848
0.09634207279032457 0.8005454411439522 0.13192395811457752
0.001099429180668168 0.7502026977224147 0.002574664704156698
0.008134004114927297 0.7636913097958281 0.019227307650507133
0.04169700631901725 0.7481388663669197 0.04723884663342208
0.17148767441163104 0.8185302572418368 0.24527072841003073
0.22159516874615182 0.7841822068253851 0.2350977737368723
0.005843730130582581 0.7643546841600943 0.01638092613703029
0.11639780442137164 0.8100538070317682 0.12142010316347182
0.027944136479416876 0.7589002727205719 0.03400938069321119
0.08374443760153273 0.8012825237709147 0.08666576763895606
0.007564183096593787 0.7582368983563057 0.013388406912806756
0.088958560998228 0.7897840347903 0.09517464250225999
0.1428625971616163 0.7774747549200265 0.15085275793687808
0.09447965055393608 0.8068106434731334 0.11721227762761544
0.028618193062708592 0.7556571091619371 0.06975169608687025
0.011198317348265248 0.7587528561951795 0.016983773705852724
0.12898215038526653 0.8180142994029631 0.11518893435692196
0.09002785964717192 0.7508660720866809 0.10971748805576262
0.047790970466276714 0.7794648780128253 0.07276181790949895
0.0 0.7463698680622097 0.0
0.0269869312350325 0.7578683570428245 0.026498890628433382
0.006403913282236856 0.7516031547136434 0.009338695659229545
0.11737468032217951 0.7596373553475344 0.2027995780117661
0.019235751976579073 0.7600058966610157 0.02924778497551886
0.0339058334438013 0.7712095525908454 0.06457542020465644
0.013737471197701329 0.7556571091619371 0.01678583965661793
0.015565759724487437 0.7746738409375691 0.01333964128896914
0.10802118738951626 0.7821920837325864 0.13409843700316837
