0.17231395422025464 0.5656401944894651 0.17292464069410401
0.04700162074554304 0.5607779578606159 0.04528174001772267
0.16717018092917113 0.5532144786601837 0.16608659027274308
0.021019850550004326 0.5456509994597515 0.019284121175565716
0.008843854336516799 0.5596974608319827 0.01038651650105299
0.007244140594090731 0.5559157212317666 0.006823642524259599
0.018762028199992065 0.5434900054024852 0.018437073302058682
0.0 0.5337655321447866 0.0
0.03567284408459037 0.5402485143165856 0.03645758949121103
0.1760759737196499 0.5672609400324149 0.17576095500253058
0.05447589801816688 0.5667206915180983 0.053170489063710746
0.0016233766233766378 0.5483522420313344 0.0015748031496062853
0.0 0.5424095083738519 0.0
0.024634803573961084 0.526742301458671 0.0250553671935555
0.20198584240820794 0.5613182063749325 0.20103496431514495
0.009718980243854647 0.5499729875742841 0.008986953073871373
0.5165740985629904 0.5753646677471637 0.5123843306503797
0.068991068991069 0.5407887628309023 0.0693344732306802
0.0024924295364546767 0.5505132360886008 0.018122423354470063
0.02872374939491007 0.5494327390599676 0.029932140139734442
0.0121247496119814 0.5386277687736358 0.012279027150727095
0.14157982727179963 0.5850891410048622 0.1382277202801499
0.17449976242014675 0.5596974608319827 0.17674176042797946
0.208149176597632 0.5483522420313344 0.211044059592705
0.06544713969740712 0.5478119935170178 0.06143511092733195
0.009388239581698765 0.5483522420313344 0.009821135214925059
0.0011921629568688585 0.546191247974068 0.0017496169341232881
0.0028305516616037307 0.5224203133441383 0.0028777446087168146
0.0 0.548892490545651 0.0
0.031959049571029796 0.5542949756888168 0.03143959884772296
0.00519715111478114 0.5321447866018368 0.010305727241143592
0.09662251223491036 0.5667206915180983 0.09483477410132912
0.043875246033737936 0.5326850351161534 0.04323094439019737
0.026957557519904696 0.5515937331172339 0.029470959862121893
0.03156232192527564 0.5521339816315505 0.03621338641414218
0.3691810192585926 0.5985953538627768 0.3714011859912051
0.0832501314412869 0.5564559697460832 0.0918306160050309
0.5553627135945336 0.5656401944894651 0.5567120097218329
0.01377993393889343 0.5586169638033496 0.02355778754487542
0.0037198733064069955 0.5467314964883847 0.004269909130043825
0.17461137475207944 0.5596974608319827 0.1745263256870916
0.06969205834683956 0.5548352242031335 0.06822833641393955
0.0010608241235919857 0.5472717450027013 0.002762858956371128
0.09828170321082252 0.5613182063749325 0.09709137554881991
0.0008005555409973386 0.5548352242031335 0.002876034134584038
0.0024724194858625204 0.5429497568881686 0.0020150314092350907
0.012027393646598217 0.5445705024311183 0.011110311940782824
0.009463722397476393 0.539708265802269 0.009242808798646363
0.010895026420439047 0.5429497568881686 0.01325262758873974
0.0034312654959340882 0.5391680172879525 0.003683540258476503
