0.0024623803009575784 0.7033333333333334 0.015641025641025708
0.061247676099979276 0.69 0.06303726113227398
0.0005886970172684913 0.7066666666666667 4.856254856255848e-05
0.0 0.6666666666666666 0.0
0.0 0.7 0.0
0.0 0.6633333333333333 0.0
0.0 0.7 0.0
0.06260720411663812 0.67 0.06030445856216393
0.0 0.72 0.0
0.0 0.72 0.0
0.0 0.67 0.0
0.008928571428571397 0.73 0.00588235294117645
0.0 0.7 0.0
0.0 0.72 0.0
0.0 0.7333333333333333 0.0
0.0 0.68 0.0
0.0 0.7366666666666667 0.0
0.0 0.69 0.0
0.0 0.72 0.0
0.0 0.69 0.0
0.0 0.72 0.0
0.0 0.71 0.0
0.004524886877828038 0.7033333333333334 0.0029761904761904656
0.003740065451145358 0.7233333333333334 0.011520941903107484
0.010869565217391353 0.69 0.008928571428571452
0.0 0.6766666666666666 0.0
0.0 0.6766666666666666 0.0
0.0 0.7366666666666667 0.0
0.0 0.7166666666666667 0.0
0.0 0.7133333333333334 0.0
0.0 0.6933333333333334 0.0
0.0027886800247882704 0.6966666666666667 0.01327223501136543
0.0 0.6766666666666666 0.0
0.0 0.7166666666666667 0.0
0.0 0.7 0.0
0.01388888888888884 0.6866666666666666 0.01914098972922501
0.0 0.7066666666666667 0.0
0.005690737833594972 0.7066666666666667 0.005239567716141924
0.0 0.7433333333333333 0.0
0.0 0.7166666666666667 0.0
0.0 0.6966666666666667 0.0
0.0 0.7 0.0
0.0 0.6933333333333334 0.0
0.0 0.7033333333333334 0.0
0.16831683168316836 0.66 0.16399286987522282
0.0 0.7066666666666667 0.0
0.03386087596613907 0.73 0.03197853838057935
0.020408163265306145 0.7033333333333334 0.02564102564102566
0.0 0.6733333333333333 0.0
0.0 0.6833333333333333 0.0
