0.1732030668258202 0.5753646677471637 0.1699381383145046
0.07025350135298847 0.5548352242031335 0.0679873371447749
0.1977129982561997 0.5596974608319827 0.20125255788174023
0.0 0.5515937331172339 0.0
0.002610070570727707 0.5634792004321988 0.007886984815075992
0.004561664023038925 0.5591572123176661 0.0035331290782872338
0.011721947345916583 0.5467314964883847 0.012893807371261612
0.0 0.5337655321447866 0.0
0.024883653918267634 0.5440302539168017 0.023559838520420984
0.13563424611981967 0.5705024311183144 0.13065789873081707
0.0239834310581597 0.5602377093462994 0.01950181190439182
0.0 0.5494327390599676 0.0
0.0 0.5424095083738519 0.0
0.09241638052608991 0.5348460291734197 0.09273997197225514
0.0008428533313928899 0.5407887628309023 0.00510944455529333
0.08856687500459037 0.5569962182603998 0.0885714731654847
0.030360920350726572 0.5407887628309023 0.029041574260675385
0.030262273032952258 0.5375472717450027 0.029838972908279804
0.01707470205789019 0.5542949756888168 0.0183132814775796
0.17618151441245944 0.5467314964883847 0.17370229872482673
0.05017286084701811 0.5289032955159373 0.050255045319946345
0.12178091492250775 0.5813074014046461 0.10943716391499758
0.07606898180959132 0.5656401944894651 0.0697651778295259
0.2519793518915936 0.5532144786601837 0.2515275594827251
0.044990422421615106 0.5402485143165856 0.04510882592926441
0.012914402708874784 0.5445705024311183 0.013214622458023073
0.0037236967061528015 0.548892490545651 0.0205013348623031
0.0 0.5251215559157212 0.0
0.017121446518108874 0.5499729875742841 0.017491567991705093
0.039814200398141986 0.5526742301458671 0.03991841491841491
0.00920797720797728 0.5305240410588871 0.013137167102772074
0.14214547316189508 0.5694219340896812 0.1403025180728832
0.07821930298927526 0.526742301458671 0.0804053464447006
0.026098804842916712 0.5521339816315505 0.028189580109692358
0.025012212994626304 0.5510534846029174 0.02430492342698498
0.20463799818204653 0.5850891410048622 0.20676832266574047
0.07646833833935174 0.5532144786601837 0.08807766602275746
0.006869289962597391 0.5364667747163695 0.006634581025423025
0.012398103371340952 0.5575364667747164 0.03446066415753457
0.005745135400427315 0.5445705024311183 0.01721618041944356
0.03440350160734673 0.548892490545651 0.03347410361516795
0.2885863302807933 0.5548352242031335 0.27898898750576107
0.00019829152026151764 0.5515937331172339 0.011092829264559567
0.01591230551626588 0.5505132360886008 0.01925106115693942
0.0715560498680875 0.5613182063749325 0.06862369871220209
0.007852671585065862 0.5407887628309023 0.009595727608180893
0.06163341947238288 0.5440302539168017 0.060038669520112664
0.011494252873563204 0.539708265802269 0.01073170731707318
0.02766072013859633 0.5370070232306862 0.02436234404422194
0.0 0.5418692598595354 0.0
