0.14489598451862606 0.672979797979798 0.09683904232581927
0.19237768893965346 0.6559343434343434 0.1536625520375489
0.02312375221073948 0.6622474747474747 0.009143377732390434
0.19894080996884733 0.663510101010101 0.1646237813908199
0.17227161704914118 0.67739898989899 0.1288298326111397
0.16310869432394448 0.6622474747474747 0.13298344701566311
0.16778314943951433 0.6938131313131313 0.1305874576551268
0.18437375119582466 0.6584595959595959 0.15834211397290418
0.1689294157379264 0.6578282828282829 0.14519514163628414
0.10041018888945152 0.672979797979798 0.08304106024614191
0.19768297669347146 0.6590909090909091 0.1637448414760915
0.18280654782411832 0.6647727272727273 0.15184149688995652
0.19976201390853132 0.6704545454545454 0.15915892532733542
0.12863924050632913 0.6672979797979798 0.09352949045393119
0.06541753914468951 0.6748737373737373 0.037604118750469484
0.09194256082967689 0.6496212121212122 0.07625498427250088
0.19080100201625216 0.6660353535353535 0.16969703149916768
0.17387129452042738 0.6445707070707071 0.1406029277267503
0.16050256996002288 0.6515151515151515 0.11059520467023015
0.14529914529914534 0.663510101010101 0.1274542419423894
0.17775493421052635 0.6685606060606061 0.14295750653842446
0.14510793502693076 0.6628787878787878 0.10332144661448345
0.1555151400753496 0.6704545454545454 0.11812230598103676
0.13757460253774 0.6521464646464646 0.12286655069861085
0.14431794467502956 0.6672979797979798 0.09180015727345134
0.16552028218694892 0.6691919191919192 0.14358420793993887
0.19481222126896525 0.6723484848484849 0.1631194343254838
0.15775796205285741 0.6628787878787878 0.1330936189948904
0.16225328947368423 0.6786616161616161 0.12998619786007667
0.16628399153456053 0.6736111111111112 0.1310414156166104
0.18377050002507644 0.6856060606060606 0.15371324526476793
0.12327972143923072 0.6515151515151515 0.09474986559606408
0.18626205206869784 0.6717171717171717 0.14449672040900524
0.14450069854778957 0.6470959595959596 0.11731523443161163
0.13588926966904413 0.6458333333333334 0.10131540430617905
0.15880429236117577 0.6767676767676768 0.13029348598282114
0.16483118107218597 0.6603535353535354 0.13842003028715175
0.15380045665402775 0.6698232323232324 0.1099644907107632
0.1914020931698196 0.678030303030303 0.16235088179358206
0.16069065702011742 0.6597222222222222 0.1387787869885727
0.17423317673698313 0.6546717171717171 0.14060146349534536
0.14296814296814297 0.6685606060606061 0.10134409273864614
0.17791482031794448 0.6691919191919192 0.13435075401601634
0.15616198917411594 0.6761363636363636 0.10279997809381192
0.18097527472527475 0.6742424242424242 0.1402174900347019
0.115079365079365 0.6710858585858586 0.07713713293611418
0.12270488132557089 0.6748737373737373 0.06892229320964799
0.15127639299864581 0.6862373737373737 0.11359349963668175
0.19840687667241785 0.6717171717171717 0.1706750071307033
0.1819097502014505 0.6439393939393939 0.1569607409078814
