0.034449897591965456 0.7737664642052822 0.1372454770039705
0.0460766602418267 0.7598444004640688 0.11149592205011823
0.02697368841099837 0.7721968197638709 0.11320968471094571
0.011092475439225175 0.7761550535726472 0.10066543212124705
0.025140424838033665 0.7792260970449737 0.02269762920535572
0.013779972280886399 0.7846857298846652 0.10576773531825753
0.002735275755359118 0.7734252371528014 0.0866554192887916
0.00182009170480682 0.7799085511499352 0.09229913317518493
0.025761511528664544 0.7766327714461202 0.012991511469951957
0.0278172490538844 0.7725380468163516 0.022839353990102146
0.0001509757506067133 0.7784753975295161 0.08057760189174001
0.11098022218009963 0.7926021975022179 0.09936366443164171
0.12453023214640001 0.7986077936258786 0.11022146769372378
0.12679798703990453 0.7971063945949635 0.11452436318748538
0.06547745369397107 0.787415546304511 0.009572851444281175
0.12186316420690178 0.7961509588480175 0.11289368533895569
0.12019766953620618 0.7971063945949635 0.10628966795605477
0.11674356184058306 0.7966969221319866 0.10344896959351155
0.12615897239409812 0.7917150071657681 0.10216101475095135
0.11546316735533868 0.7967651675424827 0.10840541779865628
0.12406038988006772 0.7930116699651948 0.11666593211031173
0.12652733505306024 0.7923974612707295 0.10974878634161783
0.12305156834720123 0.7921927250392411 0.09789084748368682
0.06380865945728795 0.7859141472735959 0.004689305577096056
0.07292312669868703 0.78884869992493 0.012920626645264596
0.11820953930731098 0.7913055347027912 0.09585473721615952
0.12964641945097286 0.7952637685115675 0.10767362371644257
0.11380530008292544 0.7964921859004982 0.09607521117854201
0.13523688244506105 0.7984030573943902 0.1133683668749324
0.11175168883254774 0.7951272776905753 0.09226049926630396
0.11601000608312244 0.794035351122637 0.10184912366999112
0.12849865006008857 0.7942400873541254 0.10748120051624879
0.12131974482755446 0.7908278168293182 0.11582885171710323
0.1212681675082534 0.7957414863850406 0.1186053434761212
0.1208834388052465 0.8001091926567938 0.0870359552476079
0.12251300878687527 0.7958779772060329 0.10937717940445818
0.06515310098986227 0.7883027366409608 0.0037100141005614665
0.126916434185369 0.7915785163447758 0.11676559659228675
0.11696114404863978 0.7933528970176755 0.09655986238042136
0.06972348734609277 0.7949225414590869 0.01635470589538745
0.06825276404557859 0.7902818535453491 0.008104195478876856
0.11225822951601071 0.7997679656043131 0.08969848027804202
0.11486280354278192 0.7986077936258786 0.07810303249815403
0.12361570416370568 0.7944448235856139 0.1122788174526233
0.12139809404301959 0.7970381491844674 0.0903570757859772
0.11709378598384215 0.7960144680270251 0.09646619581313148
0.11890665735506856 0.7989490206783594 0.10908082175669723
0.13157311794976656 0.7988807752678633 0.11414508152836461
0.12861160976386143 0.7938988603016447 0.11764236852432264
0.11717235554662865 0.7958779772060329 0.09510152724155899
