0.03227270508100598 0.8034532177711049 0.017305798295671027
0.04991349423459189 0.8019518187401897 0.012202872447766994
0.04194125779437381 0.8003821742987784 0.017617282759699288
0.05406323619222238 0.8002456834777861 0.02811431671374059
0.041241071472721325 0.8022930457926705 0.018314679616222997
0.0548636921015969 0.8063877704224391 0.018878243576958168
0.06488890643976994 0.7966969221319866 0.030207107686675512
0.04823426219042043 0.8010646284037398 0.010123703266159533
0.044452109211401664 0.8035897085920972 0.009232487798949349
0.05494265813529883 0.7958779772060329 0.032787479985144176
0.03835020544793338 0.8026342728451512 0.029016946343260533
0.0372085581501224 0.803521463181601 0.008981785416836474
0.047430518438833974 0.8067289974749198 0.008998884831562196
0.04761274446106059 0.8060465433699584 0.017681697896689327
0.04611081584568215 0.803043745308128 0.011420880634282704
0.0659207982541962 0.8051593530335085 0.0467225936666688
0.04399648372862658 0.8052275984440046 0.014056196737804366
0.046541737559082516 0.8063877704224391 0.009552209322513553
0.05142024992207943 0.8003139288882822 0.024298933680653244
0.04702634293853036 0.8051593530335085 0.008614166531282698
0.05266094073975111 0.8012011192247321 0.02449727348090657
0.04820063783634343 0.8013376100457245 0.014548967077491357
0.052251961793151586 0.7999044564253054 0.010480212074666772
0.03758279859909763 0.8027707636661434 0.014190308594806838
0.056237577924825005 0.8028390090766396 0.02892264640932372
0.041672581730923364 0.7990172660888555 0.01972770770978023
0.0507407928022912 0.8013376100457245 0.017936902967390773
0.04323303401209118 0.8072067153483928 0.00898984775282003
0.05588852225515624 0.8042721626970586 0.03242138428421637
0.04297189038550858 0.8042721626970586 0.01973404734970735
0.049834285297089595 0.8051593530335085 0.0222489224008061
0.045773698437211255 0.8035897085920972 0.008440477004291663
0.045196013334097826 0.8024977820241589 0.018051155908956718
0.05072712538818015 0.804886371391524 0.025611570484725128
0.04409657222480261 0.8039991810550741 0.014279416788359447
0.04537652196341063 0.8052275984440046 0.01890136798237933
0.04942442058884236 0.8014741008667167 0.025981364723242858
0.04233552461937 0.7995632293728246 0.00792660864585706
0.052973537067486934 0.8005869105302669 0.02518211389977728
0.05198101741439594 0.8106872312836961 0.020317810013113877
0.041144313316149386 0.8062512796014468 0.012586401391436096
0.051025123798448715 0.8055005800859892 0.016946071856485747
0.04640409758233431 0.8042039172865625 0.022798274483440368
0.042615728651468454 0.8009281375827476 0.007251728472527912
0.04874086822594857 0.8034532177711049 0.015383946951098272
0.04849159373481256 0.8046133897495393 0.027410146594306652
0.03614094477790446 0.8086398689688118 0.003234865254165307
0.054332530242721375 0.8057735617279738 0.02495279524248736
0.052958031410106854 0.8031119907186242 0.03503123009499798
0.048608246606366645 0.8016788370982052 0.021833630276446876
