0.060576923076923084 0.6590909090909091 0.03410347217480228
0.13502153116002757 0.6496212121212122 0.0942136140342929
0.15607412650707264 0.6660353535353535 0.12361966679964748
0.1784084034537755 0.6597222222222222 0.13587516749624495
0.1832087522077226 0.6736111111111112 0.1408281381046778
0.16675766488134225 0.6628787878787878 0.1230436020835543
0.08556673728813557 0.6830808080808081 0.04680809189166954
0.144237078078297 0.6622474747474747 0.10183556679243902
0.18511528840676622 0.6546717171717171 0.1438238266480768
0.050800639507144196 0.6597222222222222 0.0528368329048097
0.03794480755265062 0.6483585858585859 0.03240616811757657
0.051225732959414016 0.6584595959595959 0.03491459316782203
0.05537586103623837 0.6521464646464646 0.05163485783766933
0.07698476343223737 0.6521464646464646 0.03575454438991016
0.14734333449574666 0.6679292929292929 0.12123973168103405
0.15854089383501146 0.648989898989899 0.13231078915034206
0.01781945365735993 0.6496212121212122 0.04635102673023059
0.15701479403838753 0.6565656565656566 0.1249617671671441
0.19398972161041328 0.6508838383838383 0.1550531212484994
0.1983227542351037 0.6666666666666666 0.1591947261465365
0.20568910256410255 0.6660353535353535 0.16032796004932232
0.19548037531386286 0.6628787878787878 0.15383602574596816
0.016491633854977983 0.6603535353535354 0.015455695787044033
0.15836038066828806 0.6496212121212122 0.1330292538765617
0.06551981451376487 0.6470959595959596 0.04538712938671824
0.19359271984399662 0.6736111111111112 0.1605051518572151
0.06444233750206929 0.6553030303030303 0.038942444132715665
0.057288866316052456 0.6407828282828283 0.05474557245723999
0.17545149579523 0.6755050505050505 0.1365034210694403
0.1848220769789397 0.6691919191919192 0.14310822569185744
0.11878598832134568 0.6748737373737373 0.07383688564129584
0.12255567953730229 0.6546717171717171 0.09153835464540444
0.18173975271996468 0.6641414141414141 0.13847570136178422
0.029819915254237217 0.6275252525252525 0.03254856482315499
0.16265653580976502 0.6420454545454546 0.12594468311332158
0.20190868475890078 0.672979797979798 0.16568491882691636
0.07465109489051092 0.6407828282828283 0.051557158124071245
0.048321085702983546 0.6565656565656566 0.006251211920725808
0.18629565847910812 0.6748737373737373 0.14357565287767418
0.05255303614096207 0.6470959595959596 0.009162597216100493
0.1881368105604675 0.6565656565656566 0.15342725076018787
0.1577960375391032 0.6628787878787878 0.1185179116848406
0.09605728269736247 0.6590909090909091 0.05201166744801208
0.1795582124371219 0.6616161616161617 0.13089010801732182
0.12008349831708176 0.6761363636363636 0.07370411487400005
0.04430299799040316 0.6590909090909091 0.04031772975326786
0.035849952516619155 0.663510101010101 0.024827211459894
0.1686396362258431 0.6843434343434344 0.12580857166537565
0.06485890878020051 0.6540404040404041 0.06633467209728885
0.196467643784476 0.6452020202020202 0.1676714815313678
