0.3439124487004104 0.6833333333333333 0.39358974358974363
0.11227019210906841 0.6833333333333333 0.12906479691108794
0.013147566718995196 0.6833333333333333 0.028205219832578288
0.011904761904761862 0.67 0.01315789473684209
0.10670314637482903 0.6866666666666666 0.12087098990539613
0.12632469277078462 0.6466666666666666 0.17560275545350168
0.2661679912731806 0.6933333333333334 0.2926445727212185
0.15909090909090906 0.7233333333333334 0.20919540229885059
0.16767443083232558 0.73 0.21357698258808783
0.1378676470588236 0.6966666666666667 0.16565025708411452
0.23456790123456794 0.6666666666666666 0.2592592592592593
0.1842105263157895 0.7566666666666667 0.23921568627450984
0.22883597883597884 0.7066666666666667 0.2551282051282051
0.15645940470624897 0.7266666666666667 0.19875794010889292
0.010869565217391353 0.73 0.008928571428571452
0.04201062095798935 0.6766666666666666 0.05454960549386323
0.125 0.74 0.18017057569296374
0.03448275862068961 0.6933333333333334 0.0388457269700333
0.04419333184157537 0.7233333333333334 0.04644692539429379
0.4702223991243345 0.6933333333333334 0.5028957528957528
0.389433739096151 0.6666666666666666 0.4209566558036689
0.1578947368421053 0.7233333333333334 0.21164889253486463
0.1364912079729652 0.7366666666666667 0.13215919300824963
0.009038491506934698 0.7033333333333334 0.01335939007913528
0.14130434782608692 0.71 0.1607142857142857
0.4193548387096774 0.6533333333333333 0.4385245901639344
0.06150793650793651 0.6766666666666666 0.09618491672660873
0.3026957637997433 0.72 0.34192958051605987
0.16849816849816857 0.71 0.19817432631182308
0.36190476190476195 0.6933333333333334 0.3938490414066512
0.15053763440860213 0.7066666666666667 0.1716748768472906
0.11681470770501967 0.7633333333333333 0.11547438069177202
0.10999999999999999 0.7 0.13329617944562444
0.20914996391094332 0.6733333333333333 0.2446227283183805
0.022471910112359605 0.6933333333333334 0.017543859649122806
0.09854497354497349 0.6833333333333333 0.11562365330747681
0.09359061990640938 0.72 0.10750300654759254
0.14992150706436413 0.6066666666666667 0.18503248375812098
0.021869639794168005 0.7466666666666667 0.014084350187452799
0.2694397993311036 0.7233333333333334 0.3259821783089895
0.15482731554160123 0.71 0.16672008547008538
0.10978234872040182 0.6733333333333333 0.10707374954362897
0.03237833594976447 0.7066666666666667 0.022569090853502227
0.18459563543003854 0.7066666666666667 0.20001571009635521
0.3160853773819593 0.68 0.36607585432015133
0.12497202953680919 0.73 0.15748507957559682
0.20879120879120883 0.7333333333333333 0.22664071190211343
0.0 0.6966666666666667 0.0
0.07127926421404684 0.66 0.0690429907595222
0.0 0.6833333333333333 0.0
