0.025706136189029935 0.8038626902340817 0.019176260362360413
0.04137165644575888 0.8017470825087013 0.019533083646048024
0.03077296672253603 0.8003821742987784 0.02257662830650676
0.04841351867809808 0.7998362110148093 0.0212369796655699
0.0393648988648414 0.8021565549716781 0.018972492388754345
0.051074018960905285 0.8061147887804545 0.013918621508556626
0.06347180677042653 0.7966286767214905 0.028025957003716198
0.04228393132178844 0.8015423462772129 0.011307664300959055
0.043344939691530554 0.8029072544871357 0.012279908798830074
0.051209536610278994 0.795946222616529 0.02794022172103198
0.027055190454787686 0.8022930457926705 0.04510812450692113
0.03255089629637299 0.8031119907186242 0.009863318812091064
0.04648623137556673 0.8067289974749198 0.00713426765912473
0.04761274446106059 0.8060465433699584 0.017681697896689327
0.03966789919759599 0.8037261994130894 0.00471016366120414
0.06071739238853868 0.8049546168020201 0.03833084772574896
0.04399648372862658 0.8052275984440046 0.014056196737804366
0.0327361020971097 0.8061147887804545 0.017635529450280886
0.0464353158150156 0.7993584931413362 0.01763925909391551
0.0386042569411475 0.8057735617279738 0.009547570145897792
0.043861347426993685 0.8009963829932437 0.012664133401503838
0.03798764780616164 0.801132873814236 0.010467204220163177
0.045219612988650876 0.799699720193817 0.014792019310868949
0.03436440779449994 0.8027025182556473 0.01723081104335979
0.052017160660929485 0.8026342728451512 0.02315714711825791
0.041672581730923364 0.7990172660888555 0.01972770770978023
0.04110263296818628 0.801132873814236 0.0072419207289634024
0.03586315837874249 0.8070702245274005 0.016986628554693017
0.05248716171093855 0.8042039172865625 0.026117748771655902
0.036538485833720394 0.8045451443390432 0.023436247565600372
0.04145526877454152 0.8055688254964853 0.010670270804074025
0.03758863655478081 0.8023612912031666 0.011184373846384321
0.04138406924261116 0.8029072544871357 0.02001600236709464
0.04735363141227654 0.8048181259810278 0.0201431480659403
0.04409657222480261 0.8039991810550741 0.014279416788359447
0.035589411551950584 0.8057735617279738 0.008120581935891297
0.04231875422863972 0.8014741008667167 0.012881192621513916
0.04092508738382698 0.7996314747833209 0.010650904848414147
0.0487855426514795 0.8005186651197707 0.017450289328021437
0.04287044554467408 0.8110284583361769 0.0046126414396124304
0.03365970432226317 0.8064560158329352 0.0029303305654223982
0.04720086594160505 0.8052958438545008 0.012116187502569358
0.03922440898148295 0.8043404081075548 0.012342509507373058
0.03614921594938994 0.8005186651197707 0.010749940609773745
0.04874086822594857 0.8034532177711049 0.015383946951098272
0.045230616642109436 0.8037261994130894 0.021837515898000284
0.03229572809502464 0.8083668873268273 0.008788450345324283
0.04928152671516543 0.8050228622125162 0.018315030260903954
0.045835752280785486 0.8029072544871357 0.02549674168701855
0.0402306710126723 0.802088309561182 0.00937391260574344
