0.07438316400580558 0.6628787878787878 0.047267620802151966
0.1347192080715781 0.6458333333333334 0.10086057340594085
0.02312375221073948 0.6622474747474747 0.009143377732390434
0.13370716510903424 0.6584595959595959 0.10125749629121278
0.11863887720067023 0.6717171717171717 0.07779232976616349
0.10464715586240603 0.6578282828282829 0.0761587520185289
0.006660054948042782 0.678030303030303 0.055475348033950406
0.06639218203175146 0.6584595959595959 0.057460495224020774
0.15632106270404145 0.6603535353535354 0.13259416992326734
0.10041018888945152 0.672979797979798 0.08304106024614191
0.08831947662532369 0.6540404040404041 0.05776847279972283
0.13001151676821765 0.6628787878787878 0.0972521249092802
0.005759458484106639 0.6534090909090909 0.039665288391556086
0.07147943037974691 0.6622474747474747 0.052457676597844144
0.033263198308676634 0.6698232323232324 0.04707462650230987
0.08831937242387988 0.6502525252525253 0.07208831760583417
0.14157023278548297 0.663510101010101 0.12097908278121902
0.06178878546489264 0.6439393939393939 0.07424843661199432
0.11843137254901959 0.6483585858585859 0.0687502328748596
0.1048951048951049 0.6647727272727273 0.08248185019580412
0.10069901315789465 0.6647727272727273 0.067498243068608
0.10743670215021839 0.6597222222222222 0.06748811328115006
0.07990531554258629 0.6590909090909091 0.04941732029225146
0.13757460253774 0.6521464646464646 0.12286655069861085
0.0438008672061585 0.6616161616161617 0.11789816327392585
0.023544973544973535 0.6654040404040404 0.08026675484788431
0.04629736978381671 0.6641414141414141 0.06491319815741048
0.11138017728405891 0.6622474747474747 0.0865487164772632
0.10995065789473679 0.6799242424242424 0.0766891753786175
0.03970171305354786 0.6647727272727273 0.06333962703741805
0.10436330808967342 0.6786616161616161 0.08004649851454551
0.015937265305724257 0.6508838383838383 0.053169488364382345
0.12437439387060456 0.6710858585858586 0.07862096743746019
0.10515643625270765 0.639520202020202 0.09700446546305785
0.09029656450187096 0.6452020202020202 0.05357740273261491
0.10143958494104155 0.6698232323232324 0.07570029076000684
0.022510053523847495 0.6515151515151515 0.06498254486816799
0.010620822183880718 0.6578282828282829 0.03380445154490663
0.13062164870700788 0.6767676767676768 0.1016461663076346
0.10051970179940595 0.6603535353535354 0.0751024538864703
0.10734354462995976 0.6508838383838383 0.07502884433624807
0.09583009583009583 0.6672979797979798 0.052254077982128694
0.13209293763395624 0.6691919191919192 0.08873299047138591
0.0468372303316722 0.6672979797979798 0.008690539749058646
0.14228479853479858 0.6672979797979798 0.10817828188555717
0.03906525573192243 0.6698232323232324 0.005959540290530002
0.07937751903269152 0.6691919191919192 0.02784257173557897
0.08758212548272226 0.6837121212121212 0.04800081335434028
0.059334028990298604 0.6679292929292929 0.04876747022316644
0.0449234488315875 0.6388888888888888 0.035855214858311335
