0.03549679487179491 0.6597222222222222 0.035418655582522024
0.026360113837192944 0.6452020202020202 0.015547577562585457
0.025121054838960988 0.6559343434343434 0.02048077618318786
0.04960677555958859 0.6483585858585859 0.0362817493492992
0.039125448868725266 0.6685606060606061 0.03363968806041784
0.08020434185197589 0.6565656565656566 0.04284995786594961
0.0558792372881356 0.6849747474747475 0.035178517643674356
0.03451920973973899 0.6521464646464646 0.0557323184523473
0.058875102162121995 0.6458333333333334 0.01998945568237981
0.07359856696828415 0.6597222222222222 0.05172382731610081
0.0017550229968530395 0.6483585858585859 0.03679603887000654
0.025543549973860213 0.6584595959595959 0.028202594922592833
0.05537586103623837 0.6521464646464646 0.05163485783766933
0.06444557847925936 0.6508838383838383 0.03455519266514642
0.017794841198354616 0.6622474747474747 0.05348214272629753
0.05043278572690335 0.6452020202020202 0.023717975600945546
0.01781945365735993 0.6496212121212122 0.04635102673023059
0.12638178518396304 0.6559343434343434 0.09410050100318068
0.17218286802785876 0.6496212121212122 0.13284903961584632
0.0699550838706029 0.6521464646464646 0.06896774284600773
0.05336538461538454 0.6679292929292929 0.02353772818169106
0.08212633804678215 0.6546717171717171 0.03946527744664846
0.0042950444879705785 0.663510101010101 0.029419419484002646
0.058193435760107826 0.6483585858585859 0.044622270836618766
0.049596247634783985 0.6445707070707071 0.046399414851219234
0.08780759587705445 0.6698232323232324 0.06520149443766657
0.06444233750206929 0.6553030303030303 0.038942444132715665
0.057288866316052456 0.6407828282828283 0.05474557245723999
0.031153373991478883 0.6597222222222222 0.03721936467603057
0.06802227063664973 0.6477272727272727 0.03981246997824303
0.009151436826329018 0.6660353535353535 0.03699129001446605
0.0005703899438423976 0.6414141414141414 0.03912671546823801
0.04799169673240633 0.6578282828282829 0.002241447485815229
0.02513241525423726 0.6268939393939394 0.03272026811985826
0.0534684114253553 0.6382575757575758 0.013614053242462898
0.1060025459941134 0.6660353535353535 0.06942268826773396
0.0586510948905109 0.6433080808080808 0.04021274957154092
0.048321085702983546 0.6565656565656566 0.006251211920725808
0.06598386658207189 0.6717171717171717 0.03847879592432682
0.03073659573822296 0.6445707070707071 0.012238772838724266
0.1881368105604675 0.6565656565656566 0.15342725076018787
0.05539603753910327 0.6603535353535354 0.013064181871972141
0.047657028913260235 0.6590909090909091 0.04573771613399294
0.1482102500546767 0.6590909090909091 0.09898049395259453
0.11844683710595239 0.6755050505050505 0.07233425186030143
0.016395029323709176 0.6565656565656566 0.05661188973030648
0.03430674264007594 0.6641414141414141 0.022726371123759553
0.04877099911582661 0.6685606060606061 0.08468197635052255
0.06272443706195074 0.6553030303030303 0.068503869494252
0.06722693296056648 0.6388888888888888 0.03567573433185886
