0.05772377304710344 0.7905548351873336 0.019935709638750347
0.068387121690583 0.7865283559680611 0.004545412842675331
0.05631795523708136 0.7859141472735959 0.010304777377696521
0.07127028345933151 0.785982392684092 0.008229304833653327
0.06345464161858352 0.7886439636934416 0.007769170177665097
0.05605566150772229 0.7936941240701563 0.016736821776595974
0.06659621797931764 0.7837302941377192 0.0019282146398254818
0.06709912631302073 0.7895311540298915 0.009481592706206084
0.057834241161883876 0.7860506380945882 0.003791584175747466
0.056849686475908046 0.7816829318228349 0.009144407801195388
0.07187707709770935 0.789258172387907 0.014837186490308067
0.05772468093700514 0.7873473008940148 0.010135386947693309
0.06041826200434089 0.7897358902613799 0.013100621399200804
0.061605087444539214 0.7890534361564184 0.006125575369293777
0.059079104880761596 0.7880980004094724 0.007802527797747545
0.07632921222389888 0.7943083327646215 0.021607009533649274
0.0719916436510304 0.792124479628745 0.012260802215719145
0.06455624013544708 0.7908278168293182 0.012330248545910062
0.06191637521758636 0.7860506380945882 0.009625685494352353
0.05960436542078287 0.7936258786596602 0.0016419960909986875
0.0630724927321751 0.7881662458199686 0.0018641913991538361
0.06648069901679082 0.7875520371255033 0.00746457705796983
0.07236450692474278 0.7865283559680611 0.003199744786945645
0.06566197387502881 0.7850952023476421 0.01113714064018645
0.0660668025071193 0.7887804545144339 0.004698846315991913
0.060239261345944234 0.7846857298846652 0.013506485293758856
0.07496705191073585 0.7903500989558452 0.007064464723888303
0.05565149751568407 0.7907595714188221 0.0244666929332924
0.07803684752990989 0.7913737801132874 0.006445532796419365
0.057898884552261776 0.7898723810823722 0.010641655641599267
0.055940358763479636 0.7887804545144339 0.009869936379896256
0.06848289255057674 0.7867330921995496 0.0032384678897843175
0.06815426630811014 0.7865966013785572 0.01919177554160815
0.07058130393694115 0.7895993994403876 0.026652918424031877
0.06169925942386914 0.7938306148911486 0.02300493026172451
0.06645680355426728 0.7910325530608067 0.011898301896208885
0.06704017060591269 0.7870060738415342 0.011158846263471599
0.07185316646533532 0.7867330921995496 0.00549781661054289
0.06911649161723524 0.7883027366409608 0.007691274280225563
0.06972348734609277 0.7949225414590869 0.01635470589538745
0.058892197619580255 0.7898723810823722 0.007949541138081051
0.05126028963698065 0.7916467617552719 0.015809112925529674
0.06185269441795785 0.7918514979867604 0.004803587452997131
0.07146491276364769 0.7893264177984031 0.009199247520877106
0.07667289505511124 0.7921927250392411 0.01058002965641501
0.060566038678292494 0.7891216815669146 0.005792637624735364
0.06648070141704737 0.792124479628745 0.02128400864308746
0.07626284933978597 0.7932164061966833 0.0034466251161764452
0.07130728718413124 0.7889169453354262 0.013433017116280692
0.06853641379983832 0.7908278168293182 0.003176743646438482
