0.0733242134062927 0.7066666666666667 0.10858974358974366
0.024271844660194164 0.71 0.028671846096929354
0.07554945054945061 0.69 0.09508065964433887
0.00462962962962965 0.6633333333333333 0.00324675324675322
0.0601915184678522 0.6666666666666666 0.05522963902542144
0.07035175879396982 0.65 0.07204362801377723
0.0520492441951067 0.7 0.07011249438580736
0.09777015437392789 0.6933333333333334 0.17750166280446794
0.06293706293706292 0.6966666666666667 0.12036645317977951
0.03860294117647056 0.7033333333333334 0.04830387736112607
0.06527989176391003 0.6633333333333333 0.0769085411942555
0.0401785714285714 0.72 0.039106753812636175
0.07142857142857151 0.71 0.09230769230769231
0.04612747389745986 0.7133333333333334 0.055807364708793994
0.1101588628762541 0.7466666666666667 0.10842088128673494
0.06556601293443398 0.6633333333333333 0.07288318234950325
0.10184391080617494 0.7266666666666667 0.10785191819674578
0.01570341589768487 0.6866666666666666 0.021243485910804716
0.03826359364511078 0.7133333333333334 0.03830833121450966
0.06607293895218658 0.6633333333333333 0.08454467829467832
0.03947562958947326 0.7033333333333334 0.062097067706586906
0.06719924812030076 0.7 0.0673233695652174
0.020791568818374517 0.7033333333333334 0.02267316017316018
0.09365747233909927 0.72 0.10770121598147075
0.08173076923076927 0.6766666666666666 0.08975563909774431
0.08212560386473433 0.6733333333333333 0.09322860238353198
0.06944444444444442 0.66 0.07121212121212123
0.05853658536585371 0.7366666666666667 0.0783040488922842
0.04102564102564099 0.7033333333333334 0.040956108470785624
0.1333333333333333 0.6866666666666666 0.1521307897371756
0.07137291569269133 0.68 0.08611615245009074
0.004854368932038833 0.7166666666666667 0.003105590062111807
0.010000000000000009 0.68 0.01315789473684209
0.04147465437788023 0.7133333333333334 0.05124223602484468
0.01720006390116613 0.69 0.021541344910619986
0.03240740740740744 0.6733333333333333 0.03221288515406162
0.02302960197697046 0.7 0.025981767701512892
0.08182888540031397 0.6833333333333333 0.1269000916208562
0.054674099485420236 0.74 0.06964886459209424
0.12353678929765888 0.7066666666666667 0.17598989822680988
0.04199372056514905 0.7033333333333334 0.05288461538461536
0.08275532169337474 0.68 0.08434647681635626
0.020408163265306145 0.6866666666666666 0.01956329673103624
0.06829268292682922 0.7033333333333334 0.08598993288590606
0.0205482859843773 0.6733333333333333 0.024298477230650817
0.05202506153501896 0.6833333333333333 0.043570402298850563
0.06293706293706292 0.74 0.06882330724038904
0.023843200646595286 0.6766666666666666 0.02793568013907005
0.0 0.6733333333333333 0.0
0.0012968922618762369 0.68 0.012660815314267992
