0.024212694108063426 0.7707673030146679 0.12019347514147692
0.0666334628727982 0.8045993955922459 0.09658637249280932
0.03951838350678327 0.7992186924154198 0.11659869630030817
0.03949730982456473 0.7662710989901969 0.09751603513039457
0.051566394382760006 0.7816024176310165 0.0979171865601955
0.04556443679333888 0.7860249133927913 0.10645959508039834
0.026703566722846572 0.7842559150880813 0.12239120557415431
0.05547991207794267 0.7952384462298223 0.10899304781001402
0.04908251431467736 0.7720203434805042 0.09499726249638475
0.04999358517534025 0.7927323652981499 0.11136575337380608
0.037321842285696016 0.7820446672071939 0.12201128994869612
0.045142583987757445 0.7811601680548389 0.10937365875337088
0.03893742832844471 0.777622171445419 0.10864846962095707
0.04347895694333892 0.7988501511019386 0.11030284797587121
0.03322055178253969 0.7944276553401637 0.11168880893569044
0.06277921846327789 0.7915530330950099 0.09753306517685068
0.05390531822262218 0.7922164074592762 0.11639436852872345
0.047776750231820875 0.7935431561878087 0.11081929958277097
0.03023967765145269 0.7911844917815287 0.12219617205781978
0.04382837713352339 0.7764428392422791 0.10583365793091168
0.03597735786297512 0.7633964767450431 0.10701644227823053
0.0636961854951903 0.7939854057639861 0.09754991959952458
0.04612492508667865 0.7839610820372964 0.11234279149431507
0.040490422649088254 0.786540871231665 0.10652385902355652
0.06359998331932859 0.7891206604260338 0.09530952465974737
0.03631279746887567 0.778506670597774 0.1141807620491933
0.04722484407978633 0.791258200044225 0.10280135070059725
0.051005285758203844 0.7930271983489349 0.11045787905899007
0.04161341878569991 0.7693668460234392 0.10926977917391915
0.037441415353491325 0.7919952826711875 0.1142430458703134
0.04379355457644796 0.8003243163558635 0.11325734030289329
0.036754295602587694 0.7927323652981499 0.12976900463098112
0.05518153010007282 0.7876464951721088 0.1039698455796071
0.04359952015102275 0.7806442102159652 0.11370888651422624
0.04958814721147059 0.7992186924154198 0.11370560784372773
0.06612485683075758 0.7915530330950099 0.09078363479308052
0.049434430206497404 0.7867619960197538 0.10614064392262056
0.04075224491525342 0.8053364782192084 0.1229086148411344
0.04332946397255294 0.7852878307658289 0.10624719314387915
0.040962047912729393 0.7850667059777401 0.10903983413035177
0.0614406067387791 0.788309869536375 0.09924488624209482
0.04982787330163935 0.7848455811896513 0.10178248861201104
0.05124958896318915 0.7678926807695142 0.09142755079105314
0.06344803136077415 0.779096336699344 0.09220037065160688
0.06193105238922081 0.8043045625414609 0.10333474868718681
0.04330936401103813 0.7931009066116311 0.11064640933004238
0.05584148780350057 0.7636913097958281 0.09023940125275526
0.06024254184708183 0.7878676199601975 0.09473889970471477
0.06439702669410491 0.7899314513156925 0.09754841290177901
0.07012774695726165 0.7855826638166138 0.0921664746152488
