0.1296853625170999 0.68 0.1371794871794872
0.053811196033877295 0.75 0.1133697374759219
0.006868131868131844 0.69 0.023508854876779367
0.16931216931216936 0.73 0.09849427534154784
0.21067031463748292 0.72 0.1768768828286032
0.06746604308672077 0.6766666666666666 0.10966003316749587
0.00529842605578934 0.7133333333333334 0.008844289398081101
0.0006432246998284707 0.69 0.07173912500920315
0.07397865292602135 0.71 0.04003956362496816
0.03799019607843146 0.72 0.11791552113366918
0.10536106883138852 0.7 0.11805555555555555
0.13862781954887216 0.7466666666666667 0.10736383442265791
0.08994708994709 0.71 0.08404558404558406
0.030699703911485132 0.73 0.10386332700874444
0.2081939799331104 0.7233333333333334 0.16175914194206878
0.10179294389820703 0.7466666666666667 0.11173199152542374
0.0062178387650085876 0.7266666666666667 0.08853738472884123
0.031083050024283687 0.67 0.02278822684116237
0.01376146788990823 0.6633333333333333 0.058530934274641344
0.03791233394696247 0.6433333333333333 0.10305214211464209
0.07027746291459269 0.6666666666666666 0.05863864880377752
0.006109022556391008 0.72 0.15288402378999183
0.18592130133455526 0.72 0.09883300661602545
0.012778556958080167 0.7033333333333334 0.04408415363829382
0.0794314381270903 0.72 0.05602548036758559
0.14430419199002648 0.71 0.15080651785872867
0.04497354497354489 0.7166666666666667 0.05744554491967756
0.05263157894736836 0.7133333333333334 0.13398249394737538
0.03516483516483515 0.73 0.031416497510260766
0.10158730158730156 0.7133333333333334 0.06406866099508737
0.13323983169705467 0.7366666666666667 0.20632270330999908
0.010638297872340441 0.69 0.08811526637613593
0.08000000000000002 0.69 0.05028448592019698
0.05046915773693861 0.6666666666666666 0.07843151836780018
0.15858139411044248 0.7133333333333334 0.1326278053568675
0.0092592592592593 0.7333333333333333 0.06066176470588236
0.11793469688206526 0.6833333333333333 0.0663246873437956
0.011577708006279441 0.7166666666666667 0.037103843911377665
0.13657804459691258 0.7433333333333333 0.08809434291742102
0.07671404682274252 0.7133333333333334 0.04774921789728773
0.058673469387755084 0.76 0.07083333333333339
0.11181535517818703 0.6433333333333333 0.14027929901423877
0.05435635792778648 0.7133333333333334 0.044196666204140304
0.13684210526315788 0.6866666666666666 0.09595571041500892
0.04263893726056023 0.6333333333333333 0.04662434466690757
0.02271201611098672 0.7033333333333334 0.10716180371352782
0.0041537409958462 0.6533333333333333 0.14991820046198095
0.04485754697918776 0.69 0.01679052585832251
0.005643812709030138 0.6933333333333334 0.05175583164300204
0.10139776166002201 0.6933333333333334 0.09655893978144617
