0.062267901726706265 0.671528903295516 0.038507480209969386
0.027552674230145846 0.6628849270664505 0.047656047518731814
0.047342400897280534 0.6564019448946515 0.07300427610447036
0.001255915400908636 0.6672069151809833 0.01999646516979811
0.044855967078189285 0.6542409508373852 0.06324325055268457
0.043991042744781494 0.6790923824959482 0.027372503681974913
0.057884607831585555 0.6472177201512695 0.031312450252017204
0.001294806088294187 0.6639654240950837 0.05889913830367863
0.023790079778367668 0.6418152350081038 0.04193938640948333
0.004062490940763774 0.6596434359805511 0.017750522833785004
0.04073080099091653 0.6596434359805511 0.015333042156305599
0.023361936932211558 0.6526202052944354 0.027561115810611797
0.044597065340336806 0.6645056726094003 0.08030191533066641
0.06479029409110248 0.6591031874662344 0.04641984452430575
0.08143764911534734 0.6537007023230686 0.05857933629620274
0.05305340027384753 0.671528903295516 0.030817766290290982
0.05101263895233743 0.6639654240950837 0.08811932497704478
0.0016770016770016882 0.6537007023230686 0.062358914228093504
0.031170898361674082 0.6758508914100486 0.004867956624053399
0.006349582359181372 0.6650459211237169 0.03869037430348182
0.010532878765769471 0.6634251755807672 0.03031615397037657
0.017395786185406825 0.6601836844948676 0.03982024551530505
0.013839026450556902 0.6628849270664505 0.057224231591638586
0.011010837286436037 0.653160453808752 0.034514695678448504
0.05128191815245953 0.6672069151809833 0.0399984648075922
0.01863728164971834 0.6645056726094003 0.04043553816894871
0.013589895942837105 0.6666666666666666 0.0676310076472261
0.02506329726980916 0.6693679092382496 0.03185058448167735
0.04215466792349076 0.6515397082658023 0.027604497399144223
0.02884734223888441 0.6488384656942193 0.04672615872213268
0.032028024360032936 0.6758508914100486 0.07426479186949952
0.08537814029363777 0.6455969746083198 0.05765968332385435
0.03730333813291764 0.6634251755807672 0.06124861712757124
0.013310294025452918 0.6709886547811994 0.031222814073669364
0.0305358309113003 0.6672069151809833 0.04953052576458339
0.0416881421384076 0.6526202052944354 0.06035645659599592
0.027590721041758526 0.6650459211237169 0.018288839458139333
0.08110342636619783 0.6607239330091842 0.05902087578528867
0.0005664223781998157 0.662344678552134 0.048238851159463164
0.02064218398586759 0.6655861696380335 0.05747785875335146
0.007155948536359924 0.6607239330091842 0.045190687224306386
0.04619124797406804 0.6666666666666666 0.012733221229082103
0.03842865260731715 0.6585629389519179 0.031730125641331514
0.032901404653839283 0.6618044300378174 0.012984026599627663
0.027766567962055566 0.6855753646677472 0.036115661993295634
0.028531747071617652 0.6569421934089681 0.049833208990891914
0.030797162357529495 0.6661264181523501 0.06287308533206687
0.016608819847118483 0.6591031874662344 0.021297240587732302
0.03126483474579578 0.6677471636952999 0.03142892393839267
0.039673445268039564 0.6823338735818476 0.019430922041592802
