0.061003491152379574 0.6693679092382496 0.024804495927777642
0.05353079039434794 0.662344678552134 0.04641411371999088
0.04557992932207833 0.6547811993517018 0.021054725754989095
0.05870105012673943 0.6607239330091842 0.029006422383653196
0.012224896236615379 0.6499189627228525 0.026464714413195034
0.0018449146726964294 0.6677471636952999 0.035716955429701824
0.019681143485431485 0.6455969746083198 0.01473054297511009
0.03827920227920234 0.6591031874662344 0.07149763324152847
0.0010223455527968994 0.6428957320367369 0.027211365579155794
0.037781008576223185 0.6693679092382496 0.00493646535014472
0.004780222041781579 0.6477579686655862 0.030604391069291387
0.05272214192305047 0.6580226904376013 0.023864623165563204
0.059354793907501424 0.662344678552134 0.022985825573966334
0.04490043840824087 0.6515397082658023 0.06031290118224575
0.09152538261903037 0.6574824419232848 0.07146456752778568
0.06435401778828848 0.6661264181523501 0.02338859753161429
0.07969142804586421 0.6612641815235009 0.05900980347047763
0.018035427921103797 0.6547811993517018 0.05232598708594752
0.05682364020771791 0.6655861696380335 0.01624544701210065
0.07939431183146739 0.6639654240950837 0.07122729099304942
0.024281312239299524 0.6542409508373852 0.03855693653541212
0.034865617830219575 0.6655861696380335 0.04507779263658532
0.017087959681864717 0.6650459211237169 0.022625155675615655
0.08766631921025203 0.6542409508373852 0.04043372781684687
0.04079645125516684 0.662344678552134 0.057252396642695075
0.0485190059959727 0.6650459211237169 0.04562691483433856
0.07794147048533012 0.6726094003241491 0.0237993704944664
0.0509884658913049 0.6607239330091842 0.08747178517111431
0.09835094302360026 0.6450567260940032 0.06954783021856192
0.02181872193330353 0.637493246893571 0.01798624188004716
0.05967521367521372 0.6774716369529984 0.014570750216908984
0.041450399716457365 0.6488384656942193 0.011683992069942833
0.044916100560908556 0.6601836844948676 0.03509986682105684
0.014596877798107977 0.6709886547811994 0.030239073244887282
0.02147608131975498 0.6612641815235009 0.05322894078997156
0.04922884781660841 0.6493787142085359 0.017623272792111594
0.016294871362199537 0.6650459211237169 0.027733186934781023
0.03248206511741991 0.6509994597514857 0.07893065347474817
0.011498401941613723 0.6509994597514857 0.03922965553646707
0.033333333333333326 0.6639654240950837 0.03714352782379757
0.01636142786835465 0.6364127498649379 0.03372783559586576
0.03461019467523807 0.655861696380335 0.07775477563404437
0.02556175987690057 0.6569421934089681 0.030245145151014924
0.07782885431400277 0.6639654240950837 0.04349307682138662
0.01282728703710545 0.6596434359805511 0.04033106229527231
0.0419181757209926 0.653160453808752 0.014222185099321771
0.11509044600197071 0.6553214478660183 0.07514213960597704
0.06697524491247386 0.6596434359805511 0.02999347165120425
0.10131923959357592 0.6672069151809833 0.046332172466215016
0.07466951824333046 0.6677471636952999 0.03561567660388043
