0.07314875236083651 0.8028303972875359 0.030047913592315942
0.04759466889876984 0.8011351072455222 0.034677410957307184
0.02515971036052056 0.7897840347903 0.05176388733101127
0.06707760289407877 0.8037148964398909 0.034880964691897026
0.021367767826646067 0.7931009066116311 0.04708828239645606
0.050620697516096824 0.8051890616938159 0.048708963203277486
0.04977529708201778 0.800176899830471 0.050871363070914805
0.04073729293580586 0.800766565932041 0.049982194495517024
0.03647037522432223 0.8020933146605734 0.03724140720579962
0.06290914396474118 0.8020933146605734 0.020038131928814804
0.040805437868050576 0.8057050195326896 0.051207670418300766
0.08477167997801044 0.7966389032210511 0.042909964518065474
0.047312880832803494 0.7950173214417336 0.03548656460540918
0.040487309322683074 0.7936168644505049 0.047277466580611785
0.027623892022562435 0.798407901525761 0.042403520147566987
0.07139309865861859 0.7990712758900272 0.03788089965318704
0.03784690186562606 0.791258200044225 0.038602468311472765
0.04721734538618744 0.7919215744084912 0.035726877000459054
0.039963579064834 0.7915530330950099 0.03905051804477698
0.05273243902852537 0.78919436868873 0.044533496127467806
0.0363484786402149 0.8047468121176384 0.05919667256525385
0.06609746578757181 0.8081373922016658 0.03165533672251983
0.038916323890371696 0.8059261443207784 0.03493708385480353
0.020456081060736542 0.8068106434731334 0.05924202104268639
0.03177282795865699 0.7961229453821773 0.05123975278305534
0.05779741711722031 0.7951647379671262 0.033570424374627594
0.05924955423973943 0.8017984816097885 0.02464052981549382
0.0336736223876169 0.7942802388147712 0.051208299084699635
0.05998150888595316 0.7935431561878087 0.024124431451398504
0.04769990706787708 0.7995135254662048 0.04695716164812426
0.06416450232310428 0.7959018205940886 0.02341293882639213
0.050547888823591125 0.8023881477113585 0.023572748792817774
0.045098288832524425 0.7974496941107098 0.03355177767618586
0.07637735447224553 0.7978919436868873 0.03001656553878819
0.05776149344674408 0.7846981646642589 0.029143042079101025
0.033456613366181887 0.8003980246185597 0.05465918154429995
0.07558272821300238 0.8012088155082184 0.03423507658726978
0.052280114201595784 0.8062209773715634 0.0330749864496752
0.030165517819817522 0.8006191494066485 0.046164282946946536
0.06815928991396913 0.801651065084396 0.02968378642142326
0.06874454849882522 0.7898577430529963 0.019008380483334725
0.03919453040358628 0.7993661089408123 0.02683789401078847
0.06807727220891774 0.7872779538586275 0.021050432622793297
0.035042853167814525 0.7954595710179111 0.03833278499574705
0.04285967708613969 0.8018721898724847 0.046564691064775954
0.054627211051312186 0.7970811527972286 0.0354301377321614
0.03745664133268528 0.7904474091545662 0.03871941381003423
0.04118436226595096 0.7987764428392423 0.03321564643562254
0.05176168910106094 0.7877939116975012 0.021943063815497543
0.05627656843665174 0.8072528930493108 0.04407704146938486
