0.09988138313994177 0.671528903295516 0.06328869933741119
0.10997135513965783 0.6693679092382496 0.09740967303105488
0.090006327062854 0.6574824419232848 0.044185057657467997
0.05870105012673943 0.6607239330091842 0.029006422383653196
0.09007940660132774 0.6537007023230686 0.04538225988626815
0.11428908912962771 0.662344678552134 0.0841699672596046
0.053668071590006694 0.6455969746083198 0.03342144233123914
0.014524216524216538 0.6628849270664505 0.03739735772219496
0.05829145926999002 0.6445164775796867 0.031321356090079466
0.09724424062918091 0.6758508914100486 0.06372419540301705
0.022438044206296026 0.6515397082658023 0.020140610278551213
0.1038956569619382 0.6650459211237169 0.0752697579203464
0.08981535778768845 0.6639654240950837 0.05390540338896288
0.15929088233490707 0.6580226904376013 0.1266000094471964
0.11575589997331981 0.6515397082658023 0.09538642822971141
0.11129064242014736 0.6682874122096164 0.06988670715517054
0.07969142804586421 0.6612641815235009 0.05900980347047763
0.10278642003591565 0.6596434359805511 0.08154740223186202
0.05682364020771791 0.6655861696380335 0.01624544701210065
0.11394580684807876 0.6639654240950837 0.08871054736887468
0.12312953289992862 0.655861696380335 0.09317090691278859
0.06990682211921151 0.6655861696380335 0.05873019485882805
0.04768091975746125 0.6639654240950837 0.01241125852473915
0.10096802379054509 0.6574824419232848 0.05166961592180369
0.11566690190543405 0.6709886547811994 0.09279297235055822
0.06857682832169021 0.668827660723933 0.05663006786691954
0.11457864747338431 0.6812533765532145 0.05581799884132757
0.03659490958125644 0.6607239330091842 0.051627799306497385
0.1787904721152475 0.6493787142085359 0.14945854821163124
0.0903207512229749 0.6472177201512695 0.04322652519555173
0.11439886039886044 0.653160453808752 0.07142792978804968
0.041450399716457365 0.6488384656942193 0.011683992069942833
0.0767232838212829 0.6574824419232848 0.05112695499924372
0.12069723984895075 0.678011885467315 0.0825681353400134
0.008622374206155303 0.6585629389519179 0.030344916485965323
0.07821818396801583 0.6542409508373852 0.04541985084379385
0.12125814181094124 0.6618044300378174 0.076082813190784
0.10741959960757863 0.6628849270664505 0.09263963943161097
0.042266014141274844 0.6585629389519179 0.018897196921205353
0.033333333333333326 0.6639654240950837 0.03714352782379757
0.01636142786835465 0.6364127498649379 0.03372783559586576
0.03461019467523807 0.655861696380335 0.07775477563404437
0.045662571285801534 0.6547811993517018 0.04964206079754788
0.10197430457331447 0.6655861696380335 0.0673181966178123
0.04719658283881556 0.6655861696380335 0.019835907358872307
0.09019673597138383 0.6542409508373852 0.06351884901916088
0.1623064195281564 0.6645056726094003 0.11909497712304798
0.09459242434670889 0.6580226904376013 0.05956888879358313
0.15319918527883125 0.6682874122096164 0.10476075356381953
0.10624827153892957 0.6704484062668827 0.06077608691058531
