0.20503317177930766 0.8040834377533721 0.06135687487580525
0.22061290530714753 0.8125598879634407 0.07667291821563922
0.20475115240826286 0.8061472691088671 0.0652712053975455
0.21312449588690888 0.8014299402963072 0.05927595949277556
0.21692233701804894 0.804009729490676 0.057479227407004785
0.21311658785534407 0.8003243163558635 0.06161668728596646
0.19912551073010074 0.8090955996167171 0.07491962052506135
0.21626041226824308 0.7945013636028598 0.07422814212686299
0.22153782302069394 0.7933957396624162 0.06743301050780577
0.20452029640499195 0.7900788678410849 0.0645285806350584
0.19067587989421478 0.7959018205940886 0.08932489406645415
0.21050101914424246 0.7957544040686961 0.06811550666550302
0.20782158631610378 0.8011351072455222 0.07215448360475184
0.19804562304756937 0.8051890616938159 0.06715731388422444
0.21276984552043718 0.801651065084396 0.0582675678845225
0.21568652213071648 0.7899314513156925 0.07444715940142752
0.21548386195117045 0.8102012235571607 0.06900860484030942
0.2192984095632049 0.7978182354241911 0.07151193749962535
0.20468438003188852 0.8029778138129284 0.0654264095156911
0.2033412217361671 0.8021670229232697 0.07234133945110259
0.19930693598587143 0.8028303972875359 0.07512762077211313
0.23407083299837966 0.8095378491928945 0.07016114236370247
0.20215361005132393 0.8054101864819047 0.06092697594261552
0.19979734042673908 0.7939116975012899 0.05182181209872719
0.2275933360619131 0.7979656519495836 0.06635489101370766
0.2014870404907452 0.8029041055502322 0.07270001767403729
0.2268081006848658 0.8072528930493108 0.06299919683783053
0.21647545047948666 0.8030515220756247 0.06632332765663095
0.19765881467917615 0.7928797818235425 0.07931789694100085
0.20248443031823635 0.8036411881771947 0.06809675482033552
0.21037083637488446 0.8043782708041571 0.06718292908436711
0.2062952204856618 0.8051890616938159 0.07364897470342079
0.22459929391304176 0.8034937716518021 0.06085420216900214
0.2115536102867112 0.800766565932041 0.08702367507149253
0.20940789286612801 0.7990712758900272 0.07410894261780418
0.22397298875274696 0.7949436131790374 0.06481001403517694
0.2102143240600447 0.8020196063978772 0.06831224503601038
0.20315561723960904 0.8130758458023144 0.07241345794683673
0.21080526374700084 0.8056313112699933 0.058318814395006704
0.21301152183693808 0.7981130684749761 0.054097969142880675
0.22494012184508266 0.8041571460160684 0.0762024358233216
0.21297627224027416 0.7959755288567848 0.07158997723392865
0.21428367432197762 0.8005454411439522 0.07540690352099073
0.21362687927716129 0.8064421021596521 0.06333577952768893
0.2186207410951813 0.8068106434731334 0.06761347439656738
0.21109486077000558 0.8048942286430308 0.054849956302026256
0.2136609622985901 0.7964177784329624 0.06586917167252875
0.2072339838390284 0.8038623129652834 0.0685669371974932
0.22906563783038716 0.8061472691088671 0.07358709907308501
0.23388643243118382 0.798997567627331 0.07085109011046863
