0.12364150389190776 0.6726094003241491 0.09332679299992294
0.04619124797406815 0.6731496488384657 0.025478648246339775
0.07143355549984887 0.662344678552134 0.06399256641486462
0.02544114520586771 0.6661264181523501 0.031038252259639354
0.02955974842767295 0.6607239330091842 0.035140749232322466
0.07627514282549175 0.6726094003241491 0.04915159967177776
0.09348415223282674 0.6477579686655862 0.06743247649743359
0.021888020531372954 0.671528903295516 0.04582155712146957
0.012493959121016585 0.640194489465154 0.009501174071874147
0.03957206144731673 0.6574824419232848 0.018428656429156087
0.0754373967795211 0.6553214478660183 0.05155482366253683
0.0654438453307597 0.6580226904376013 0.03575635510290587
0.0364392073010118 0.6655861696380335 0.05843981290406319
0.08838591560191333 0.6596434359805511 0.0705785108641176
0.08952038992433015 0.6553214478660183 0.06761999630762297
0.08897176762078635 0.671528903295516 0.0668254194196834
0.05101263895233743 0.6639654240950837 0.08811932497704478
0.0016770016770016882 0.6537007023230686 0.062358914228093504
0.06971814581877472 0.6720691518098325 0.03426159435786294
0.01788233961253649 0.6682874122096164 0.015421082761203742
0.06778318719074594 0.6639654240950837 0.04483079941101925
0.04891305769728871 0.6580226904376013 0.03782754898359039
0.055515812259120445 0.6661264181523501 0.06329534138426315
0.0772879787110956 0.6591031874662344 0.05415387695182175
0.05128191815245953 0.6672069151809833 0.0399984648075922
0.04170610596220914 0.6628849270664505 0.036045935374157706
0.013589895942837105 0.6666666666666666 0.0676310076472261
0.07611143548252564 0.6655861696380335 0.06674893144452462
0.07953733160520005 0.6499189627228525 0.06272068646092338
0.02884734223888441 0.6488384656942193 0.04672615872213268
0.06010399463253502 0.6769313884386818 0.07617150218046514
0.11734681892332793 0.6472177201512695 0.0906909771228695
0.035218821415833323 0.6526202052944354 0.011235007014676668
0.0469367124318224 0.6720691518098325 0.029751888127367343
0.0305358309113003 0.6672069151809833 0.04953052576458339
0.0391293996373806 0.6526202052944354 0.027563638938586293
0.027590721041758526 0.6650459211237169 0.018288839458139333
0.08110342636619783 0.6607239330091842 0.05902087578528867
0.025907049958711736 0.6666666666666666 0.02307920384933257
0.05121829741865691 0.6666666666666666 0.06354973602924865
0.07478245293402974 0.6666666666666666 0.05463158495132883
0.08265802269043765 0.6655861696380335 0.05056238767733662
0.03842865260731715 0.6585629389519179 0.031730125641331514
0.061264058850822534 0.6612641815235009 0.0322839660911263
0.06757160451770133 0.6807131280388979 0.039222961431310294
0.06516993789470926 0.6482982171799028 0.042042982706440635
0.027597960994054205 0.668827660723933 0.0207780965970098
0.016608819847118483 0.6591031874662344 0.021297240587732302
0.03126483474579578 0.6677471636952999 0.03142892393839267
0.039673445268039564 0.6823338735818476 0.019430922041592802
