0.16861654404342605 0.7966389032210511 0.07965636932400488
0.13855074125019104 0.809685265718287 0.05775862995467276
0.12408921953618807 0.7928060735608462 0.0423798368946087
0.14845493893785192 0.7961229453821773 0.06835490661048448
0.11345019042051041 0.8041571460160684 0.03625093467167945
0.1273068170535201 0.8057787277953858 0.035707773146246485
0.141475808990742 0.8054101864819047 0.056372009113107135
0.14750291608177118 0.8039360212279797 0.058587649461060695
0.13173142540400254 0.8138866366919731 0.05369963305043344
0.1457517145865546 0.8074003095747033 0.07048844010000886
0.13414339953891613 0.7925849487727574 0.04193594086386901
0.1537838285315676 0.7987764428392423 0.054112411863392954
0.139259473415496 0.7942802388147712 0.05177271264084951
0.12253107916404538 0.7985553180511535 0.037831341195830856
0.1261219972994751 0.798407901525761 0.051218466970333415
0.15828880087264835 0.7941328222893786 0.057528829223781955
0.13278372591006427 0.812633596226137 0.04490196218000192
0.14479664803622466 0.7999557750423822 0.05655251833911973
0.14006605329526683 0.8038623129652834 0.04720606282896711
0.12826260615378005 0.7973759858480136 0.05020578148419515
0.12902931685729657 0.8045256873295497 0.04253575490479182
0.13339471198220404 0.8104960566079458 0.039251566328542334
0.12873842576032812 0.8118965135991745 0.04629309830460726
0.09984993213222831 0.8124124714380482 0.031050360452422668
0.12657622286405734 0.8033463551264096 0.037933301561883334
0.14711459444196878 0.7953858627552148 0.06058278630439291
0.14926318654576742 0.8003243163558635 0.059925475319926536
0.12120172471861212 0.7986290263138498 0.04811488906808596
0.15435697097449222 0.7967863197464435 0.06490037702179144
0.14150138024803266 0.8024618559740547 0.04516052411800492
0.14048572739592052 0.8001031915677748 0.04510492378624889
0.12860428270490448 0.7952384462298223 0.04766494865797083
0.14267104406500725 0.8054101864819047 0.05929796757478116
0.14789365527870535 0.802535564236751 0.04808393619380309
0.14632694410046976 0.7916267413577062 0.05167268144398174
0.11899926333097877 0.8006928576693447 0.04927962649261726
0.16416776850104317 0.7970811527972286 0.05602083880374094
0.14361499364396008 0.8018721898724847 0.05196333792178004
0.11969664263027435 0.8128547210142257 0.040646821303824535
0.14374588975637276 0.8088744748286283 0.0585059641157418
0.15679445720079022 0.7959755288567848 0.07185716974965294
0.1269051122802996 0.7897103265276038 0.05684371987103251
0.1587891435739537 0.7947224883909486 0.08274651017018696
0.11412991469852984 0.8078425591508808 0.044582978691491526
0.13540466423266925 0.8107171813960345 0.04888963393461779
0.14244372666234245 0.802535564236751 0.051843737841777024
0.12478817772082546 0.7995872337289011 0.0397261078380874
0.12233378007669171 0.8052627699565121 0.03948250999385258
0.14249883919800832 0.7945750718655561 0.0616782008664709
0.13499382838542184 0.8008402741947372 0.05444517591586015
