0.1296853625170999 0.68 0.1371794871794872
0.053811196033877295 0.75 0.1133697374759219
0.0892857142857143 0.7533333333333333 0.08194013795428895
0.16931216931216936 0.73 0.09849427534154784
0.21067031463748292 0.72 0.1768768828286032
0.1542365291805563 0.73 0.18641727261130248
0.00529842605578934 0.7133333333333334 0.008844289398081101
0.0006432246998284707 0.69 0.07173912500920315
0.07397865292602135 0.71 0.04003956362496816
0.002450980392156854 0.7233333333333334 0.09259713091461672
0.16928800947065792 0.72 0.17984693877551025
0.16165413533834583 0.77 0.13420479302832242
0.08994708994709 0.71 0.08404558404558406
0.05703599812996718 0.7333333333333333 0.11000273263487875
0.2081939799331104 0.7233333333333334 0.16175914194206878
0.11315000788684992 0.7 0.12556436294564582
0.061963979416809534 0.7133333333333334 0.11380067864885157
0.11931358264529707 0.68 0.06385285457032482
0.01376146788990823 0.6633333333333333 0.058530934274641344
0.03791233394696247 0.6433333333333333 0.10305214211464209
0.010940811197082456 0.6866666666666666 0.0653607998921258
0.03242481203007519 0.7133333333333334 0.13401609926168995
0.18592130133455526 0.72 0.09883300661602545
0.012778556958080167 0.7033333333333334 0.04408415363829382
0.0794314381270903 0.72 0.05602548036758559
0.09646252142745837 0.7 0.10289904623199478
0.10515873015873012 0.7333333333333333 0.09523285195226767
0.05263157894736836 0.7133333333333334 0.13398249394737538
0.03589743589743599 0.7333333333333333 0.045442298420261484
0.10158730158730156 0.7133333333333334 0.06406866099508737
0.13323983169705467 0.7366666666666667 0.20632270330999908
0.010638297872340441 0.69 0.08811526637613593
0.08000000000000002 0.69 0.05028448592019698
0.0040530786741436176 0.6666666666666666 0.034412357313406805
0.18105330422280208 0.7133333333333334 0.15702473518142893
0.0092592592592593 0.7333333333333333 0.06066176470588236
0.11793469688206526 0.6833333333333333 0.0663246873437956
0.019034536891679665 0.73 0.027608591537564564
0.13657804459691258 0.7433333333333333 0.08809434291742102
0.07671404682274252 0.7133333333333334 0.04774921789728773
0.07280219780219788 0.7566666666666667 0.045833333333333365
0.03874671131308294 0.7 0.06736035049288064
0.1377551020408163 0.7566666666666667 0.10821478155821207
0.19050064184852378 0.6966666666666667 0.1551599290152007
0.012935966963530499 0.6366666666666667 0.06957443379346731
0.009286193779368901 0.69 0.08144064986737395
0.0041537409958462 0.6533333333333333 0.14991820046198095
0.04485754697918776 0.69 0.01679052585832251
0.016304347826086918 0.7066666666666667 0.056895495267072355
0.10269465392189825 0.69 0.09682631946059053
