0.12196020909495708 0.6866558616963804 0.08890577880378758
0.10997135513965783 0.6693679092382496 0.09740967303105488
0.14659688893689915 0.6618044300378174 0.10282803596443552
0.10576276447157418 0.6693679092382496 0.07470491561868553
0.11912734121586277 0.6639654240950837 0.0720497567548681
0.11428908912962771 0.662344678552134 0.0841699672596046
0.13745036955592205 0.6499189627228525 0.11796736081233242
0.04834188034188042 0.6618044300378174 0.03238171412930896
0.05829145926999002 0.6445164775796867 0.031321356090079466
0.09724424062918091 0.6758508914100486 0.06372419540301705
0.07931613825412448 0.6515397082658023 0.046507990028598845
0.12453254410718795 0.6585629389519179 0.10001515974144612
0.08981535778768845 0.6639654240950837 0.05390540338896288
0.19542123980624193 0.6618044300378174 0.16358263449171415
0.17008052584345967 0.6650459211237169 0.1446960298420057
0.11129064242014736 0.6682874122096164 0.06988670715517054
0.07969142804586421 0.6612641815235009 0.05900980347047763
0.10278642003591565 0.6596434359805511 0.08154740223186202
0.05682364020771791 0.6655861696380335 0.01624544701210065
0.11394580684807876 0.6639654240950837 0.08871054736887468
0.12312953289992862 0.655861696380335 0.09317090691278859
0.11004003371260007 0.6650459211237169 0.09163700067000258
0.07068048102775248 0.6672069151809833 0.029037604325562905
0.12934384388987674 0.6585629389519179 0.08034186562380863
0.11566690190543405 0.6709886547811994 0.09279297235055822
0.10786563621432499 0.671528903295516 0.09342008822095166
0.11457864747338431 0.6812533765532145 0.05581799884132757
0.07898697295865542 0.6639654240950837 0.04733036980711003
0.14437751664966048 0.6488384656942193 0.1149663550115729
0.11806337865156402 0.6504592112371691 0.07038975036762651
0.1408888888888889 0.6569421934089681 0.09514036289349512
0.0798645295947702 0.6574824419232848 0.05598624908418942
0.0767232838212829 0.6574824419232848 0.05112695499924372
0.11723829174290501 0.6812533765532145 0.08005436478876427
0.008622374206155303 0.6585629389519179 0.030344916485965323
0.1559855746136849 0.6585629389519179 0.12067889258389314
0.10734253540773742 0.6666666666666666 0.06909444148896174
0.10741959960757863 0.6628849270664505 0.09263963943161097
0.10562785011264414 0.6634251755807672 0.05347089435138863
0.12046884924071832 0.6634251755807672 0.08143046990686034
0.10360841474779836 0.6553214478660183 0.07910688298740862
0.026233398022924348 0.6628849270664505 0.02113900099635288
0.045662571285801534 0.6547811993517018 0.04964206079754788
0.1990865157944366 0.6655861696380335 0.1686467219440307
0.04719658283881556 0.6655861696380335 0.019835907358872307
0.10571205007824724 0.653160453808752 0.08044428500292247
0.19989031214560604 0.662344678552134 0.1566308785186922
0.09459242434670889 0.6580226904376013 0.05956888879358313
0.15319918527883125 0.6682874122096164 0.10476075356381953
0.10624827153892957 0.6704484062668827 0.06077608691058531
