0.17387800769539585 0.7949436131790374 0.08439315659385999
0.14688198642966566 0.8037148964398909 0.06618182164225277
0.15467786610263248 0.7959018205940886 0.0746099315129856
0.15442563175540708 0.7981130684749761 0.07420701964799366
0.1405683834259402 0.8049679369057271 0.07178354139787192
0.1499426743623274 0.7995135254662048 0.056416405539793435
0.15554219547328765 0.7993661089408123 0.07022063797343217
0.15673416752302083 0.8051153534311196 0.07160509891599268
0.1592231709671593 0.8026829807621434 0.08109599510945616
0.16169001792845691 0.8000294833050785 0.08577204946164485
0.16013092552644212 0.7953858627552148 0.06543321754787453
0.1613759801635205 0.8000294833050785 0.06315905560164103
0.16754881845716915 0.7949436131790374 0.09347825995063481
0.16688044912323957 0.8014299402963072 0.08150289369082045
0.1487057716459409 0.7998083585169897 0.07394456503867321
0.18347351004791285 0.7947961966536449 0.09194355788258483
0.15478403375420455 0.8044519790668534 0.0667561958581139
0.16984104634362393 0.7950910297044299 0.08263754623399944
0.15466555787786457 0.801061398982826 0.0648196990269001
0.16072608646102934 0.8011351072455222 0.061525198259950085
0.1577345025778805 0.7957544040686961 0.06162587376826306
0.1879859632606623 0.7939116975012899 0.09410597392108142
0.17755857072115888 0.7887521191125525 0.09365352283213993
0.09984993213222831 0.8124124714380482 0.031050360452422668
0.148452048732713 0.8065158104223483 0.060738930808352715
0.1665218089100856 0.7945013636028598 0.0791916223263006
0.17549298893499624 0.7894154934768187 0.08607915099911234
0.14273746441206936 0.7990712758900272 0.05538858908355042
0.16680150141859346 0.7984816097884573 0.07785194488299302
0.16102289426338703 0.8005454411439522 0.06640303378209986
0.17035956623472132 0.8009876907201298 0.07151119122916842
0.15478150527664014 0.7970074445345323 0.07055049924495517
0.16564370749722707 0.797523402373406 0.08159856000871514
0.14789365527870535 0.802535564236751 0.04808393619380309
0.1808463280622329 0.7949436131790374 0.08571142644292894
0.1269557163832286 0.8026092724994471 0.05056673443570066
0.17811832457197288 0.7982604850003685 0.06643530044652626
0.1727859250666827 0.8044519790668534 0.08399483712433188
0.11969664263027435 0.8128547210142257 0.040646821303824535
0.158331711643309 0.8058524360580821 0.07196658743629512
0.15679445720079022 0.7959755288567848 0.07185716974965294
0.17049536253132913 0.7905948256799588 0.10272058426914185
0.1587891435739537 0.7947224883909486 0.08274651017018696
0.11412991469852984 0.8078425591508808 0.044582978691491526
0.14910795455299516 0.812633596226137 0.06582739688324482
0.17389574531493787 0.7936905727132012 0.0893014991289964
0.12478817772082546 0.7995872337289011 0.0397261078380874
0.15385095936894003 0.8072528930493108 0.07437981888865006
0.17528716724648433 0.7943539470774674 0.10336124649029638
0.15762977230565334 0.7961966536448736 0.05659085622040465
