0.24350205198358416 0.7333333333333333 0.245
0.06444949390621779 0.7466666666666667 0.10517301616444648
0.10007849293563587 0.7633333333333333 0.09491916626350588
0.16931216931216936 0.73 0.09849427534154784
0.21067031463748292 0.72 0.1768768828286032
0.1542365291805563 0.73 0.18641727261130248
0.005454262116253661 0.7166666666666667 0.025520377583496567
0.09498284734133788 0.7233333333333334 0.09650898413565984
0.0849676639150323 0.7066666666666667 0.04823628493644358
0.002450980392156854 0.7233333333333334 0.09259713091461672
0.16928800947065792 0.72 0.17984693877551025
0.17481203007518797 0.7733333333333333 0.1542047930283224
0.08994708994709 0.71 0.08404558404558406
0.05703599812996718 0.7333333333333333 0.11000273263487875
0.2081939799331104 0.7233333333333334 0.16175914194206878
0.11315000788684992 0.7 0.12556436294564582
0.061963979416809534 0.7133333333333334 0.11380067864885157
0.11931358264529707 0.68 0.06385285457032482
0.03960617587827253 0.6666666666666666 0.027083959349405606
0.03791233394696247 0.6433333333333333 0.10305214211464209
0.010940811197082456 0.6866666666666666 0.0653607998921258
0.03242481203007519 0.7133333333333334 0.13401609926168995
0.23386219141989806 0.7366666666666667 0.1487431593563669
0.012778556958080167 0.7033333333333334 0.04408415363829382
0.0794314381270903 0.72 0.05602548036758559
0.09646252142745837 0.7 0.10289904623199478
0.11441798941798942 0.7266666666666667 0.11038436710378284
0.13401797175866492 0.7366666666666667 0.12120404471150742
0.05494505494505497 0.7333333333333333 0.052084810497556144
0.15714285714285714 0.7366666666666667 0.12363939754394912
0.025712949976624544 0.7366666666666667 0.09179068360556564
0.04348275149762448 0.67 0.057962810136723164
0.08000000000000002 0.69 0.05028448592019698
0.014380101049358718 0.6733333333333333 0.03402415855564281
0.18105330422280208 0.7133333333333334 0.15702473518142893
0.0092592592592593 0.7333333333333333 0.06066176470588236
0.11793469688206526 0.6833333333333333 0.0663246873437956
0.019034536891679665 0.73 0.027608591537564564
0.182032590051458 0.7433333333333333 0.107198667873587
0.07671404682274252 0.7133333333333334 0.04774921789728773
0.07280219780219788 0.7566666666666667 0.045833333333333365
0.03874671131308294 0.7 0.06736035049288064
0.15698587127158553 0.7633333333333333 0.13678621012964065
0.19050064184852378 0.6966666666666667 0.1551599290152007
0.012189661177173017 0.6466666666666666 0.06304040977651418
0.009286193779368901 0.69 0.08144064986737395
0.023292496976707544 0.66 0.15101809694231227
0.06627601535663774 0.75 0.04095176010430249
0.04995819397993306 0.6966666666666667 0.08901355082262788
0.12498198760747392 0.6966666666666667 0.11998178718127563
