0.17941983299414638 0.6747703943814155 0.1501841836775481
0.07536466774716377 0.6731496488384657 0.05474092583484985
0.07143355549984887 0.662344678552134 0.06399256641486462
0.06281545523980508 0.662344678552134 0.045021540236225954
0.02955974842767295 0.6607239330091842 0.035140749232322466
0.11743737042839736 0.6666666666666666 0.08996792620239003
0.12519146930599745 0.6493787142085359 0.09921178443412629
0.09358162689486171 0.6682874122096164 0.07420535910676584
0.0867715733679289 0.6428957320367369 0.06973315638750988
0.06568901585728704 0.6601836844948676 0.04491079140336929
0.10360239471511151 0.6601836844948676 0.07971526316834138
0.1066196525606865 0.6596434359805511 0.07877877669340536
0.061191682548536575 0.6709886547811994 0.0666090356297516
0.08838591560191333 0.6596434359805511 0.0705785108641176
0.11543004275624213 0.655861696380335 0.09251688716629947
0.10612114494360042 0.6731496488384657 0.08437400065735315
0.05101263895233743 0.6639654240950837 0.08811932497704478
0.0016770016770016882 0.6537007023230686 0.062358914228093504
0.09380774904883926 0.6677471636952999 0.058350384893129964
0.01788233961253649 0.6682874122096164 0.015421082761203742
0.09267208787127074 0.6655861696380335 0.06977412345160272
0.04891305769728871 0.6580226904376013 0.03782754898359039
0.055515812259120445 0.6661264181523501 0.06329534138426315
0.0772879787110956 0.6591031874662344 0.05415387695182175
0.137428479455042 0.668827660723933 0.10343727110420392
0.07143363315634155 0.6645056726094003 0.05080376383633631
0.1514123131770191 0.6855753646677472 0.12359372585776415
0.07611143548252564 0.6655861696380335 0.06674893144452462
0.10882133459015747 0.6515397082658023 0.0917681919270335
0.02884734223888441 0.6488384656942193 0.04672615872213268
0.09808913088356724 0.678011885467315 0.07816822885804289
0.15163719412724314 0.6526202052944354 0.12479415826956045
0.035218821415833323 0.6526202052944354 0.011235007014676668
0.07572801078302294 0.6731496488384657 0.03631133840103026
0.07226548778488706 0.6693679092382496 0.06282586948033331
0.0391293996373806 0.6526202052944354 0.027563638938586293
0.050019384270593714 0.6607239330091842 0.03104852927194815
0.13438292597819912 0.6596434359805511 0.11527767087449711
0.059787881915772056 0.6682874122096164 0.0172216945285959
0.07699281706472427 0.6677471636952999 0.05872366008077115
0.09916174286871371 0.6639654240950837 0.08165059231595911
0.10534846029173428 0.6639654240950837 0.07534472711175805
0.03842865260731715 0.6585629389519179 0.031730125641331514
0.09337617194891507 0.6569421934089681 0.06373078305922533
0.08538429286444277 0.678011885467315 0.05862779149265118
0.06516993789470926 0.6482982171799028 0.042042982706440635
0.08949099852841902 0.6677471636952999 0.06326928198074691
0.08585781346798377 0.6580226904376013 0.04763084491963315
0.10489575794364159 0.6580226904376013 0.0756325048263253
0.07449481648960088 0.6877363587250135 0.04002874081907762
