0.2824751729329536 0.7896366182649075 0.11453333589969233
0.27468774040489774 0.798997567627331 0.09817397121505247
0.28095246707851473 0.7866882877570576 0.11682487051908579
0.2794063513139565 0.8023144394486622 0.13831736025161576
0.27681684280008656 0.7962703619075698 0.11708014316395798
0.25868813382269945 0.803125230338321 0.10062581006350196
0.25385210567038796 0.8012088155082184 0.09393817962570639
0.26443630053969047 0.8026829807621434 0.09206044864886762
0.27068614426343757 0.8041571460160684 0.10665943130509838
0.2595464618733894 0.7973022775853174 0.0973704895605842
0.23149623495029575 0.799292400678116 0.0885166017610122
0.2755726661142951 0.7926586570354537 0.11170230049386617
0.26480978210648415 0.7956806958059999 0.1067381727992944
0.2738562490064861 0.7911107835188325 0.1085949011404174
0.27083878288659347 0.8039360212279797 0.12418951094096999
0.2818308986593575 0.7879413282228938 0.10928387396009144
0.2859364919880637 0.7913319083069212 0.10598931421748671
0.2809714770022007 0.7840347902999927 0.11709133932330965
0.2749456674379764 0.7933957396624162 0.11199238421473368
0.26965445770390056 0.79037370089187 0.1026910834581994
0.24934975132455311 0.8054101864819047 0.0887363158093742
0.2884454872627863 0.8095378491928945 0.13416001400426628
0.253434227545944 0.8017247733470922 0.09037860273470165
0.2550811916108597 0.8029041055502322 0.0994179274016434
0.2836910544680542 0.7956806958059999 0.11578848666234923
0.2657182888813806 0.78742537038402 0.09512254379386532
0.31019154831735063 0.7789489201739515 0.14236123336585
0.28017382012554914 0.7942065305520749 0.12424482744294399
0.2635571527255709 0.7858774968673988 0.08851828669509973
0.27388198280393106 0.7855826638166138 0.10942374220279538
0.2834655427434754 0.7899314513156925 0.12638720764231423
0.2790823192227937 0.7857300803420063 0.09709824463297316
0.2861677127857956 0.800766565932041 0.12216848897286295
0.26928522167022295 0.7925112405100612 0.09214629458230092
0.272668162399028 0.7816761258937127 0.09636193632979237
0.28199215736146527 0.7964914866956586 0.1227670549847811
0.285161546319513 0.7883835777990713 0.11753670026468939
0.25988213517478953 0.8146974275816319 0.09170156277851765
0.2676541798637049 0.8066632269477408 0.11110937237318304
0.2795765662866264 0.7996609419915972 0.12248508452428811
0.28901106552281486 0.7898577430529963 0.11495014916321256
0.2817003396348789 0.7804230854278764 0.10801940618366233
0.26917071980049856 0.7960492371194811 0.1056712696668583
0.27039396056532183 0.8053364782192084 0.11495421438007189
0.28332487456633626 0.7997346502542935 0.11312991144384438
0.2727355324793962 0.800766565932041 0.11618352805584953
0.270097064440065 0.7881624530109825 0.09964547061877707
0.2756883300957521 0.7999557750423822 0.11211819470047188
0.2993698764696045 0.7876464951721088 0.12094909557239383
0.2859654187098699 0.8017984816097885 0.11321247733783714
