Accuracy
0.8165386599837843 0.8100566374290558 0.8035944276553402 0.7969563794501364 0.7904985626888774 0.7840804009729491 0.7775516473796712 0.7710681506596889 0.7644918994619296 0.758002594530847 0.7515058598068843
0.8165386599837843 0.7849688214048794 0.7533398982825975 0.7215430677378935 0.689840347903 0.6583229896071349 0.6267724331097516 0.5948447851404142 0.5630818309132454 0.5316432814918552 0.4998454779980836
0.8165386599837843 0.7597684381219134 0.7028975602565047 0.6461427876464951 0.5892985921721825 0.5325063462814181 0.47580485000368544 0.4189005970369279 0.36213196727353136 0.3053428466131053 0.24849414019311566
SPD
0.08414119828338427 0.07576503547198102 0.06725568200700166 0.058802670975094465 0.05053058209465135 0.04200048567279208 0.03356511182016935 0.025207170322788405 0.016788257126856335 0.008421802187373225 0.0
0.08414119828338427 0.07564114643450932 0.06735583303622521 0.058823787863863254 0.050506523223415214 0.0422075328887639 0.03364222486955761 0.025421981392957965 0.01781081882043188 0.012005155459650595 0.009979626259560384
0.08414119828338427 0.07580454837728778 0.06770070169671878 0.05872008232866068 0.050462750864275985 0.042082835209425636 0.033359649301816965 0.02508795299467656 0.01695421054794927 0.009296823417629526 0.0
AOD
0.030731452068499976 0.028966682413962802 0.02689411273125658 0.02457396555378328 0.022819205983760475 0.020223462502345798 0.017691100858205577 0.014692644774729533 0.011441801771403722 0.007641448983338927 0.0
0.030731452068499976 0.028916250512808894 0.026781636069118663 0.02498736777629027 0.02327537851009137 0.021574940571543844 0.020156200039395 0.019376907605339166 0.01819879559906908 0.017805747067144946 0.017492829251519033
0.030731452068499976 0.028445410895847397 0.02649444097021282 0.024070673856751285 0.021920292704752715 0.019462543793863564 0.017242579537579336 0.014398966838679805 0.011817905851164297 0.008189414286006365 0.0
