Accuracy
0.8165386599837843 0.8100566374290558 0.8035944276553402 0.7969563794501364 0.7904985626888774 0.7840804009729491 0.7775516473796712 0.7710681506596889 0.7644918994619296 0.758002594530847 0.7515058598068843
0.8165386599837843 0.7849688214048794 0.7533398982825975 0.7215430677378935 0.689840347903 0.6583229896071349 0.6267724331097516 0.5948447851404142 0.5630818309132454 0.5316432814918552 0.4998454779980836
0.8165386599837843 0.7597684381219134 0.7028975602565047 0.6461427876464951 0.5892985921721825 0.5325063462814181 0.47580485000368544 0.4189005970369279 0.36213196727353136 0.3053428466131053 0.24849414019311566
SPD
0.18070637903696377 0.16259614172462492 0.14449219861342139 0.1265194038994691 0.10838041562484861 0.09028838655305911 0.0723141528694637 0.05428787112112039 0.0362056412932475 0.01811742535367212 0.0
0.18070637903696377 0.16267571576544496 0.14460933538797272 0.1264144419629298 0.10850439016817172 0.09052432959662847 0.07228548172905426 0.05436312492642201 0.03605134908858348 0.01837231938756552 0.007215551335297712
0.18070637903696377 0.1626772900784233 0.1445120120458633 0.12646323253147743 0.10831888031329108 0.09035810698545349 0.0722313300274912 0.05410935703712636 0.03620250475376738 0.01795666898032667 0.0
AOD
0.07408094818952302 0.06667525757567937 0.05925402712326835 0.05252022415046763 0.04489620573935707 0.03811543277241188 0.03094275059302912 0.024229889018661452 0.017204250779654148 0.009703486681583209 0.0
0.07408094818952302 0.06680026253514108 0.059459169143238365 0.05210186962632201 0.04538755427687915 0.038639747614241694 0.031722783105715004 0.025703300897212216 0.020134396221438408 0.015355193145748314 0.013630244337411659
0.07408094818952302 0.06677160009217804 0.05942473289974861 0.052097715179004925 0.04472069437178548 0.03752252967890133 0.030396427088436654 0.023497970119167003 0.016430228857955764 0.009116622680449816 0.0
