Accuracy
0.6210372771474878 0.6132153430578066 0.6056898973527823 0.598154943273906 0.5905759049162614 0.5829097784981091 0.5751029713668288 0.5674908698001081 0.5598199891950296 0.5522552133981632 0.5445813074014046
0.6210372771474878 0.6089836844948677 0.5968239870340356 0.5848259319286871 0.5723593733117234 0.560492490545651 0.5483405726634252 0.5369266342517558 0.5238027012425716 0.5118958400864397 0.499746299297677
0.6210372771474878 0.604350081037277 0.5878059427336575 0.5715721231766613 0.5548730415991356 0.5382444084278768 0.5217668287412209 0.5051647757968665 0.4885270664505673 0.4719930848190168 0.4554186925985954
SPD
0.1317459160690055 0.1185839845873888 0.10547158457091782 0.09270717747722607 0.0792959660971167 0.06616556461446975 0.05252794718113546 0.03989909443458984 0.026899361903768154 0.014488817528175569 0.0
0.1317459160690055 0.11831275654814154 0.10569485353554833 0.09213122981546107 0.07942450555826235 0.06638595357890062 0.05406320004618276 0.04221053720651386 0.03244641377252532 0.026461410134141692 0.023554002405225923
0.1317459160690055 0.11880992037629434 0.1053687647606922 0.09103955734054195 0.07957763533269603 0.0669032430327468 0.052739551914920926 0.04034468509396786 0.02803014218823238 0.01653799838789069 0.0
AOD
0.10542737066073382 0.09503241020306337 0.0848456347454257 0.07500184735723792 0.0648442960983313 0.05486981635174022 0.04492722706407907 0.03540670636876752 0.025971036219738817 0.01620198357945591 0.0
0.10542737066073382 0.09481772725441218 0.08536283616328852 0.07517340566092345 0.06619612355979222 0.05770184805628471 0.050125987102159444 0.04308692293479674 0.0382370517767257 0.035714120754116424 0.03408506745885246
0.10542737066073382 0.0953625712864784 0.0849664458475651 0.07396069412221215 0.0657842135311161 0.05655371051266777 0.04618353518482562 0.03742868750499784 0.028578289947636948 0.018796052128364958 0.0
