Accuracy
0.6210372771474878 0.6132153430578066 0.6056898973527823 0.598154943273906 0.5905759049162614 0.5829097784981091 0.5751029713668288 0.5674908698001081 0.5598199891950296 0.5522552133981632 0.5445813074014046
0.6210372771474878 0.6089836844948677 0.5968239870340356 0.5848259319286871 0.5723593733117234 0.560492490545651 0.5483405726634252 0.5369266342517558 0.5238027012425716 0.5118958400864397 0.499746299297677
0.6210372771474878 0.604350081037277 0.5878059427336575 0.5715721231766613 0.5548730415991356 0.5382444084278768 0.5217668287412209 0.5051647757968665 0.4885270664505673 0.4719930848190168 0.4554186925985954
SPD
0.11076958450579161 0.09979968555118474 0.08890809807330104 0.07780154028653072 0.06654261236277216 0.055343731179214845 0.044174628102203795 0.03407034786850739 0.023158581057816353 0.012075875941576993 0.0
0.11076958450579161 0.09991456784760093 0.08869032797903126 0.07763953048877172 0.06660392082101299 0.05644692233965717 0.04589756428244175 0.0351769065660436 0.0271755067225029 0.02136416427837413 0.01921540075862579
0.11076958450579161 0.09926683892792867 0.08866341252565707 0.07762827901584704 0.0673188625040922 0.05593395999773786 0.04524283879811545 0.03400752646177554 0.02385407320943414 0.013293988037427207 0.0
AOD
0.09442150565312846 0.08552403314657232 0.07645931847602548 0.06727735384335273 0.0581696267203994 0.049409477489476404 0.03987975951871766 0.031748235040686155 0.022993497376229403 0.01344188553480814 0.0
0.09442150565312846 0.08580250712172205 0.07681957696705285 0.06796923800007035 0.05961469702403567 0.0522072382829715 0.0444196019165397 0.037199610135471704 0.0326398097016904 0.029186421598369542 0.028168733175258892
0.09442150565312846 0.08519790440743336 0.07695102986079808 0.06794234493557828 0.06016546241412499 0.051419943388622436 0.04245928098707946 0.033700090958992825 0.024956825403191774 0.015398650806298661 0.0
