Accuracy
0.6867333333333334 0.688308 0.6897693333333332 0.6919679999999999 0.6937706666666666 0.694732 0.697156 0.6987306666666666 0.7003773333333333 0.7019719999999999 0.7036666666666666
0.6867333333333334 0.6679586666666666 0.6494866666666667 0.629876 0.6120493333333333 0.5937933333333334 0.5736933333333334 0.5558626666666667 0.5376546666666666 0.519316 0.49987333333333334
0.6867333333333334 0.6476933333333333 0.6085666666666666 0.5694613333333333 0.5304639999999999 0.49127600000000005 0.45225999999999994 0.413088 0.3741666666666667 0.3351133333333333 0.2963333333333333
SPD
0.06426253302595149 0.060078989098268164 0.05459891871055111 0.051399227475435114 0.046855477568822884 0.04274638317300921 0.03771638085039498 0.03187442854810164 0.026180774649442823 0.017748430722325986 0.0
0.06426253302595149 0.060767550034716 0.05802836699280591 0.05571275686047229 0.05486505414941246 0.05321163767321808 0.05205816668379007 0.050344660572136005 0.051660116650851726 0.049380039261117496 0.04999869398283458
0.06426253302595149 0.061903308802620134 0.059940890352094336 0.05640418823172227 0.055012029317835956 0.05157963532692081 0.0462970184669166 0.04262498029118009 0.03513223801966244 0.025515973284592333 0.0
AOD
0.07822856385508138 0.07606621545012802 0.07259003582612016 0.06913618149479343 0.06594075515899225 0.06141601625449027 0.05588671032568543 0.04900535814541264 0.04043004252451863 0.02825214569318182 0.0
0.07822856385508138 0.07803832603143811 0.07660580367688706 0.07624419596796946 0.07555385848089563 0.0747704748267344 0.07480018181961813 0.07573662303566618 0.07538262853210072 0.07336454122672004 0.0755949535575568
0.07822856385508138 0.07864825544518464 0.0777497787760177 0.07668293299882875 0.07425031619400423 0.06997433121071196 0.06434147863487541 0.0576802479035395 0.04905727659406539 0.03544908324697774 0.0
