Accuracy
0.8472587897103265 0.837689010098032 0.8281072897471807 0.8184658657035454 0.8089486548242057 0.7993931156482642 0.7898330950099507 0.7803126704503575 0.7706338910591878 0.7610794722488391 0.7515058598068843
0.8472587897103265 0.812560389179627 0.777940296307216 0.7430984300140046 0.7083291516178963 0.6736242942433847 0.6390717181396034 0.6040622097737156 0.5692140045699123 0.5347407680400973 0.4998454779980836
0.8472587897103265 0.7874124861797007 0.7274658509618929 0.6676401562615168 0.6077102970442986 0.547873044888332 0.4880683128178669 0.4281575587823395 0.3682731923048574 0.30842573892533354 0.24849414019311566
SPD
0.18670500349602945 0.1680458866311534 0.14929909259168786 0.13072837129415302 0.11196653887464067 0.09332748788552855 0.07464769297039146 0.056159504721075997 0.03741757803188834 0.018701066230042137 0.0
0.18670500349602945 0.16813935086701834 0.14947551587221883 0.13074829771459545 0.112068084270899 0.09345115840749914 0.07468688561825618 0.0562372360351075 0.03725320421109276 0.018953146350947504 0.007215551335297712
0.18670500349602945 0.1680789494856464 0.14940383643621952 0.13074200373561992 0.11195725364807192 0.09332931856082925 0.0745822667958805 0.055863666336739275 0.037337003521136114 0.01857195010418311 0.0
AOD
0.09255293123795531 0.0831968297427364 0.07385644276328414 0.06497530937286285 0.055389352734007545 0.046322606468842197 0.03705280812534472 0.028353367808223753 0.019302638846485393 0.010295559882713174 0.0
0.09255293123795531 0.08351246041416821 0.07409836858149302 0.06478746982025826 0.05561737658871752 0.04653326140458112 0.03722970730247472 0.02914460703980397 0.021354697568319835 0.01577854975839356 0.013630244337411659
0.09255293123795531 0.08332566185580566 0.07414291409385924 0.06489070307288199 0.0553931903859318 0.04607026369767843 0.03695773379087813 0.02787809345693207 0.019066581928946377 0.01012731300586917 0.0
