Accuracy
0.8472587897103265 0.837689010098032 0.8281072897471807 0.8184658657035454 0.8089486548242057 0.7993931156482642 0.7898330950099507 0.7803126704503575 0.7706338910591878 0.7610794722488391 0.7515058598068843
0.8472587897103265 0.812560389179627 0.777940296307216 0.7430984300140046 0.7083291516178963 0.6736242942433847 0.6390717181396034 0.6040622097737156 0.5692140045699123 0.5347407680400973 0.4998454779980836
0.8472587897103265 0.7874124861797007 0.7274658509618929 0.6676401562615168 0.6077102970442986 0.547873044888332 0.4880683128178669 0.4281575587823395 0.3682731923048574 0.30842573892533354 0.24849414019311566
SPD
0.10097645548384407 0.09088497587488853 0.0807378040772052 0.0705783448221481 0.06055794879880422 0.05037000800180122 0.04028728972051198 0.03030199166496682 0.020273366435673738 0.010065427244167709 0.0
0.10097645548384407 0.09076355184038357 0.08070740047612047 0.0707177477364275 0.06052215503991897 0.050626463122064355 0.04039869616021528 0.030407609905302876 0.020822458684488253 0.01297837420760796 0.009979626259560384
0.10097645548384407 0.09090132700508266 0.08116662169184745 0.07057943102750751 0.06051114103033997 0.05057516921897247 0.03995876142195296 0.030112962895825036 0.020178013414979507 0.0107418371412998 0.0
AOD
0.05862448748440613 0.05272374062327233 0.046914474907435645 0.04096483004424148 0.0354814186236299 0.02994477165424429 0.024397038223412135 0.019114648207749288 0.013958887004220532 0.008200673743422678 0.0
0.05862448748440613 0.052593550159831796 0.046889047839788464 0.04144393315220693 0.03539774536952209 0.030887445270174646 0.02676800447777549 0.02280166744395866 0.02001324609601743 0.01821496097298014 0.017492829251519033
0.05862448748440613 0.05290239994303432 0.04713412652519895 0.041014605637771595 0.035583793056582484 0.030321985239006834 0.024714655744776586 0.019769563453844383 0.014829675451829633 0.009454221075677725 0.0
