Accuracy
0.6701566720691519 0.6576330632090761 0.6450558616963803 0.6326528363047003 0.6200633171258779 0.60744981091302 0.5947626148028093 0.5822020529443543 0.5696812533765533 0.557166072393301 0.5445813074014046
0.6701566720691519 0.6532151269584009 0.6360501350621285 0.6190770394381416 0.6016955159373312 0.5851055645596974 0.5679669367909239 0.5516622366288493 0.5337074014046462 0.5166949756888168 0.499746299297677
0.6701566720691519 0.6485078336034575 0.6272118854673149 0.6057966504592112 0.5842947595894111 0.5629348460291734 0.5416300378173959 0.5199874662344679 0.49828611561318203 0.4770152350081036 0.4554186925985954
SPD
0.2724455444956446 0.24510369338995225 0.21799197672029208 0.19110065748969274 0.1637918794720941 0.1362664519755853 0.10876467383554982 0.08180727213568555 0.054622843527223734 0.027299839444898374 0.0
0.2724455444956446 0.2450018346483179 0.2184502155249752 0.1903775748484313 0.16351123280165786 0.13662467305575698 0.10956619611645514 0.0818656793131998 0.05544485253411981 0.03360853754655417 0.023554002405225923
0.2724455444956446 0.24544290328774723 0.21783432259042307 0.1896220308007855 0.16360753555041813 0.13701636413177906 0.10866691159155055 0.08191686008134731 0.05439974953016258 0.02821984652553773 0.0
AOD
0.2474660847351628 0.2225660944952937 0.19796867097030205 0.17349587384089646 0.14882401558685804 0.12374043168433828 0.09861896356320987 0.07438797579864892 0.04983822401853942 0.025338287224889157 0.0
0.2474660847351628 0.2224836736198581 0.19856973730365052 0.1726988615104723 0.14861082684820384 0.12428210202851574 0.09975357111962359 0.07588817704374448 0.05472810132730357 0.040311884908206384 0.03408506745885246
0.2474660847351628 0.22312945508518195 0.19775277965545449 0.1720797803787384 0.1485407230368795 0.12440145813032225 0.09856572464433877 0.07504694319641171 0.05088488017482166 0.028067399203929852 0.0
