Accuracy
0.6701566720691519 0.6576330632090761 0.6450558616963803 0.6326528363047003 0.6200633171258779 0.60744981091302 0.5947626148028093 0.5822020529443543 0.5696812533765533 0.557166072393301 0.5445813074014046
0.6701566720691519 0.6532151269584009 0.6360501350621285 0.6190770394381416 0.6016955159373312 0.5851055645596974 0.5679669367909239 0.5516622366288493 0.5337074014046462 0.5166949756888168 0.499746299297677
0.6701566720691519 0.6485078336034575 0.6272118854673149 0.6057966504592112 0.5842947595894111 0.5629348460291734 0.5416300378173959 0.5199874662344679 0.49828611561318203 0.4770152350081036 0.4554186925985954
SPD
0.16110898813584804 0.1448091869390401 0.1293117321216083 0.11317343421745059 0.09659170501389439 0.08068620050245416 0.06420532886808221 0.04874866619099017 0.03244427342184488 0.016309699931706195 0.0
0.16110898813584804 0.14512431431516237 0.12906481978488385 0.1127254431675594 0.09672456664067215 0.0811183001571658 0.06483404076266447 0.048517453172408576 0.03431212168689021 0.023583941614252712 0.01921540075862579
0.16110898813584804 0.14439027616723474 0.12910955754583447 0.11272229170388011 0.09700682802969245 0.08135734032121376 0.06446138503296843 0.048614573375536374 0.0329199589459207 0.01721841986709451 0.0
AOD
0.13868018614945402 0.12464413029195003 0.11137125003805509 0.09756231806200734 0.08321256583897207 0.06972667559687303 0.05553491689689811 0.0426206205219053 0.029035859484716986 0.015748091196640793 0.0
0.13868018614945402 0.12497751728773615 0.11129652389632215 0.0973179899463525 0.0838649808390851 0.07133724066891817 0.05826478204772605 0.04609767785972898 0.03676390141004845 0.030348643623551358 0.028168733175258892
0.13868018614945402 0.12435450862672501 0.11136981950710902 0.09741173867553211 0.08444749072096108 0.07126673239135918 0.05746742125568828 0.04475347189501144 0.031670405303467444 0.018096155023826596 0.0
