Accuracy
0.7501333333333334 0.7452573333333333 0.740748 0.7361493333333334 0.7314666666666666 0.726996 0.7226440000000001 0.7175600000000001 0.7129893333333334 0.7084159999999999 0.7036666666666666
0.7501333333333334 0.724924 0.700132 0.6744373333333333 0.6500973333333333 0.6254666666666666 0.5994973333333333 0.5749746666666667 0.5504853333333335 0.5255333333333333 0.49987333333333334
0.7501333333333334 0.7050213333333333 0.659408 0.6143466666666666 0.5685546666666667 0.5228026666666666 0.4776586666666666 0.432324 0.386736 0.341408 0.2963333333333333
SPD
0.1230360273222157 0.11131974357017596 0.0986974888611663 0.08689751815821542 0.07655344462303314 0.06446624629007283 0.052709814104542195 0.041001948310989834 0.031091575624938503 0.01870863987208429 0.0
0.1230360273222157 0.11110170412296602 0.10013615727957602 0.08760862783740793 0.08063110518116394 0.07263584430962704 0.06408553987674015 0.057772341321323736 0.05479884601471072 0.049851615855134535 0.04999869398283458
0.1230360273222157 0.11199333921832653 0.10148651918037035 0.09023820930998379 0.08005326528994441 0.07105757230052127 0.06045139901712696 0.05278424373494329 0.04108505083458872 0.027836224328256002 0.0
AOD
0.11789547270309335 0.10948370398007433 0.09933499611977537 0.09080076222896925 0.08249794923131831 0.07220089441660238 0.06294360753932417 0.05178422864446279 0.04161351075448415 0.028257955921657845 0.0
0.11789547270309335 0.11088036650502395 0.10489454277876346 0.09527982163389756 0.09273690113750516 0.08680330782062227 0.08322931204716835 0.08029524482550394 0.0776258297861363 0.07457225178558527 0.0755949535575568
0.11789547270309335 0.1123545923785558 0.10683146063855391 0.09786958643639539 0.09177721297688347 0.08357065835477853 0.07442367251277764 0.0659239052767233 0.05337724987498793 0.03765214059366902 0.0
