Accuracy
0.8461281049605659 0.8366943613179038 0.8272059851109308 0.817672499447188 0.8082887005233287 0.798821758679148 0.7893612147121692 0.7799450431193337 0.770419105181691 0.7609659320409818 0.7515058598068843
0.8461281049605659 0.8115801872189872 0.7770030220387706 0.7423209847423895 0.7076457875727868 0.673060691383504 0.6386132822289378 0.6037269256283629 0.5689907569838578 0.5346241320852068 0.4998454779980836
0.8461281049605659 0.7863953416377977 0.7265732439006413 0.6668356453158398 0.60703663300656 0.547286002800914 0.4876242942433846 0.4277702955701334 0.3680528340827007 0.3083145868651876 0.24849414019311566
SPD
0.178022512656854 0.1602026441733144 0.14240117499485247 0.12466868042493841 0.10676503164201386 0.08895813319352736 0.07118505433590405 0.05353947286276223 0.035701707760769544 0.017864456352461776 0.0
0.178022512656854 0.1603453355662927 0.1425494456417425 0.12463583998758344 0.10680463209888771 0.08912752572384311 0.07125416100085735 0.05360596692253196 0.03551064304468772 0.018141548185026807 0.007215551335297712
0.178022512656854 0.16029699628884136 0.14243630377757963 0.12465463694171958 0.10668933375306423 0.08904082120536787 0.07111233390886146 0.05324815449055498 0.03560525200172041 0.01770226208130336 0.0
AOD
0.09058144183392762 0.08141156329849253 0.07234220663114524 0.06359714176534054 0.05419781250146101 0.04532823646137169 0.03627095336633474 0.027727602645447758 0.018923015082217644 0.010027040425197881 0.0
0.09058144183392762 0.08173172307787015 0.0725794760469324 0.06331878753687585 0.05438180462773874 0.04553270989854883 0.036564676848718156 0.028438393533231385 0.020934795093100995 0.015605744700807543 0.013630244337411659
0.09058144183392762 0.08164085726606461 0.07250618362951748 0.06351728092572412 0.05412278904399338 0.045210768076068414 0.036215432810363324 0.027358436650861687 0.018765069287387758 0.00998240126645328 0.0
