Accuracy
0.7593333333333333 0.7535626666666667 0.7480466666666666 0.7427400000000001 0.7371706666666666 0.7317013333333333 0.7261093333333333 0.720244 0.714704 0.7092373333333333 0.7036666666666666
0.7593333333333333 0.7331120000000001 0.7072546666666667 0.6805493333333333 0.6555333333333333 0.6302293333333333 0.603044 0.5779040000000001 0.552268 0.5265920000000001 0.49987333333333334
0.7593333333333333 0.7132546666666667 0.6666773333333333 0.6207400000000001 0.5738466666666666 0.5274133333333333 0.4813053333333333 0.4349733333333334 0.38837333333333335 0.342416 0.2963333333333333
SPD
0.09772636956413992 0.08845302113283224 0.07837386771994721 0.06899562554924185 0.06002828876312669 0.05085445116902145 0.04203359009301205 0.03364595526681118 0.024854363525889697 0.015233806336219327 0.0
0.09772636956413992 0.08811237169038913 0.08040783594224761 0.07081256184159579 0.06657674045476297 0.06117971227091517 0.05673877583439397 0.052996019448402557 0.053510600868947655 0.04942208926037902 0.04999869398283458
0.09772636956413992 0.08946178623391576 0.08222632131839513 0.07362203441211869 0.06774615058164879 0.06171854339131354 0.054351473618937905 0.04932331283767871 0.04015171264826938 0.028085387117814362 0.0
AOD
0.0949658659247557 0.08829803184749349 0.08030426825081992 0.07318953411064578 0.06694020043655491 0.0590842569470921 0.05200453640709093 0.043220008621217845 0.03486903229955982 0.02350142999798208 0.0
0.0949658659247557 0.09102429989768099 0.08861326938425348 0.08309268963732887 0.08339238228589224 0.07946228283068574 0.0784890273417833 0.07690549773186932 0.07665605719252121 0.07374906814124613 0.0755949535575568
0.0949658659247557 0.0942933468041512 0.09256181879855883 0.08691531196246396 0.08494449233282357 0.07870029685993457 0.07225035030578686 0.065559025138389 0.05434343830349054 0.03951179781385561 0.0
