Accuracy
0.6465045921123718 0.6363766612641816 0.6261571042679632 0.6160691518098325 0.6058232306861155 0.5956304700162074 0.5852955159373312 0.5751645596974608 0.5649737439222042 0.5547474878444084 0.5445813074014046
0.6465045921123718 0.6319256618044301 0.6171107509454349 0.6026802809292274 0.587577957860616 0.5733218800648299 0.5585858454889249 0.5447116153430578 0.5289074014046461 0.5142491626148028 0.499746299297677
0.6465045921123718 0.6272486223662885 0.6082737979470557 0.5892356564019449 0.5701350621285791 0.5511522420313344 0.5321780659103188 0.5130195569962183 0.4935658562938952 0.4746290653700702 0.4554186925985954
SPD
0.21629096072800413 0.1947428280475063 0.17313534893711086 0.15171685412630978 0.13000731532738047 0.10804113210957517 0.08651640407755672 0.06503305175107688 0.04328485425443879 0.02198154057923943 0.0
0.21629096072800413 0.1945953018919527 0.1733419787948975 0.15086562880742677 0.13003831129552432 0.10888611915246572 0.08675946376906336 0.06516293776728921 0.045198967122228303 0.030284536482464795 0.023554002405225923
0.21629096072800413 0.19503339969086358 0.1730247392195024 0.1503409445948572 0.12976862041562484 0.10886058442126871 0.08606483632046838 0.06486709749700512 0.04344908941199258 0.023223129996239135 0.0
AOD
0.1951351528727635 0.17569908202080006 0.15615520175863656 0.13688324062515855 0.11733852470018728 0.09731882655874816 0.0780025799244394 0.05885133159189377 0.039495407394983945 0.02098788619454017 0.0
0.1951351528727635 0.17552142331723752 0.15651800156647178 0.13580575227393166 0.11753028449631216 0.09873543576359903 0.07922407611264431 0.06195966001389429 0.047057354634759414 0.03825334065122243 0.03408506745885246
0.1951351528727635 0.17614375483743874 0.15604366760361396 0.13552558732426004 0.11717488864240012 0.09832446132203851 0.07814188123508777 0.059997503998520586 0.0420986158135569 0.024540486434690995 0.0
