Accuracy
0.8461281049605659 0.8366943613179038 0.8272059851109308 0.817672499447188 0.8082887005233287 0.798821758679148 0.7893612147121692 0.7799450431193337 0.770419105181691 0.7609659320409818 0.7515058598068843
0.8461281049605659 0.8115801872189872 0.7770030220387706 0.7423209847423895 0.7076457875727868 0.673060691383504 0.6386132822289378 0.6037269256283629 0.5689907569838578 0.5346241320852068 0.4998454779980836
0.8461281049605659 0.7863953416377977 0.7265732439006413 0.6668356453158398 0.60703663300656 0.547286002800914 0.4876242942433846 0.4277702955701334 0.3680528340827007 0.3083145868651876 0.24849414019311566
SPD
0.10371437447769524 0.09333705438988286 0.08291628519261704 0.07251146196066625 0.06223601603591366 0.05185627081854882 0.041309820676697175 0.031115613297697138 0.020770067149681107 0.010276400813153617 0.0
0.10371437447769524 0.0932711997354684 0.08294075902190173 0.07261720451178821 0.06206597452594929 0.05189866035275233 0.04154135222740186 0.031194911289790288 0.021329281445626916 0.013179748616211793 0.009979626259560384
0.10371437447769524 0.09329715497462987 0.08342701361341964 0.07247099671119699 0.062159080359590904 0.051908764867782904 0.041053465027642136 0.03093826651064704 0.020734793401730883 0.011017359004615142 0.0
AOD
0.07925939216082373 0.07130101547817505 0.0632282071754536 0.0552556609398771 0.04753300927589387 0.03984915881433313 0.03164514403287348 0.02403214670466486 0.016586740897062385 0.008991857070850503 0.0
0.07925939216082373 0.07123301675730168 0.06339183891005067 0.05558596662960012 0.047086925326678596 0.04022647860676165 0.033869587698187514 0.026868861825001214 0.021907235112559313 0.018705644734726537 0.017492829251519033
0.07925939216082373 0.07133239490916424 0.06375643062285456 0.055495273297328104 0.047843872817842956 0.04015851912450577 0.03235752934287376 0.025320797524144824 0.018108715768501416 0.010812678127635063 0.0
