Accuracy
0.646936790923825 0.636742301458671 0.6265199351701783 0.6164023770934629 0.6060777957860615 0.5958403025391681 0.585452188006483 0.5752946515397083 0.5650515397082658 0.554777093462993 0.5445813074014046
0.646936790923825 0.6323072933549433 0.6174480821177741 0.6029648838465694 0.5878325229605619 0.5735165856293896 0.5587308481901675 0.544833927606699 0.5289728795245813 0.5142878444084279 0.499746299297677
0.646936790923825 0.6276471096704483 0.6086342517558077 0.5895416531604538 0.5703997839005942 0.5513646677471638 0.5323574284170718 0.5131472717450027 0.4936226904376013 0.47467747163695295 0.4554186925985954
SPD
0.1522594233632861 0.13692635500560887 0.12215811153513446 0.10683970542587476 0.09136587550699816 0.07620325048978216 0.06051893364818716 0.046207535418789414 0.030719931445137585 0.01547000634615236 0.0
0.1522594233632861 0.1371231887741068 0.12218729045318899 0.10656412214570969 0.09164631268271925 0.07658346142602482 0.06127917104715682 0.04607856335379113 0.032961920551560955 0.02291990367505733 0.01921540075862579
0.1522594233632861 0.13641383443480104 0.12184763292378341 0.1064352558415036 0.09179463305368678 0.07693752325509685 0.06089364804473591 0.04630735807903896 0.031414988471159214 0.01659904910932573 0.0
AOD
0.1341994349320512 0.12067197683749732 0.10766913382838532 0.09421968009964699 0.08050266966516859 0.06726219281641245 0.05348371001937696 0.0412132459658228 0.028067983518131116 0.01517332285227198 0.0
0.1341994349320512 0.12085034587207324 0.10781459248920414 0.09409049105905103 0.08136144465323203 0.06890641553278702 0.05657488141799375 0.04490770066846217 0.03626532388621507 0.029973107628177433 0.028168733175258892
0.1341994349320512 0.12023927625584242 0.10752272001424049 0.09401613088123242 0.0816765578376736 0.06897472652942388 0.05558875111117909 0.04354860302783506 0.031363811450933685 0.018034443267166016 0.0
