0.19916455287104667 0.8164664258863419 0.10157481952670733
0.21871755929780673 0.8110120144468195 0.1259522444476538
0.19768773638755804 0.8141814697427582 0.0894421538088427
0.20538721977994334 0.809390432667502 0.11538915808090341
0.20904686757051347 0.8158767597847719 0.09283393223987939
0.21492501463876987 0.8095378491928945 0.11031227874198568
0.19223411466765006 0.8138866366919731 0.09120607172983658
0.19215721399176025 0.8197095894449767 0.07803051838732787
0.21680962370019563 0.8133706788530994 0.12807121074181227
0.20994350443875795 0.819783297707673 0.12348831219434805
0.20289055269370465 0.8116016805483894 0.10298865735687568
0.20528691498125756 0.8146974275816319 0.10209216840791922
0.2248134953661177 0.8109383061841232 0.14768052370601958
0.20561766692982758 0.8202255472838506 0.10478273868124223
0.21148415987617278 0.8109383061841232 0.11629144559895507
0.20835761212938864 0.8101275152944645 0.10662102509904303
0.19775745147379847 0.8135918036411882 0.0852464610565904
0.22135171552410948 0.8099800987690721 0.13584382028882447
0.20423054855819261 0.8123387631753519 0.10741396475297402
0.2061218663202815 0.807916267413577 0.11015765165867579
0.1992803558276378 0.8160978845728606 0.0934061035917319
0.21476333179068208 0.8144763027935431 0.12255915553315538
0.205715734751248 0.8152133854205056 0.10015455737317454
0.20042142258268136 0.812043930124567 0.09772091924659765
0.21374320913766 0.8132969705904032 0.10802243677244266
0.20401164051247625 0.8128547210142257 0.10027679235955339
0.21187423722725393 0.8112331392349083 0.1013928296749583
0.20466983845215547 0.8121913466499595 0.09287746434123165
0.20419097280884446 0.8130021375396181 0.09803758327642066
0.20577000505766735 0.8132232623277069 0.10847069563057044
0.2161370445113731 0.8134443871157957 0.12007624215273559
0.20495645195363787 0.8127810127515295 0.10109797173333465
0.21788558292399857 0.8132232623277069 0.11826968752312342
0.20293138958407408 0.8134443871157957 0.09592723931982951
0.22184199213997663 0.8081373922016658 0.12545291444209875
0.2103750505085067 0.8082848087270583 0.12899424743020776
0.19535307575908817 0.8071791847866145 0.09062026973252102
0.19930440390639398 0.8216997125377755 0.08180175268782702
0.19720525729478763 0.812633596226137 0.08786162494694366
0.21850957438101265 0.8089481830913245 0.1196677024969575
0.2228916076091011 0.8128547210142257 0.1262159954792726
0.22215214987040835 0.8143288862681507 0.11765927482621347
0.2049205831176342 0.8099063905063758 0.10616644442236939
0.2081773654394722 0.811749097073782 0.12100996028768125
0.2109396893635062 0.8128547210142257 0.10564090782011779
0.22020391867992672 0.8109383061841232 0.14507745712717593
0.20323612256207507 0.8153608019458981 0.1060477818244519
0.21949461470316714 0.8142551780054544 0.12299018612152213
0.2083737199596108 0.8070317682612221 0.10155543181759943
0.21032413288208135 0.8186039655045331 0.0972808647992355
