0.13008116173161582 0.8154345102085944 0.0965797283143835
0.11515337712236406 0.811749097073782 0.08142157842131431
0.10216402872519198 0.8144763027935431 0.05822439106543259
0.10646020531360981 0.8098326822436795 0.05184476793316498
0.10168462544225015 0.8159504680474681 0.07161861679324545
0.11243207190215593 0.8087270583032358 0.06736600349377099
0.0870342379529549 0.8136655119038845 0.03422658010990164
0.1085761685036303 0.8202992555465468 0.057777016123819094
0.11370961643004396 0.8128547210142257 0.07946085706358562
0.11034235718780253 0.820078130758458 0.03684923542433554
0.12543236654290504 0.811159430972212 0.07311786146876242
0.11619702915104549 0.8138129284292769 0.07463774056673447
0.11037853212551701 0.811454264022997 0.05487055248185863
0.10642885671644842 0.820372963809243 0.06070602331886066
0.10570798941568485 0.8104960566079458 0.07365416818385556
0.11759715663407366 0.8095378491928945 0.06171200219821627
0.11541475207228907 0.814402594530847 0.057893969943846504
0.10374082619887756 0.8096115574555908 0.04978086113043723
0.11631086049080264 0.8119702218618707 0.07291041145816524
0.11298631688439509 0.8075477261000958 0.042371325029686734
0.10736067974519317 0.8155819267339869 0.06313701701814739
0.10122045084881673 0.8149185523697207 0.05218678328554936
0.10916155078051851 0.8146237193189356 0.0599725862734181
0.10894183253452472 0.8122650549126557 0.07586465747692758
0.0972124006743246 0.812633596226137 0.05682181443984022
0.12266770964251406 0.8115279722856932 0.0792526885290458
0.1234913465996508 0.8100538070317682 0.09547746440166041
0.1031829179756022 0.8127810127515295 0.05073561955146198
0.09908211699202066 0.8134443871157957 0.031315998689503625
0.12236862465036005 0.8130758458023144 0.07759143803344005
0.12185567756500965 0.812928429276922 0.07436126996972146
0.11747718331018436 0.8135918036411882 0.06763666385032466
0.11224379401148649 0.8130758458023144 0.06364519115021855
0.12163699948190362 0.8142551780054544 0.07053567773821573
0.11052957114803838 0.8081373922016658 0.05185063301359215
0.08371042074411503 0.8082111004643621 0.03259626139836685
0.12970083419525216 0.8069580599985259 0.09328092514300496
0.11979295430129347 0.8220682538512567 0.06981759387342687
0.0978594588390577 0.8125598879634407 0.050318838372065834
0.11749707070371018 0.8085796417778432 0.07642054112566432
0.11557641095647661 0.812043930124567 0.05499622953317807
0.12176905355560891 0.8139603449546694 0.088990052583275
0.0972936936936937 0.809685265718287 0.0352231240148458
0.10299712692752763 0.8124124714380482 0.052924339828371136
0.12694282937377432 0.8121913466499595 0.08053282219383051
0.12041683466858333 0.8097589739809833 0.0783846994795128
0.10335412892345308 0.8149922606324169 0.043728588126631586
0.10589100455822772 0.8136655119038845 0.052481947662550675
0.11294857705508618 0.8068106434731334 0.07717984914560037
0.10360720859147007 0.8193410481314956 0.05544256113350861
