0.1355493254725888 0.6234467855213398 0.10996735187964754
0.13614262560777957 0.6180443003781739 0.13119965210133402
0.13046618787585895 0.6272285251215559 0.1117877216014786
0.12331199458263453 0.6175040518638574 0.11082846061296087
0.12173693609752312 0.6169638033495408 0.11209387734604828
0.13391966956274037 0.6347920043219881 0.11776444754233376
0.13739837398373977 0.6315505132360886 0.11600290825275328
0.12664749580637435 0.602377093462993 0.1187900891601048
0.14892866464916377 0.6191247974068071 0.1340586593352975
0.13268256172798842 0.6148028092922745 0.12260015508315877
0.1600639966969447 0.6175040518638574 0.14841917948972913
0.13542344166334475 0.6083198271204754 0.12245724633628563
0.10504113791660852 0.615343057806591 0.08762132378141171
0.1496925000966981 0.6002160994057266 0.14355916719331274
0.15806423672627345 0.6266882766072394 0.13937992668662577
0.09417095911847162 0.6272285251215559 0.08687577708161334
0.11539355469532675 0.6202052944354403 0.09617711526182968
0.12853242853242852 0.6358725013506212 0.1107909572255899
0.12898516965602913 0.6142625607779578 0.11302193138753128
0.07637780272522221 0.6121015667206915 0.055877457236558875
0.1485162437154265 0.637493246893571 0.13431324467979275
0.13819956621727336 0.6104808211777417 0.12571971419080144
0.12169500026397762 0.6099405726634252 0.111658488785955
0.1499402213737514 0.6142625607779578 0.1380915550040067
0.11299337493899342 0.6326310102647218 0.08014173884122175
0.15368417855750882 0.6283090221501891 0.13753497888470478
0.12113975349269468 0.6126418152350082 0.10617871788288699
0.1413082960455686 0.6115613182063749 0.13801474690474577
0.1576764463296807 0.6115613182063749 0.15048360327693364
0.1481697959688134 0.6207455429497569 0.14281102849518984
0.12241045623451685 0.6396542409508373 0.1075304206787705
0.1766120717781403 0.6131820637493247 0.15799032518846326
0.0852577905179589 0.6077795786061588 0.07765053171841155
0.1354264622907655 0.6380334954078877 0.1000255362243766
0.15091629609777302 0.6126418152350082 0.14237849420301002
0.1899016009146589 0.6158833063209076 0.17832482119107967
0.06026383851043837 0.6272285251215559 0.0324811725368003
0.17698985995593997 0.62182603997839 0.16137157097426882
0.10921371800165158 0.6299297676931388 0.07994811243826763
0.16024638324033658 0.62182603997839 0.14235366026079235
0.1504397669806128 0.6239870340356564 0.14088176665286845
0.1345218800648298 0.6104808211777417 0.12521565649502367
0.1555654099640461 0.608860075634792 0.14951444986351428
0.0955587121457584 0.6250675310642896 0.07431498940722511
0.13147454207174858 0.6288492706645057 0.12243583539559874
0.07588244542857892 0.6061588330632091 0.05638005784150882
0.14409596052335527 0.615343057806591 0.13607629909154298
0.1628999271622571 0.6196650459211237 0.13776837466481334
0.05928839913151074 0.6445164775796867 0.03299651842666873
0.17792222807445757 0.6358725013506212 0.15748553385379138
