0.13579759548283044 0.624527282549973 0.10993121680785053
0.15587672520181606 0.6185845488924906 0.14332698093080679
0.18090963102421265 0.6304700162074555 0.14880278116552037
0.13440846309037302 0.6202052944354403 0.11816006032212295
0.1933196144768814 0.6137223122636413 0.16686533256687902
0.09685802031656043 0.6369529983792545 0.05938821532668037
0.15518294545232425 0.6299297676931388 0.13396852491015696
0.09611965811965806 0.602377093462993 0.07201546268948428
0.15387879481643174 0.62182603997839 0.1374048537470628
0.1553928126764158 0.6148028092922745 0.14374890625261447
0.16889057688206044 0.6191247974068071 0.12550278480968202
0.14886319315392205 0.6104808211777417 0.13214067797780826
0.13098563293776333 0.6142625607779578 0.1065531288547055
0.09899633637868666 0.5996758508914101 0.07676696833173899
0.14892430085619346 0.6229065370070233 0.13336690781401275
0.1960255440410702 0.6283090221501891 0.16653784874234664
0.16882357900545708 0.6202052944354403 0.1439133500200916
0.18055381068158471 0.6326310102647218 0.15994981571307862
0.18800894109993682 0.6126418152350082 0.17373411913352882
0.16015209417548448 0.6158833063209076 0.13611087164165106
0.1613749953026944 0.6396542409508373 0.1269436721199766
0.1540361473989793 0.6083198271204754 0.1398252278494215
0.1463613557872948 0.6072393300918423 0.13318512533893803
0.11628357042123982 0.6169638033495408 0.09175240327300652
0.15119266055045866 0.631010264721772 0.1277223583375855
0.15508532730361224 0.6277687736358725 0.136449456732536
0.21406882591093124 0.6126418152350082 0.18963167356494834
0.14933540417539548 0.608860075634792 0.12689559774225947
0.23921749338950882 0.6196650459211237 0.21989988065282665
0.1270678693230043 0.6261480280929227 0.08477701010886848
0.13376638176638178 0.6396542409508373 0.09825725813118144
0.1489682195880755 0.6126418152350082 0.1241086311988994
0.07260232336908257 0.6083198271204754 0.05359501721973853
0.17966675750379568 0.6385737439222042 0.1431958441537075
0.12178610349103747 0.6142625607779578 0.10701017211641084
0.18453150749721026 0.6142625607779578 0.16273852549698767
0.18813067395632943 0.6250675310642896 0.17083284466037593
0.15441435710343987 0.6229065370070233 0.13592519310466566
0.14034435346657137 0.6299297676931388 0.10220926837959385
0.11971245452970725 0.6223662884927067 0.09250651966202222
0.09288055372307569 0.6234467855213398 0.06004937549752218
0.12448071441567099 0.6115613182063749 0.11018477288140544
0.15822671859260606 0.6099405726634252 0.13777086921649556
0.13869636963696375 0.6250675310642896 0.11470787146856443
0.13430869735509943 0.6304700162074555 0.10671222839379282
0.12417281466577235 0.6072393300918423 0.10115601513172151
0.12112327799364186 0.6142625607779578 0.08707771963806518
0.1332507398995113 0.6239870340356564 0.10494501933419625
0.1736140375520907 0.6461372231226364 0.1292191875878134
0.1501299802724977 0.6369529983792545 0.11819541941300879
