0.14085122096694164 0.8149922606324169 0.1220952168189558
0.12548929443502554 0.811454264022997 0.10282121110254633
0.1161609183052853 0.8145500110562394 0.08325939333318515
0.11979353864694314 0.810274931819857 0.07310143244061425
0.11393169679475282 0.8157293432593794 0.09514035941198744
0.12745797863790723 0.808800766565932 0.09583834009552102
0.10013696331983121 0.8135918036411882 0.05850252504463902
0.11848748827410499 0.8199307142330655 0.07955742288615157
0.12871996839691766 0.8127810127515295 0.1068256470764973
0.1235210604034061 0.8195621729195843 0.06616061826392114
0.1347878758984144 0.8104223483452495 0.09752971503847035
0.12715736318027304 0.8138866366919731 0.09470787257993579
0.1267899106813157 0.811159430972212 0.08773567221830433
0.12313031809431896 0.8202255472838506 0.0938648655385204
0.12478589084652744 0.8100538070317682 0.11217510931040006
0.12879118648481994 0.8093167244048057 0.08611075603619718
0.1265141178228176 0.8141814697427582 0.08065593456627626
0.1176222997706875 0.8100538070317682 0.07117606291427206
0.1301854750848417 0.811159430972212 0.10609824222444578
0.12675021312579265 0.8071054765239183 0.07235964017486157
0.1197662892381813 0.8156556349966831 0.08639086941798277
0.11598838333826819 0.8149185523697207 0.0801335429396261
0.1228026840438973 0.8147711358443281 0.08319220176211643
0.12686687327325366 0.8118965135991745 0.1132469390736172
0.11198033316377606 0.8127810127515295 0.08390559508998842
0.1361302836866713 0.810864597921427 0.10952063010727425
0.13592377903208322 0.8095378491928945 0.12425878538246986
0.11969863454459526 0.8119702218618707 0.0871665426046817
0.11204219993655148 0.8133706788530994 0.05739056055439179
0.13361661608046183 0.8125598879634407 0.1042807512502675
0.13434267028093055 0.8130758458023144 0.09750056820411929
0.1304221671289546 0.8143288862681507 0.08517870039807665
0.12861208045649927 0.8127810127515295 0.09720872487780466
0.13593784693953073 0.8134443871157957 0.10743735717145196
0.12380625728717806 0.8076214343627921 0.08136000340735926
0.09822571364198956 0.8080636839389695 0.060506379518695766
0.142620730836079 0.8068843517358296 0.1201205885007952
0.13105191028901098 0.8216260042750793 0.09526815208714295
0.11273125371085255 0.8127810127515295 0.07535970258110791
0.12975066686780182 0.8089481830913245 0.09590670328003609
0.12438470111191702 0.8119702218618707 0.07225888571237148
0.13595717757032252 0.8134443871157957 0.11740545253249264
0.11116036036036037 0.809685265718287 0.060810129280257814
0.11377298899649313 0.8121176383872633 0.07383482380232079
0.1397962998107923 0.8115279722856932 0.11120511487596874
0.13363493329593462 0.8094641409301983 0.1044051679421252
0.1206048027779005 0.8148448441070244 0.0778312652225884
0.11959685590245547 0.812928429276922 0.08422003336539408
0.12335953595919577 0.8070317682612221 0.09375280130210148
0.11850082561274666 0.818898798555318 0.08811347953947403
