0.12747178104609447 0.6229065370070233 0.10176348466158555
0.11669367909238249 0.6191247974068071 0.11023346535051778
0.11949440104200315 0.6299297676931388 0.09845418178669246
0.10551264183182552 0.6202052944354403 0.09085708408420728
0.11387530087739728 0.6164235548352242 0.10416898607806566
0.12248176106600839 0.6353322528363047 0.10530050956901968
0.12451592631868347 0.6293895191788222 0.10395117397879677
0.11730170141385099 0.6012965964343598 0.10971120508122073
0.1301198872196967 0.6191247974068071 0.11458368986032805
0.11147538391395906 0.6142625607779578 0.10071677706707302
0.14131399669694467 0.6196650459211237 0.12744094415355647
0.1144218261544595 0.6121015667206915 0.09743349835210285
0.09095663087435502 0.6148028092922745 0.07300312294459163
0.13565193847423318 0.5985953538627768 0.1298955302896117
0.1499736218395421 0.6261480280929227 0.13126470034917728
0.07819651822390294 0.6293895191788222 0.06902033726557208
0.09864313593485774 0.6191247974068071 0.07902138653907301
0.11424671424671429 0.6342517558076716 0.09679651392227423
0.11326189921577756 0.6142625607779578 0.0964490733512586
0.05927049323844147 0.6148028092922745 0.03578208240320846
0.12868153297162488 0.6396542409508373 0.1124820514374982
0.12533782988286823 0.6115613182063749 0.11177325061549373
0.10532838815268464 0.6099405726634252 0.09462380606040574
0.13133557021096065 0.6164235548352242 0.11769069602047047
0.10824653949595542 0.6320907617504052 0.07551694318652583
0.14021112466529329 0.6277687736358725 0.12384616444212154
0.11208997973703849 0.6137223122636413 0.09585971435979443
0.127725953091409 0.6115613182063749 0.12428514317514203
0.13996308079022823 0.6142625607779578 0.13044047659229754
0.13728332629540752 0.6223662884927067 0.13039781472274686
0.11303545623451694 0.6396542409508373 0.09780190701324892
0.16381207177814028 0.6131820637493247 0.14428057700911787
0.07214303641959818 0.608860075634792 0.06859696226262882
0.1258110776753809 0.6380334954078877 0.08953743618403776
0.13183839466693037 0.6115613182063749 0.12317403965372792
0.16578584528764917 0.6142625607779578 0.15429853492725537
0.05364132195414695 0.6261480280929227 0.026297766423263175
0.16265864976485722 0.6212857914640735 0.14682602085073418
0.09983871800165156 0.6299297676931388 0.06960283893509941
0.14602837376166355 0.6223662884927067 0.12675463200353623
0.1314524252084609 0.6229065370070233 0.121719462987947
0.12155591572123181 0.6104808211777417 0.11135204566477988
0.14397600599053617 0.6083198271204754 0.13753864863239015
0.07820855441705177 0.624527282549973 0.05635428929250394
0.11534550981368408 0.631010264721772 0.10380325147197697
0.06943083252535309 0.6083198271204754 0.04797669649697103
0.13624666695977594 0.6148028092922745 0.1281942554530716
0.15343620476478081 0.62182603997839 0.12608267246515176
0.04349061082187411 0.6455969746083198 0.01559698129222728
0.16708631476176405 0.6385737439222042 0.14426751983392144
