0.12116132267153601 0.6234467855213398 0.09482694443895204
0.1304529963882568 0.6202052944354403 0.1153507904546163
0.1446351136556534 0.631010264721772 0.10830239679419629
0.12067219935410922 0.6196650459211237 0.10417563462452406
0.1767116598653692 0.6148028092922745 0.14707343672344964
0.0787126095418087 0.6358725013506212 0.041305827440653475
0.12095779121617489 0.6277687736358725 0.09918274757395629
0.07902564102564102 0.6012965964343598 0.05527338124152048
0.12339000311835124 0.6191247974068071 0.1054095242434877
0.13498464941110966 0.6142625607779578 0.12207883590997778
0.1455470033339944 0.6164235548352242 0.0994220740619762
0.14598962993553133 0.6110210696920584 0.12823442797780826
0.11354377247264702 0.6131820637493247 0.08937327379823637
0.07594158133545903 0.5996758508914101 0.05175795932273
0.11646535205801745 0.6266882766072394 0.09636230490916015
0.1681624888915002 0.6256077795786061 0.13818506429481536
0.1595131522472255 0.6202052944354403 0.13477753238427392
0.15448354604373427 0.6331712587790383 0.12962558972414992
0.15966330934163397 0.6121015667206915 0.14218505777784923
0.12796074741228658 0.615343057806591 0.10030459175597514
0.1445210627184247 0.6396542409508373 0.10816399918169628
0.12158776981785835 0.6099405726634252 0.10300280486363947
0.13515687399457776 0.6094003241491086 0.11814753135397563
0.1018743485192225 0.6185845488924906 0.07301108827264083
0.1329871962899486 0.6304700162074555 0.10759597071842322
0.13572497272001172 0.6261480280929227 0.1154953541517851
0.19483805668016196 0.6126418152350082 0.16778293406915004
0.12115630041657643 0.6110210696920584 0.09416791440008884
0.22566735788815384 0.6169638033495408 0.2097372790268104
0.10090507862532982 0.624527282549973 0.05851566083866966
0.12255270655270656 0.6391139924365208 0.08534853050604493
0.12546764856456505 0.6094003241491086 0.0983307534968677
0.050079142966538925 0.6072393300918423 0.029012111836829835
0.15540156499396585 0.6396542409508373 0.11510204001285027
0.10774115967081277 0.6126418152350082 0.09435216345840214
0.17018002172676017 0.6126418152350082 0.14758292515998214
0.17065460722441594 0.624527282549973 0.15363736955687682
0.1300298148261696 0.6229065370070233 0.11027889005611832
0.12415698338817405 0.6256077795786061 0.0851467588523391
0.10811825163115651 0.6223662884927067 0.07909491959982351
0.0679221771955727 0.6234467855213398 0.03199734662543671
0.11311707805203464 0.6115613182063749 0.09738244518546074
0.14420354227971788 0.6083198271204754 0.1267363060907868
0.1175388967468175 0.6234467855213398 0.09371244674816387
0.12057243361883574 0.6320907617504052 0.08799638139925728
0.10750614799910574 0.6061588330632091 0.0848597188354252
0.111470746806968 0.6169638033495408 0.07397135922845319
0.10690687590336578 0.6148028092922745 0.08158454989412414
0.1539307955237158 0.6434359805510534 0.10920631881979018
0.13167278157783147 0.637493246893571 0.09723096848846885
