0.029548563611491163 0.7266666666666667 0.04064102564102562
0.05215864490807687 0.7166666666666667 0.03554356909463258
0.02138932496075352 0.6733333333333333 0.1046587060738004
0.011243386243386166 0.6933333333333334 0.08740086222185581
0.17264021887824899 0.6966666666666667 0.13378983668939282
0.01636897358077516 0.7133333333333334 0.01619466768720501
0.05532180146485899 0.6433333333333333 0.05861440998706802
0.09283876500857635 0.6966666666666667 0.08195030429633732
0.06162258793837749 0.66 0.08633390132596902
0.026348039215686292 0.7233333333333334 0.033383852023233185
0.009639776763064378 0.68 0.0596655328798186
0.13909774436090228 0.7066666666666667 0.13555555555555554
0.09589947089947093 0.7133333333333334 0.05747863247863247
0.025868786037088976 0.68 0.07838614708793928
0.0884197324414715 0.67 0.15043510013022213
0.0826541879173458 0.6266666666666667 0.08716393921683224
0.04288164665523153 0.67 0.08543935049339063
0.054881010199125724 0.68 0.10782538442012851
0.09219064667710897 0.6933333333333334 0.0759976357230362
0.0946813274292253 0.6533333333333333 0.07983992358992353
0.01241929919668816 0.6666666666666666 0.018506753475184767
0.14920112781954886 0.7066666666666667 0.1691588904840033
0.09651182771063638 0.7233333333333334 0.02677652536143102
0.13760324139005775 0.6666666666666666 0.12260856977417484
0.059364548494983294 0.7066666666666667 0.044172932330827086
0.10534517687392864 0.67 0.11005785659733941
0.042328042328042326 0.7266666666666667 0.08971098692340326
0.1001283697047497 0.7033333333333334 0.10583303877860506
0.12527472527472527 0.68 0.08877993325581174
0.08412698412698405 0.6633333333333333 0.05871881346034591
0.0187003272557269 0.7 0.019732953072336024
0.021586449080768455 0.6166666666666667 0.03569908352517054
0.03499999999999992 0.6533333333333333 0.024240845357580365
0.010382544000888339 0.6933333333333334 0.025727711541054854
0.03269609670376483 0.7 0.12415223954070437
0.13888888888888884 0.7666666666666667 0.09526727357609707
0.055891476944108565 0.6966666666666667 0.05116525371302441
0.09615384615384615 0.7166666666666667 0.09378123438280855
0.09948542024013718 0.7233333333333334 0.14317983112618968
0.005643812709030138 0.64 0.018540584510970626
0.09046310832025117 0.7133333333333334 0.1143696581196581
0.05536952882085633 0.6433333333333333 0.06292442497261774
0.020015698587127262 0.7066666666666667 0.04042354870598458
0.05237483953786903 0.6633333333333333 0.041457374443410355
0.06995372904124575 0.6366666666666667 0.1508834274125345
0.0722756768852092 0.68 0.04035145888594166
0.07077133392922874 0.7033333333333334 0.07371681382810902
0.010608203677510586 0.6933333333333334 0.12022164276401565
0.0635451505016722 0.68 0.15764980561189995
0.01532254190883331 0.68 0.0473203906068356
