0.22752208463148224 0.8172772167760006 0.16761231270361587
0.23989242268578487 0.8103486400825533 0.1829590557886716
0.2245561039648893 0.8142551780054544 0.15642799561450885
0.2268205754396888 0.8085059335151471 0.17477375642331688
0.2328834169462229 0.8153608019458981 0.1576501972776556
0.23737943882729812 0.8079899756762733 0.17478529035228846
0.21922526511012794 0.8134443871157957 0.15721726554438853
0.22121346689738552 0.819783297707673 0.15248579706795867
0.24263068825285702 0.8121913466499595 0.19819429979829384
0.23429415378940732 0.8192673398687993 0.18558645058897372
0.227342686488399 0.8123387631753519 0.15883441454722994
0.2286945224536861 0.8133706788530994 0.16701709735454362
0.24786028033961388 0.8109383061841232 0.203899518392748
0.2294754206998028 0.819783297707673 0.16701292063088935
0.2334799922447766 0.8110120144468195 0.16976127887080195
0.23548157536633102 0.8076951426254884 0.1851313861465894
0.22238345837828638 0.8136655119038845 0.1490739706908375
0.24682796064690038 0.8087270583032358 0.20445565383888947
0.23075932553660988 0.8121913466499595 0.17405917404261453
0.23083017105603992 0.807916267413577 0.16684513917001167
0.22646042377780767 0.8158030515220757 0.1622091220009897
0.23829005632243172 0.8141077614800619 0.1834141645468046
0.23290951902912732 0.8151396771578094 0.16812178326007626
0.22540454209652333 0.8110857227095157 0.16544870850904037
0.23974634744745602 0.8130021375396181 0.17568850746423198
0.23086033220758434 0.8122650549126557 0.16888238283405763
0.23310278284604347 0.8113805557603008 0.15386756140468624
0.22785165663397364 0.810864597921427 0.15653529693110307
0.22745719204821807 0.8125598879634407 0.15722505758233285
0.23077000505766734 0.812633596226137 0.17113668965135048
0.2395208134247156 0.8122650549126557 0.18305655634900309
0.23102763762582107 0.8132969705904032 0.1665255064101719
0.24136404200765482 0.8127073044888332 0.17999173845380745
0.2278563838143995 0.8124124714380482 0.16378951578563483
0.24511862598062123 0.8065158104223483 0.18998195875442467
0.23682170511971828 0.807916267413577 0.19963530557760464
0.22316251273196258 0.8077688508881846 0.1562060894836262
0.22309789436655109 0.8199307142330655 0.1530315121088126
0.2211372635573687 0.8113805557603008 0.15768574534125288
0.24261425757660493 0.8090218913540208 0.1802307190258831
0.2462058933233868 0.8110857227095157 0.19231562967779367
0.24791007100102153 0.8132232623277069 0.18588557543747203
0.2320086192350157 0.8084322252524508 0.177765135861571
0.2272163500269609 0.8118965135991745 0.1677491437922849
0.23438608135075867 0.8118965135991745 0.17131421100475844
0.24311867578350144 0.8112331392349083 0.19999552567659346
0.22933286046983659 0.8153608019458981 0.17197541256220925
0.24582224746644346 0.8138866366919731 0.19282166770697595
0.23015771445628586 0.8085796417778432 0.1489519479464887
0.23294344977871106 0.818309132453748 0.1556074671556405
