0.13492768838751246 0.8153608019458981 0.10680772891402648
0.12187172337559404 0.8115279722856932 0.09558499238020739
0.10942167517412926 0.8144763027935431 0.07153807054325792
0.11722943608284059 0.8100538070317682 0.07024628270719457
0.11126928997899135 0.8156556349966831 0.0910525866263648
0.12331290091769997 0.8085059335151471 0.0905927501647186
0.0969923092317809 0.8135918036411882 0.05282786057751622
0.1164008946382156 0.819783297707673 0.07699233726158518
0.12561437833480585 0.812928429276922 0.10006801274511731
0.12088531976028538 0.819783297707673 0.05922462208380531
0.13374837485891336 0.810569764870642 0.09421845676032464
0.1229819978358054 0.8138866366919731 0.0868035821508929
0.12296058901829598 0.8115279722856932 0.07730807818522367
0.11947687341790977 0.8201518390211543 0.08759521454840083
0.11895653207599222 0.8101275152944645 0.10094251264335255
0.12612594128226132 0.809390432667502 0.08008929035517506
0.12545703537038633 0.8143288862681507 0.07733367543006361
0.11335107713320752 0.8100538070317682 0.06338426572564235
0.12453285432430727 0.8119702218618707 0.08829888947363676
0.12304454875310869 0.8073266013120071 0.06334184291763867
0.11653004328348876 0.8158030515220757 0.0786871943713671
0.11335125253658043 0.8146974275816319 0.07719925951753781
0.12070404815722366 0.8147711358443281 0.07942728580112457
0.1192623105356111 0.8121913466499595 0.09606518007529379
0.10723349772073809 0.8130021375396181 0.07262676999444152
0.13236076295430727 0.8112331392349083 0.09942606249142891
0.13268053578883998 0.809685265718287 0.11662639220020457
0.11703480929153187 0.812043930124567 0.08177909217125298
0.10893178002986409 0.8132232623277069 0.05272202843850952
0.1314741415223472 0.8127073044888332 0.09871974047104039
0.13018033937562357 0.8132232623277069 0.08787233561773053
0.12664654684847995 0.8141077614800619 0.08012104869616303
0.12452000884524608 0.812633596226137 0.09080574110120049
0.13275988083783583 0.8137392201665806 0.09806921245968875
0.12008878516821894 0.8078425591508808 0.07239495813467026
0.09148647051083353 0.8081373922016658 0.04750229756409026
0.14055354737354672 0.8070317682612221 0.11446133084002699
0.1279812859287244 0.8217734208004718 0.08808314411266127
0.1065774075570064 0.812928429276922 0.06298721889349124
0.1270868416147384 0.8085796417778432 0.09432241937636056
0.12334843168186521 0.8119702218618707 0.07030664579523546
0.13122780289875133 0.813518095378492 0.10870991569820615
0.10796036036036036 0.8098326822436795 0.05357333689872956
0.11054023037580349 0.8122650549126557 0.06708281256493098
0.13568318927094655 0.8119702218618707 0.09927307164618315
0.12956782602598038 0.8094641409301983 0.09714037798208708
0.1179093849881431 0.8149185523697207 0.0720198737937022
0.11485252274483818 0.8130021375396181 0.07484449700747883
0.12171570034275742 0.8071054765239183 0.09018674004397884
0.11477742135742752 0.8189725068180143 0.08029663737502295
