0.21958197573856028 0.8169086754625193 0.14996487862329658
0.23283413488979215 0.8104223483452495 0.1648406601824955
0.21642785831124284 0.8148448441070244 0.13251493433738523
0.22034591591747404 0.8082848087270583 0.15973765406785218
0.22629998902340792 0.8149922606324169 0.14293339385792336
0.22826427653294507 0.8090955996167171 0.14586372532163014
0.21126066334021643 0.8128547210142257 0.14160593324965653
0.21238036601407545 0.8196358811822805 0.1306467857923277
0.23538267013281172 0.8127810127515295 0.1770118360656051
0.22640918161872087 0.8194147563941918 0.1655935176640763
0.21857682720350857 0.811749097073782 0.14074751902086696
0.22149218169293883 0.8139603449546694 0.1459972024093775
0.24025484129836014 0.8104223483452495 0.18837017101507453
0.21912205585622868 0.819783297707673 0.14114152795201576
0.2260708697627206 0.8116016805483894 0.14811068802271976
0.22494582105115507 0.8090955996167171 0.15210157429812765
0.21455837207218742 0.8132232623277069 0.1314745274468706
0.2362702374428609 0.8097589739809833 0.1730781546516333
0.22064241906178975 0.8127073044888332 0.14595753024710534
0.2239667530738848 0.8076214343627921 0.15267554887504864
0.22034490848901944 0.8155819267339869 0.14840977531440286
0.23075236788022066 0.8140340532173657 0.16506351928397806
0.22285467442218032 0.8152870936832018 0.1422760670447643
0.2159514698480426 0.8110857227095157 0.14194972399520436
0.2294347581177093 0.8125598879634407 0.15220862543669483
0.22153154949996204 0.8123387631753519 0.14579924197969246
0.22655355068705518 0.8113068474976045 0.13784723193269463
0.22171529299761 0.8113805557603008 0.13874344127516974
0.21873235983345296 0.8123387631753519 0.1372264620705505
0.22167909596675825 0.8133706788530994 0.14543644761660976
0.23149697115052945 0.8121913466499595 0.164180714029581
0.2233196349053495 0.8127073044888332 0.14997367052660887
0.23224619381982714 0.8130021375396181 0.15545708046591206
0.22093277430597577 0.8128547210142257 0.14400798529682035
0.2390756537335308 0.8070317682612221 0.1727044232577341
0.2298144718466622 0.8081373922016658 0.18015212437408878
0.21450055695352627 0.8076214343627921 0.13556244522285985
0.2156904869591437 0.8208889216481168 0.12839585791729716
0.2130853735998648 0.8122650549126557 0.13133651130373658
0.23549763682362057 0.8090955996167171 0.16176480993497402
0.2388916076091011 0.8118228053364782 0.1705415527690874
0.24038784624606369 0.8135918036411882 0.16570154812825916
0.22162487205668613 0.8087270583032358 0.15179051972153834
0.22109667640955383 0.8116753888110857 0.15376100037237847
0.22619122589890345 0.8124861797007444 0.14679619895796664
0.23624424865242902 0.8116753888110857 0.18037124479725614
0.22213376035735066 0.8155082184712906 0.1529049612132769
0.23727139238093492 0.8143288862681507 0.16816670001119077
0.2232785582994411 0.8082848087270583 0.13273246561795338
0.22570526837178956 0.818309132453748 0.1375039544558482
