0.13231830770199116 0.6223662884927067 0.10739665779224392
0.12965964343598047 0.6191247974068071 0.12375438223084559
0.12733139163761442 0.6283090221501891 0.10777165734445049
0.12169387160528833 0.6180443003781739 0.10884433362883389
0.1201646090534979 0.6164235548352242 0.11081836714196666
0.1273837218503221 0.6347920043219881 0.11086758493865542
0.13417776206747567 0.6304700162074555 0.11335740560725066
0.12041696621135878 0.6002160994057266 0.11349908386909952
0.1410916740535525 0.6196650459211237 0.12564392592056414
0.12289463350612873 0.6148028092922745 0.11232870736197917
0.1506889966969447 0.6175040518638574 0.13861435674254033
0.12896140612214935 0.6094003241491086 0.11481923188867477
0.09878135700894031 0.615343057806591 0.08093722336300171
0.1450123128892098 0.6007563479200432 0.13859372233301853
0.15482799077158094 0.6256077795786061 0.13671326001995912
0.08298885049227356 0.6288492706645057 0.07431338900925907
0.10869338719113908 0.6202052944354403 0.08890815142401157
0.12377052377052378 0.6364127498649379 0.10523966588819894
0.12426818852395372 0.6148028092922745 0.10767483945507347
0.06549133305181631 0.6148028092922745 0.042376277870339984
0.14190467346749258 0.6396542409508373 0.12618316337897975
0.13016098100827012 0.6110210696920584 0.11708083333558975
0.11514835541946045 0.6099405726634252 0.10484461569573525
0.14528905858305374 0.6158833063209076 0.1324097368221885
0.10982881797696809 0.6326310102647218 0.0768089328506085
0.14769615460541308 0.6283090221501891 0.13131871236693082
0.11812316224080932 0.6126418152350082 0.10298772005834858
0.1328193316992189 0.6110210696920584 0.12961148350148236
0.1512352224971525 0.6104808211777417 0.1444404765922975
0.14194895615543857 0.6207455429497569 0.13630332653377053
0.11928545623451692 0.6385737439222042 0.10490574876275999
0.17021207177814035 0.6121015667206915 0.1520183588815404
0.0803397577310736 0.6072393300918423 0.07496263283504309
0.1306187699830732 0.637493246893571 0.09528572178306963
0.14296717050158858 0.6131820637493247 0.1337735933567299
0.18186301570565566 0.6164235548352242 0.1697176726095762
0.05695258023229266 0.6261480280929227 0.02981450587013365
0.16902807651644958 0.6223662884927067 0.1528082528856393
0.1029637180016516 0.6299297676931388 0.07305126343615545
0.15550704674744553 0.6223662884927067 0.13687162471546563
0.13778153913251157 0.6239870340356564 0.1276461645586276
0.1280388978930308 0.6104808211777417 0.11828385107990178
0.1505985225468276 0.6083198271204754 0.14464762548113605
0.0924041380132663 0.6261480280929227 0.07019976306977652
0.1266358323943293 0.6304700162074555 0.1161333143871954
0.07426954220277249 0.6066990815775256 0.05427921750537437
0.14095624309792354 0.615343057806591 0.13277960716921447
0.159745353029765 0.6207455429497569 0.13360170799814663
0.054549062638619694 0.6450567260940032 0.027626225979793084
0.17018228999396212 0.637493246893571 0.14825158357894136
