0.12741770721467405 0.6229065370070233 0.10346569956647125
0.14457729017356746 0.6196650459211237 0.13052936188318773
0.1663747473032824 0.631010264721772 0.13223657111985826
0.13166121034312017 0.6207455429497569 0.1144287170385409
0.18162370804413286 0.6137223122636413 0.1535273192288657
0.09125577942020191 0.6358725013506212 0.05515092719108716
0.13337609186976973 0.6293895191788222 0.11176444327750393
0.09042165242165234 0.602377093462993 0.06590686540441643
0.144896758888288 0.6202052944354403 0.13026199660420562
0.14373100509624093 0.6148028092922745 0.13077711894454394
0.15771739252451855 0.6191247974068071 0.11311738435993285
0.14886319315392205 0.6104808211777417 0.13214067797780826
0.12807865619357728 0.6137223122636413 0.10429068541579142
0.09323264761787975 0.5996758508914101 0.07051471607948681
0.1334922020907614 0.6256077795786061 0.11336690781401279
0.18240156583943534 0.6266882766072394 0.1542633979055266
0.16882357900545708 0.6202052944354403 0.1439133500200916
0.17505930518707924 0.6315505132360886 0.15560198962612207
0.1738446351509283 0.6142625607779578 0.15588689691130664
0.13992088030265204 0.6164235548352242 0.1123477532008714
0.1557570177746045 0.6407347379794706 0.11867920931005926
0.13928688486210616 0.608860075634792 0.12336714135653046
0.1407591148909363 0.6083198271204754 0.12566632834645683
0.11051988166043292 0.6169638033495408 0.08540778248751682
0.14811573747353557 0.6315505132360886 0.12384638934533743
0.15228420685543298 0.6272285251215559 0.13416635170970492
0.20445344129554655 0.6131820637493247 0.1774467996153685
0.14016109224879003 0.6094003241491086 0.11620395046632268
0.23108741208869577 0.6180443003781739 0.21380231967721688
0.11253298560207403 0.624527282549973 0.07169422268979789
0.13091737891737887 0.640194489465154 0.09425725813118144
0.1400129957074785 0.6121015667206915 0.11533703664149228
0.06661429941698671 0.6083198271204754 0.04729788298142784
0.17378440456261923 0.6385737439222042 0.13670630376586196
0.11335913719890267 0.6137223122636413 0.09868116778740649
0.18453150749721026 0.6142625607779578 0.16273852549698767
0.17972731261179165 0.624527282549973 0.16255978243330169
0.14576882396222945 0.6234467855213398 0.1261150886971259
0.1349824231716652 0.6299297676931388 0.09619313934733578
0.11681390380506951 0.6229065370070233 0.0879193636987195
0.07761337815055658 0.6234467855213398 0.043297457338954404
0.11879889623385287 0.6115613182063749 0.10378360903343309
0.15220262220706393 0.608860075634792 0.133225414671041
0.12679160773220177 0.6250675310642896 0.10164613923407523
0.1315614446078467 0.631010264721772 0.10254556172712617
0.11861725911021681 0.6072393300918423 0.09523008920579562
0.11558311178865566 0.615343057806591 0.0792037038900337
0.11888292380755738 0.6212857914640735 0.09383390822308513
0.16771433253734147 0.6472177201512695 0.11987339319529003
0.1446505282177032 0.6369529983792545 0.11187704245690852
