0.11777872773430131 0.6207455429497569 0.0931628363995983
0.10534846029173417 0.6207455429497569 0.09737544593474404
0.11792700292288083 0.6315505132360886 0.09572346457336617
0.09580390396774785 0.6202052944354403 0.08080634247608862
0.10601366565727155 0.6126418152350082 0.09856510518144476
0.10123993100064888 0.6347920043219881 0.08328013452394209
0.11807470248615526 0.6283090221501891 0.0979253068418185
0.10795590702132762 0.6002160994057266 0.10063232100233666
0.11758070226671868 0.6212857914640735 0.10039972567636382
0.10089551373446093 0.6121015667206915 0.09077634111189511
0.1350639966969447 0.6175040518638574 0.12227298549722573
0.10634428172796517 0.6094003241491086 0.09088899573430181
0.0846968499666868 0.6137223122636413 0.0671610727353866
0.12629156405925657 0.5985953538627768 0.12037553979475041
0.1354105150434256 0.6256077795786061 0.11636758100761344
0.0718067418660755 0.6272285251215559 0.06365840697066591
0.09864313593485774 0.6202052944354403 0.07800470566728443
0.10154830154830163 0.6331712587790383 0.08406151646278731
0.10382793695162662 0.6142625607779578 0.08650535852949501
0.05149444347172294 0.6142625607779578 0.02793160552904167
0.11545839247575707 0.6396542409508373 0.09878093949601671
0.1052315557311384 0.6099405726634252 0.09157339950631072
0.09878174330816747 0.6077795786061588 0.0891593251860888
0.11893246943576685 0.6164235548352242 0.10486559461269193
0.10033514709089209 0.6304700162074555 0.06830816820366445
0.12374405879702977 0.6272285251215559 0.10704921674065121
0.10153191035543974 0.6110210696920584 0.08655624709760315
0.11074802439870957 0.6115613182063749 0.1071231385131374
0.13030124504143592 0.6142625607779578 0.12039734990766146
0.11862080685528309 0.6223662884927067 0.11087470883848882
0.09741045623451694 0.6396542409508373 0.08158771757071304
0.14781207177814026 0.6121015667206915 0.12802629956768588
0.06558565937041783 0.608860075634792 0.06753877286877288
0.10497774434204754 0.637493246893571 0.06731745500883271
0.1159401434745615 0.6126418152350082 0.1059642379611676
0.15050272226132133 0.6121015667206915 0.13940145893064415
0.04701880539785552 0.6250675310642896 0.020114360309726048
0.15151215294957054 0.6207455429497569 0.13558173761465156
0.09671371800165163 0.6288492706645057 0.06721049443749175
0.1381294796068453 0.6229065370070233 0.11790026555423308
0.11879419736035968 0.6239870340356564 0.10779276141726635
0.11507293354943271 0.6137223122636413 0.10177447011147125
0.13900911857331766 0.608860075634792 0.1317420077416495
0.07032211908582153 0.6229065370070233 0.049181586609713196
0.10405518723303897 0.6315505132360886 0.09147318855675854
0.06620502607374024 0.605078336034576 0.04694277507499908
0.12839737339619672 0.6164235548352242 0.11887346714520095
0.13766333410232023 0.6196650459211237 0.11094942373418731
0.032432159005128414 0.6428957320367369 0.0058242062028101005
0.15315442621687236 0.6326310102647218 0.13360132385833012
