0.10396000703469077 0.6229065370070233 0.0765080362575738
0.12213126818608966 0.6191247974068071 0.1066920712827458
0.13923203345627377 0.6299297676931388 0.10305019205376084
0.12341945210136196 0.6202052944354403 0.10634954766800231
0.16821294455489288 0.6104808211777417 0.13977929331467182
0.07311036864545017 0.6358725013506212 0.03505495196789818
0.11538085639240114 0.6250675310642896 0.09309047501568038
0.0676296296296296 0.6012965964343598 0.04305618667138478
0.1269879489537734 0.6196650459211237 0.10971814164437446
0.13498464941110966 0.6142625607779578 0.12207883590997778
0.15157513461329786 0.6180443003781739 0.10558094651040473
0.12587468740679564 0.6104808211777417 0.10742476888689917
0.09594373543618151 0.6115613182063749 0.07065895039849501
0.07882342571586243 0.6002160994057266 0.054010211574982286
0.11665332654199712 0.6266882766072394 0.09716689531196296
0.15796653862820131 0.6266882766072394 0.12816421194590338
0.15042499540131216 0.6164235548352242 0.12676179192471324
0.13884434328280992 0.631010264721772 0.11565544091758267
0.1573353706736461 0.6158833063209076 0.13964067082307968
0.1283928331380947 0.6121015667206915 0.10131134029010505
0.1360940964262899 0.640194489465154 0.09777187679731086
0.11568806480310911 0.608860075634792 0.09826346837074848
0.12115127175368134 0.6099405726634252 0.10240505015096804
0.0932288153780122 0.6191247974068071 0.06253423608219247
0.12310111906442178 0.6326310102647218 0.09803962819237233
0.13560122844318456 0.6288492706645057 0.11611880784970866
0.19163292847503377 0.6121015667206915 0.16540198168819767
0.10804498061595513 0.6083198271204754 0.07951848348299115
0.2202473036876118 0.6158833063209076 0.2056722383764039
0.09799810188114388 0.6239870340356564 0.05635115867416751
0.12170370370370376 0.640194489465154 0.08517973785575919
0.1079372267947859 0.6083198271204754 0.07914019619942164
0.05235869723966702 0.608860075634792 0.0318795960270718
0.14885739868415926 0.640194489465154 0.10798671739722004
0.09931419337867797 0.6121015667206915 0.08602315912939784
0.16670300110111813 0.6131820637493247 0.14528142563263913
0.15288042928014578 0.6239870340356564 0.13598459864070164
0.13424144644061564 0.6223662884927067 0.11534149189241705
0.11202915322858586 0.6288492706645057 0.07250903619998927
0.10232115018188115 0.6212857914640735 0.07485763146423025
0.05891684729683033 0.62182603997839 0.030512059857056212
0.1067681484626114 0.6110210696920584 0.09248692117096757
0.14316647762875068 0.6072393300918423 0.1264072328528592
0.11786303630363038 0.6234467855213398 0.09476540528912109
0.10891092767353705 0.6304700162074555 0.0769719464762568
0.1019505924435502 0.6072393300918423 0.07745231142801778
0.11004294558366956 0.615343057806591 0.07312994387926583
0.09916374148255214 0.6196650459211237 0.07538082780819305
0.14803109050896657 0.6445164775796867 0.1024185289260961
0.1187429709249802 0.6331712587790383 0.08644538147371411
