0.1714649876778645 0.8161715928355568 0.0891802854103195
0.18688224316691732 0.8135918036411882 0.09952098294333847
0.1713074321975365 0.8146237193189356 0.07267326040946087
0.17524395929046033 0.8123387631753519 0.08663482332194944
0.18530526695542787 0.8161715928355568 0.08042360369183894
0.18193587319116256 0.8090955996167171 0.08405354477505325
0.1660355312620132 0.8127810127515295 0.07195584799604368
0.1672407040689166 0.8204466720719392 0.053673012035777526
0.1869106579999842 0.8132969705904032 0.1074149020179865
0.1825173225323723 0.8211837546989017 0.10918144276374073
0.16964265010724444 0.8133706788530994 0.0740329096857876
0.17867147243722248 0.8154345102085944 0.08341184911206143
0.19013490211310147 0.811749097073782 0.11581036416649088
0.17590209091080425 0.8197095894449767 0.08511959989173791
0.18264482358869755 0.811159430972212 0.09131978021383205
0.1805182706279421 0.8121913466499595 0.0871609223730683
0.16923869198561803 0.813518095378492 0.060647167443736015
0.19180357242093232 0.8124124714380482 0.10857416545096785
0.17458905175453893 0.8149922606324169 0.0842723723737694
0.17736146309721162 0.8107171813960345 0.08840875865726183
0.17114558007111802 0.8176457580894818 0.06693588511770004
0.18938301455933687 0.8163190093609494 0.10502568467849266
0.17765571080683215 0.8145500110562394 0.08187517220933827
0.17442836008506798 0.813518095378492 0.07964469365075494
0.18179984641769042 0.8119702218618707 0.09306615792651982
0.17143616596387978 0.812928429276922 0.07333191898037891
0.17955303481619272 0.814402594530847 0.0699803416142081
0.17714353362357071 0.8148448441070244 0.0679535993121188
0.17489082985540627 0.8144763027935431 0.07575618142282618
0.18069830518559654 0.8159504680474681 0.08765948973731301
0.18926786346255908 0.8150659688951132 0.09762499978031465
0.1754410738315655 0.8149185523697207 0.06942195765253775
0.18517756214762077 0.8146237193189356 0.09247952727733884
0.17427568902311222 0.8150659688951132 0.07490014945840928
0.1902061999198511 0.8096115574555908 0.09567104270240467
0.18233902199708507 0.8124861797007444 0.10809299478529144
0.1717469370039128 0.8110120144468195 0.07264981217327932
0.17464652376856066 0.820667796860028 0.06890638430461715
0.17712817793630287 0.811749097073782 0.07885740677227426
0.18829432390046674 0.8094641409301983 0.09591139158039205
0.19095011811513118 0.8132232623277069 0.10454628771672086
0.1903116655319018 0.8149922606324169 0.08575961408287203
0.17351667901527068 0.8112331392349083 0.08456502583115603
0.183139127537083 0.8138129284292769 0.09393544932589443
0.18383627638377265 0.8132232623277069 0.0839113069684914
0.18598038160154406 0.8113068474976045 0.11307645026192198
0.1757831657800065 0.8163927176236456 0.0903705335986895
0.18941426368878253 0.8148448441070244 0.10168814907408356
0.17754850965814295 0.8092430161421096 0.07589726214523465
0.18025226300750452 0.8196358811822805 0.07706769304335945
