0.1077402787799022 0.8184565489791406 0.07537995414239242
0.09754521963824289 0.8155082184712906 0.07118224684278152
0.08025589827428442 0.8171298002506081 0.0353033821656382
0.08833561778384022 0.8137392201665806 0.04013066502892093
0.07985006520152069 0.8184565489791406 0.04394747390993398
0.08915189668829238 0.8112331392349083 0.0423838152427211
0.0752354242491427 0.8142551780054544 0.03180768033954147
0.08510324384712342 0.820962629910813 0.0378119470800393
0.08835699560742069 0.8152133854205056 0.04783069001434297
0.09127793444662319 0.823026461266308 0.02407971746116986
0.09689086247962825 0.8152870936832018 0.044720642229033894
0.09320165516628443 0.8165401341490381 0.0495348078200132
0.08341045753900062 0.813518095378492 0.02820063661349021
0.09373051924723014 0.8222893786393455 0.05477189845298207
0.08866151606884887 0.8127810127515295 0.058683957959477825
0.09257481061279618 0.8127073044888332 0.03893876995543778
0.09196042391948972 0.8146237193189356 0.03919500862501642
0.08552188293931631 0.8127810127515295 0.0420965717189591
0.09358850215609776 0.8172772167760006 0.04928195074947855
0.09054330735146401 0.8115279722856932 0.024897189076210788
0.08728548323712274 0.8184565489791406 0.04459000480469507
0.08523976808613945 0.8174983415640893 0.04046383934897094
0.08645647373200216 0.8167612589371268 0.03711941217503122
0.08699322563738776 0.8155082184712906 0.05333503353811542
0.07757972897589216 0.8144763027935431 0.03533222523499285
0.09960345763968312 0.8143288862681507 0.051414055512058736
0.09976518295200551 0.8155082184712906 0.06442273347879961
0.08185563571084484 0.8163927176236456 0.03128653657087446
0.08056498923682817 0.8157293432593794 0.018288596498309183
0.10071054161573711 0.8169823837252156 0.05307658002259679
0.09926582845173887 0.8170560919879118 0.04385733457460524
0.09416173456667837 0.8160241763101643 0.053170801534192805
0.09081900459265616 0.8149185523697207 0.0522044783824129
0.09921345860526135 0.8166875506744306 0.06036007280322389
0.09090143835463271 0.8107171813960345 0.034958757321893345
0.060510558224781796 0.8142551780054544 0.008224169737616756
0.1076955134015049 0.812043930124567 0.07840245438970367
0.10167553022012091 0.822141962113953 0.059452523705094726
0.0793411070866524 0.8138866366919731 0.029774096003902552
0.09526030517547751 0.810864597921427 0.05591652798878177
0.09126250422428728 0.8149185523697207 0.029466697585749248
0.09601564059924153 0.8168349671998231 0.05923968444749834
0.0816627665640324 0.8140340532173657 0.024432841248280587
0.08726732198434128 0.8137392201665806 0.05058729940407699
0.10799410213498997 0.8147711358443281 0.06180821645089174
0.09526212681661203 0.8122650549126557 0.048880239983334704
0.09318026158808715 0.8188250902926218 0.03606325788942487
0.08942329452673889 0.8160241763101643 0.04595650828170348
0.09083155421470285 0.8112331392349083 0.05875261805825739
0.07794471580534107 0.8219945455885604 0.032773734571154206
