0.15678830081744 0.73398687992924 0.11270775912327442
0.18856856409721912 0.7495393233581484 0.1329798985642601
0.1777149412329974 0.7720203434805042 0.13601201350329561
0.1988396947885123 0.7644283924227906 0.15569362553349347
0.1396571140581898 0.7495393233581484 0.10266156960446902
0.18998595864588574 0.7563204835262033 0.11589538503041275
0.17532705311788685 0.7575735239920395 0.12769904949054572
0.18787112659607108 0.7665659320409818 0.12977146814592094
0.17298272933182335 0.7335446303530626 0.1700714628305448
0.21687176565041813 0.7555834008992408 0.22105519759302072
0.15535260235198167 0.7539618191199233 0.12984004979743047
0.1579099298898622 0.7364192525982163 0.09767204211578234
0.14725864137054745 0.7446745780201961 0.14642476609303468
0.060350611866436615 0.7059040318419695 0.0913721449664944
0.10807090020677923 0.7120955259084544 0.0674459127951927
0.14559050536969426 0.73811454264023 0.09719152112861539
0.17730281243207133 0.7446008697574998 0.10881777325479226
0.15784421688911746 0.7380408343775338 0.1037086184331064
0.13673307707600782 0.7493919068327559 0.11979347638279
0.16835129892946799 0.7101054028156556 0.16515237530806598
0.15665308290237512 0.7483599911550085 0.11268656143789908
0.20715276140295458 0.7740841748359991 0.16062906698566862
0.18594824004167498 0.7493181985700597 0.17591754489931613
0.23438975624114225 0.770472469963883 0.23614955116373432
0.10248761098271558 0.7591213975086607 0.043945376557250296
0.20040395981835205 0.7281639271762365 0.186267694656701
0.20906551362263814 0.7715043856416304 0.1935795974554544
0.21416188998086022 0.7694405542861354 0.1734382630213055
0.13110109068087689 0.7475492002653498 0.06330572964521172
0.22930717395400496 0.7557308174246333 0.22968604186314562
0.18339408964039589 0.7419473723004348 0.15694556587771108
0.19334599182570997 0.7572786909412546 0.13990037868713973
0.1870899016851631 0.7628068106434731 0.15048080834976976
0.1701000291870305 0.7589739809832682 0.08733201991819142
0.19016280970992216 0.7597847718729269 0.13602015130616002
0.24396750921020022 0.7636913097958281 0.22568057071931338
0.154990085085018 0.7617748949657257 0.1231952241148421
0.07249925851037939 0.7337657551411513 0.03391606901339928
0.20864972291875308 0.7671555981425517 0.15870178524173761
0.19141990367846806 0.749686739883541 0.1542844981729581
0.16737113017530772 0.7532247364929608 0.11979388451462653
0.21525359884348338 0.7291221345912877 0.24791536810670783
0.1168791046549749 0.7474754920026535 0.10061615632176607
0.1284374128846753 0.7614800619149407 0.08877994931118265
0.1809894509324767 0.7569838578904695 0.1268238308457019
0.20735763643804428 0.7596373553475344 0.19619528308844894
0.21327336549495662 0.7591213975086607 0.18430027890966696
0.16259280482471133 0.7273531362865777 0.12834397668798872
0.26119930258936536 0.7565416083142921 0.25117675377620685
0.19689281911129974 0.768408638608388 0.1604618155926569
