0.11079548981925888 0.7551411513230634 0.1240564954216663
0.02900188022704897 0.736050711284735 0.02969649724798963
0.07153751974079653 0.7710621360654529 0.08208719162211794
0.05742896683242729 0.759195105771357 0.03613871249349827
0.016735603619943973 0.7185818530257242 0.05674400996610013
0.10773911692248372 0.7538144025945308 0.09294716565424899
0.06933621968650377 0.7606692710252819 0.06313138514107493
0.08911107081209241 0.7600058966610157 0.07232962223511466
0.06226897141397991 0.7032505343849046 0.09278992103220396
0.08879604697626117 0.754477776958797 0.11274716012866792
0.07349575012548473 0.7588265644578758 0.10204493419000112
0.09638429165272758 0.7460750350114248 0.09567941759840626
0.008883030866644936 0.7608166875506744 0.052567331338753194
0.10499300372758241 0.7113584432814919 0.12559075219519866
0.04429260041669389 0.7077467384093757 0.05453272483605186
0.12582100312616323 0.7635438932704356 0.13407367519252636
0.07316898379743855 0.725952679295349 0.11571050026215542
0.05456738941239736 0.7276479693373628 0.06208833863954008
0.0356173787167913 0.7434215375543598 0.06270637580900569
0.022378502885482515 0.7269845949730965 0.09394015541188704
0.05051772659500858 0.7453379523844623 0.01418396524606981
0.05027562999204274 0.7673030146679443 0.02319392573256919
0.05713689626311974 0.759195105771357 0.04661424131614389
0.09945414874469868 0.768113805557603 0.1065781234753036
0.024835440868798464 0.7548463182722783 0.06347943417516648
0.10387331246461903 0.7437163706051448 0.12171135584744955
0.12713391722353062 0.776148006191494 0.15799314939092968
0.11417264413254319 0.7625856858553844 0.10830532505638735
0.04343745854622033 0.73929387484337 0.048432318877373204
0.09663649806124364 0.7731996756836441 0.07350087185901366
0.07519083679561284 0.7350925038696838 0.07538098367164
0.11890668874818094 0.7641335593720056 0.10973232526048898
0.07797115251618175 0.770472469963883 0.07088821271176451
0.06635855715241465 0.7601533131864082 0.03464078944137293
0.12834619306819717 0.7399572492076362 0.12404631652496241
0.09640662490753774 0.7543303604334046 0.1016939121976268
0.046563165321362426 0.7633964767450431 0.05093872586545534
0.009605892030963431 0.7210142256947004 0.00844176249032888
0.09337041426909723 0.7628805189061694 0.08767084368340072
0.14976144066232405 0.7330286725141888 0.16056567909384473
0.04252012853409773 0.759195105771357 0.04697475482855551
0.1298292999213573 0.7465909928502985 0.18314365407340982
0.005333789485688217 0.7401046657330287 0.01717074389717855
0.007853239586124439 0.7560256504754183 0.041521529994747654
0.0319515023143325 0.7453379523844623 0.05304298664933532
0.13530319232859422 0.7491707820446672 0.15968910191608446
0.05331325578483789 0.7403257905211175 0.07123119667085744
0.0694154257003459 0.7416525392496499 0.08674747998618887
0.1117450762162755 0.7670818898798555 0.13630668959701506
0.07054287451596516 0.7664922237782855 0.07110830651414571
