0.06140574075667826 0.5715829281469476 0.05949327436249749
0.09510546516762342 0.5726634251755808 0.09368575184079841
0.19876236477832132 0.5418692598595354 0.19046365400812565
0.09023810755485273 0.5796866558616964 0.08216994619376167
0.058671363631079054 0.5715829281469476 0.04239303016414997
0.1578133261336664 0.5834683954619124 0.1423938419376028
0.11696903060289532 0.5694219340896812 0.10983052575216012
0.10509401709401711 0.5569962182603998 0.10173328267898579
0.0952656322161215 0.5602377093462994 0.09022420611592841
0.07840206942951489 0.5688816855753647 0.07711087410209469
0.06143567561095176 0.5737439222042139 0.04716467914760153
0.10288618165966923 0.5759049162614803 0.0955507216594324
0.07164434190830382 0.561858454889249 0.05809056804932089
0.04313377582929667 0.5629389519178822 0.030351322595551122
0.09327778990516389 0.5650999459751486 0.07754218108977146
0.07080245598830759 0.5386277687736358 0.06954956238710613
0.17192194493837765 0.5542949756888168 0.16923036315171147
0.09763555207401875 0.5850891410048622 0.07910654927620253
0.037602544658222326 0.5845488924905456 0.023211660630641784
0.0925124344669983 0.5764451647757969 0.078773484983506
0.03255984367366882 0.5656401944894651 0.012671775010763053
0.05912581355059232 0.5656401944894651 0.04678052306717284
0.137907371784055 0.5634792004321988 0.12793575668217627
0.14466130664050525 0.5737439222042139 0.1208907645210564
0.09338643008367775 0.5823878984332793 0.07474275888225324
0.05062828344189085 0.5445705024311183 0.04569643711041105
0.12756785125206171 0.5715829281469476 0.12223322164686767
0.08766765392858011 0.548892490545651 0.07530682865758626
0.12216516902011121 0.5656401944894651 0.11221675807521245
0.09107498341074982 0.5699621826039979 0.08532738156631964
0.11054700854700861 0.57752566180443 0.10068164377724584
0.12758043555310516 0.5872501350621285 0.10542927582896519
0.09476827492016626 0.5829281469475959 0.08209357202609996
0.10422392649978585 0.5705024311183144 0.10274920648478139
0.08982187817068132 0.55537547271745 0.09161741934978823
0.12768351352749474 0.5478119935170178 0.11428175303395222
0.03753388905763111 0.5640194489465153 0.024484549575945813
0.07442018210803847 0.5683414370610481 0.0692970663385652
0.1516940144460125 0.5948136142625607 0.12198688523290746
0.08771291645014145 0.5726634251755808 0.07339316804321383
0.13633650614142556 0.5888708806050783 0.13307317508452815
0.1288283097822791 0.5726634251755808 0.10662103432009179
0.11296469617773264 0.5705024311183144 0.11333948585660913
0.05703088165959447 0.5667206915180983 0.0450591011287475
0.08301248180199083 0.5883306320907618 0.06579047434491891
0.20475072658171256 0.5667206915180983 0.21187972874643846
0.11465541281674696 0.5580767152890329 0.09801574765074184
0.12481359120838775 0.5656401944894651 0.10479514717650329
0.1637051083953739 0.5813074014046461 0.16588254928858004
0.06312985121407111 0.5872501350621285 0.04362010375720393
