0.10177838577291376 0.64 0.09653846153846152
0.019107622392067758 0.6166666666666667 0.11269083550337528
0.020996860282574636 0.6366666666666667 0.030813853337438246
0.003306878306878258 0.6633333333333333 0.025840532096529756
0.08317373461012312 0.6066666666666667 0.08781248348395959
0.1589133787750635 0.5966666666666667 0.1558298252328103
0.04784167056256816 0.5633333333333334 0.11263008229632093
0.036878216123499175 0.6033333333333334 0.039747702958856046
0.08991008991008997 0.6 0.0977583876843528
0.007965686274509887 0.6033333333333334 0.004682704283660355
0.11601555893793336 0.63 0.1050642479213908
0.03923872180451138 0.6433333333333333 0.058845315904139495
0.03902116402116407 0.5633333333333334 0.03482905982905987
0.01605111422783234 0.6033333333333334 0.035488162019468694
0.0031354515050167064 0.5433333333333333 0.1121669658255024
0.05783689994216312 0.58 0.05749196376388077
0.028301886792452824 0.64 0.02080339458105801
0.015217743241055515 0.6166666666666667 0.04158719626467333
0.04945177892145891 0.6266666666666667 0.03696285069282779
0.028707895915219717 0.64 0.05487797675297673
0.07353013651372531 0.6133333333333333 0.06849655076949879
0.014567669172932396 0.6166666666666667 0.018243693601312505
0.034996276991809405 0.6033333333333334 0.05565220942579435
0.09786504597163781 0.7166666666666667 0.09742134723026441
0.02947324414715724 0.62 0.04835004177109442
0.03662147420913198 0.58 0.042064810045645884
0.01388888888888884 0.6433333333333333 0.015196702263044315
0.021566110397946092 0.63 0.0261669118122147
0.10622710622710618 0.5866666666666667 0.12229079640591595
0.012622720897615736 0.69 0.026721977357186066
0.004957653377401394 0.6066666666666667 0.014812240899197415
0.09000000000000008 0.6166666666666667 0.11488184124912165
0.053411803897618126 0.5966666666666667 0.059246666349364985
0.05580701847808722 0.6533333333333333 0.07048014305540728
0.003968253968253954 0.5833333333333334 0.017203996983408798
0.006782690993217377 0.5966666666666667 0.07322762163526503
0.038461538461538436 0.5966666666666667 0.046143594869232085
0.021226415094339646 0.6033333333333334 0.06436680636531678
0.10890468227424754 0.6233333333333333 0.12404515299808794
0.1471742543171114 0.6266666666666667 0.1334401709401709
0.07701506816551063 0.56 0.11380978459291713
0.06554160125588693 0.65 0.056636665169335576
0.07265725288831837 0.5933333333333334 0.06310749220469941
0.07990447285934621 0.5966666666666667 0.09712549531660603
0.08312821660326686 0.5966666666666667 0.06829962422634833
0.10852305589147693 0.6433333333333333 0.12652868554202168
0.03232976358860373 0.5833333333333334 0.02789439374185132
0.05894648829431448 0.5733333333333334 0.10165934189767856
0.02588981219078723 0.6266666666666667 0.07684065721150118
0.020000000000000018 0.6133333333333333 0.07226964142763576
