0.05374189622977987 0.5634792004321988 0.04630281580599027
0.09886547811993518 0.5672609400324149 0.08972980144468945
0.3062693340431636 0.5678011885467315 0.297432071626309
0.10066614697753529 0.5829281469475959 0.09122612327152771
0.005590496156533842 0.5683414370610481 0.034183106379848394
0.08663295826805295 0.5807671528903295 0.07811514145343815
0.08225521385648638 0.5834683954619124 0.07043615210015436
0.11151179239813547 0.5586169638033496 0.1091886513531879
0.08345458163521102 0.5656401944894651 0.07808487861404617
0.08936557674721379 0.5623987034035657 0.07877357483666064
0.08390663707679602 0.561858454889249 0.08267789307308926
0.05540461154354526 0.5564559697460832 0.044073282592362095
0.05590418196749258 0.5586169638033496 0.04648752043558979
0.04570724977759433 0.5683414370610481 0.04058632884395816
0.1062331199458263 0.5656401944894651 0.10443742151992977
0.20841885636043556 0.564559697460832 0.20872568053547969
0.12153270338935507 0.5818476499189628 0.1101887435528782
0.10170820170820172 0.5542949756888168 0.10086211493350317
0.03055361441105675 0.5726634251755808 0.02009353975263997
0.11555673426508595 0.5694219340896812 0.11304975571281711
0.11678627807330566 0.5769854132901134 0.1064366663357044
0.06710681572606281 0.5715829281469476 0.05699879897590582
0.06635737289477861 0.5629389519178822 0.05894103043411694
0.08453854757221646 0.5829281469475959 0.0722255779275664
0.09224852286061402 0.5786061588330632 0.08276258114633356
0.1233454477351299 0.5391680172879525 0.12407321538786265
0.0036907536907536675 0.5721231766612642 0.019574103946102817
0.11686250030269685 0.5759049162614803 0.1135393588517764
0.10397077883822314 0.571042679632631 0.10519031599768766
0.12832413253272645 0.5613182063749325 0.12614127254207214
0.13718517753922377 0.5904916261480281 0.12706446097298835
0.07091941272430669 0.5634792004321988 0.06507148107324079
0.08523004980119153 0.5856293895191789 0.07830078627075523
0.12466694878064066 0.586709886547812 0.10683538380846522
0.13466807521876356 0.57752566180443 0.13126219290602856
0.10368270546466807 0.5759049162614803 0.09208500667047526
0.028135073846104808 0.561858454889249 0.034876282639886014
0.10778809547369683 0.5732036736898973 0.09634053829488687
0.08459434351775386 0.5942733657482442 0.07692852198640182
0.11647172351535806 0.5726634251755808 0.1127048721492207
0.08017699712360205 0.5813074014046461 0.074227967805932
0.21555915721231766 0.5650999459751486 0.21760256267077288
0.07110309776576362 0.5640194489465153 0.05769799480209542
0.1230050623527369 0.5818476499189628 0.1048139188715771
0.02635282094284741 0.5678011885467315 0.05868455104378234
0.21032336678808206 0.5445705024311183 0.21736533068760128
0.07350016422739414 0.5526742301458671 0.06811390756788788
0.06079229838072109 0.5542949756888168 0.05685043330752787
0.07060755336617397 0.5705024311183144 0.05887902711182935
0.07229037935331373 0.5877903835764452 0.06428149471454894
