0.09076086553588877 0.7908278168293182 0.05901550366850623
0.036608343560394024 0.7797720603289429 0.03977857903456402
0.08684774229667028 0.7836620487272231 0.06600135772745921
0.044638870891284155 0.7798403057394391 0.022834706908349295
0.09160149221122436 0.7870743192520303 0.06620453166621088
0.08824794423413837 0.7915102709342797 0.06690785722205282
0.09019747462339354 0.7816829318228349 0.06408873197919204
0.028820340415082912 0.7810004777178735 0.05095377037864337
0.03907228740978569 0.7820241588753156 0.028505404382674307
0.09383117626443453 0.7825018767487887 0.08196785467067816
0.09604327624350158 0.7880980004094724 0.07531953304849268
0.045848853115702304 0.7835938033167269 0.023969126287085626
0.049613301308028435 0.7860506380945882 0.009963116173965267
0.09609153195781815 0.7912372892922951 0.07096585166339478
0.0319713454381827 0.780318023612912 0.032604964796258004
0.0915270586742273 0.7915102709342797 0.0743878578661923
0.08930408864519018 0.790213608134853 0.06631576911104808
0.08737495503346628 0.7913737801132874 0.06845308794408042
0.09871324325412692 0.7878250187674879 0.06461062381351623
0.07085130291232854 0.7885757182829455 0.05627179039740616
0.07690663664670255 0.7836620487272231 0.05857402744443866
0.0909208732413124 0.7848904661161537 0.06360658683544186
0.10087680617452362 0.7870060738415342 0.06856667853424445
0.03197987992314577 0.7786118883505084 0.03923250325765329
0.09670132787019563 0.790213608134853 0.07015988155724202
0.0875917864411638 0.7861871289155804 0.05168220369518724
0.09139915013667943 0.7879615095884802 0.060050926393809774
0.0789119696997238 0.7883027366409608 0.04740927921600167
0.10900572498898027 0.7930116699651948 0.08002386107617901
0.0801018939406877 0.7861871289155804 0.053563162568789194
0.08470131465439282 0.7893264177984031 0.05959360491339211
0.03629580884099695 0.77840715211902 0.03617075981112445
0.08758075573776185 0.7859141472735959 0.06806880835414157
0.09263893873562995 0.7887122091039378 0.08016303516112253
0.09809489778567905 0.7938306148911486 0.06184602806403584
0.04026384926021337 0.785982392684092 0.022771391022534268
0.0916434935229483 0.7891899269774107 0.06004826000662915
0.08603505003245886 0.7814099501808504 0.07254526341212478
0.08883006224905982 0.7878250187674879 0.057035827918800644
0.04653253477175889 0.790213608134853 0.025797894916992622
0.03654899669124129 0.7840032757797039 0.03650939338631577
0.03436275176273504 0.7875520371255033 0.03617365989235034
0.030728114762508973 0.7851634477581383 0.05227474933688555
0.10163150204957858 0.7876202825359995 0.09085142025256554
0.09778138318544624 0.7924657066812257 0.05773922012139928
0.08736606659964478 0.790213608134853 0.055719200229260184
0.03523115071290775 0.7862553743260766 0.027514679315501285
0.10010110164658567 0.7909643076503106 0.07638724444464505
0.050278358282663915 0.7850952023476421 0.022095724424044866
0.09135129476097663 0.7895993994403876 0.06217163869803112
