0.016313071212013586 0.8005869105302669 0.08344944380274968
0.048593499012066804 0.8007916467617553 0.011443280109213992
0.0003827350219957337 0.7981300757524057 0.056937235741534795
0.034269872427042714 0.7960144680270251 0.009994759288325362
0.02347834250092115 0.8001091926567938 0.024435476986544566
0.0524620222523189 0.8028390090766396 0.016519641502893576
0.018370183149807706 0.7934893878386678 0.03159448003032727
0.00024965283895328483 0.7974476216474442 0.05406788653861864
0.04432981927025553 0.8004504197092746 0.013678813014669847
0.024628145120522443 0.7915102709342797 0.008831189897110368
0.002590668297504012 0.7988125298573671 0.06753457124900525
0.022264264247711635 0.8003821742987784 0.015067283696647643
0.021596300895735554 0.8008598921722514 0.019615134105998154
0.025639018037205002 0.803521463181601 0.010818653043168758
0.005118734621802928 0.7991537569098478 0.03673219591293898
0.04275206294865222 0.8017470825087013 0.013897842370799496
0.003885195614518916 0.8014741008667167 0.059294571452720324
0.023037476751579106 0.8050228622125162 0.030080112921628516
0.08860563505180175 0.7973793762369481 0.08772883280345811
0.06899754854073435 0.802566027434655 0.05570209376746507
0.010580774743725901 0.7971746400054597 0.03423136834939188
0.019692924024252406 0.7974476216474442 0.021492519243936824
0.008366547888123493 0.7957414863850406 0.03632087374992359
0.0032259811751441103 0.7981983211629018 0.03748584346411427
0.012483213925571529 0.7993584931413362 0.025392519617513543
0.04205702274590259 0.7969699037739713 0.01625699196828427
0.009688415621058766 0.7964921859004982 0.030128410498075145
0.019481503387909438 0.8052275984440046 0.024482072124374983
0.028070975455344038 0.800655155940763 0.008595602558115562
0.018589540176497915 0.8003821742987784 0.038044027460532856
0.009166223075194518 0.8019518187401897 0.03508806821442582
0.008218409393794257 0.7990172660888555 0.06100147207417968
0.05128033510336269 0.7990172660888555 0.022513833083109468
0.005881180948950848 0.8018835733296936 0.04966208536425925
0.05159784486762656 0.7997679656043131 0.021397847861971096
0.007096233149823161 0.8005869105302669 0.048945778358944966
0.011115205876237738 0.7989490206783594 0.06480314770658616
0.0027985795187758233 0.7965604313109943 0.054367348034545133
0.019891075525910795 0.7979253395209173 0.015060152362052999
0.00471227102376931 0.8069337337064082 0.03830812990788806
0.02211199905052022 0.8045451443390432 0.016002353652949775
0.019068816545480677 0.801132873814236 0.029771453965095805
0.017988174525341294 0.7984030573943902 0.015086176239250813
0.03480991636497596 0.7999727018358015 0.02196042190357128
0.024067644438833108 0.7994267385518324 0.017766499340322234
0.002500077391817762 0.7997679656043131 0.037292213418297956
0.01735970343861659 0.8027025182556473 0.05542478133092903
0.021228038567745883 0.8018153279191974 0.019883545560453582
0.053371404301393116 0.8012011192247321 0.03320030799653881
0.01203369501205423 0.7979253395209173 0.017783850294527496
