0.28782489740082073 0.6466666666666666 0.2865384615384615
0.004751084486676271 0.6733333333333333 0.030026433803657604
0.24470172684458402 0.6933333333333334 0.2628271558106464
0.3214285714285714 0.66 0.3114831577221774
0.1564979480164158 0.6866666666666666 0.15905607526029275
0.11717000845813219 0.6666666666666666 0.1705000637836459
0.14368084774816892 0.6666666666666666 0.18104385991234118
0.30210120068610624 0.69 0.3340450635609348
0.13880855986119134 0.68 0.17310456940282426
0.1605392156862745 0.6866666666666666 0.188872287036282
0.26027397260273977 0.6533333333333333 0.28188775510204084
0.3101503759398496 0.7266666666666667 0.30274509803921573
0.20039682539682546 0.7066666666666667 0.19152421652421653
0.0406732117812062 0.6566666666666666 0.06279362935159216
0.15112876254180607 0.7133333333333334 0.1485367613416394
0.010673536989326382 0.6366666666666667 0.17165856954997077
0.44704116638078906 0.6466666666666666 0.44010467144795506
0.17888942852517398 0.7066666666666667 0.17496908930156352
0.02539718057731033 0.6433333333333333 0.06769812101619882
0.3057366038111349 0.6666666666666666 0.32990236115236116
0.20871322261100977 0.6966666666666667 0.2526494815712882
0.18679511278195493 0.6866666666666666 0.19954368334700567
0.30282375851996113 0.7233333333333334 0.2818692313975333
0.26834969611968207 0.6966666666666667 0.2743765682300714
0.11287625418060199 0.7033333333333334 0.12160609857978277
0.3238273336450054 0.6433333333333333 0.32754471342557234
0.11507936507936511 0.6166666666666667 0.14140983787971007
0.24672657252888308 0.7066666666666667 0.2759616736789695
0.2835164835164835 0.6733333333333333 0.31045467621235506
0.36031746031746026 0.6966666666666667 0.3718867908751473
0.3844475611656537 0.6633333333333333 0.39612133782732695
0.2588308200784962 0.7066666666666667 0.248358404880144
0.21499999999999997 0.68 0.22089909755135367
0.14113597246127363 0.63 0.12455131561203525
0.08727834282975666 0.67 0.15327208847846457
0.15608465608465605 0.68 0.1555160525748761
0.35964035964035956 0.68 0.3695932871092107
0.032182103610675084 0.5933333333333334 0.04209613943028484
0.24078044596912518 0.7066666666666667 0.2853632996441011
0.23118729096989976 0.7 0.27543153323163905
0.27806122448979587 0.65 0.2792200854700854
0.03671370485529779 0.6366666666666667 0.03422782037239869
0.047684458398744134 0.71 0.08071202403882716
0.3124518613607189 0.6866666666666666 0.3166983797396224
0.4443504651972735 0.6466666666666666 0.4719761815722286
0.21783396733049898 0.7166666666666667 0.22880470822281168
0.19338556180661448 0.7166666666666667 0.18940896775114746
0.21731662962214593 0.6266666666666667 0.2080943068231204
0.12458193979933108 0.6766666666666666 0.14327846799639393
0.27676641529372203 0.6433333333333333 0.25760482058436024
