0.022194000967585836 0.6534090909090909 0.07190973960561611
0.11402246335427368 0.6483585858585859 0.07286786733125819
0.04703210654016354 0.6477272727272727 0.07159289781146969
0.12068535825545168 0.6571969696969697 0.08747329523231806
0.17070553407413125 0.6717171717171717 0.12463781158152887
0.01998167043441068 0.6571969696969697 0.03869371821672146
0.1618792127048576 0.6950757575757576 0.12046810627084842
0.11142542292834745 0.6521464646464646 0.08850559084690737
0.0310255544298097 0.6508838383838383 0.079827735876452
0.16222717374791107 0.6723484848484849 0.1441190768159915
0.07264549543410115 0.6521464646464646 0.053864929833679825
0.18711303166619087 0.6616161616161617 0.1548905044817114
0.062081207876949485 0.6527777777777778 0.020594899214814666
0.17314082278481013 0.6647727272727273 0.14299673484944353
0.07899157116768507 0.6622474747474747 0.05054725554690695
0.06368833931658024 0.6521464646464646 0.044887142338439656
0.14394574448585573 0.6622474747474747 0.12036403613556859
0.1390618440864405 0.6559343434343434 0.0942780235343606
0.062044545973729326 0.6540404040404041 0.007132840817063335
0.12432012432012429 0.6742424242424242 0.09771227686522743
0.11632401315789465 0.663510101010101 0.08311408743752871
0.08346409941049238 0.6515151515151515 0.07313840553295989
0.0654679764003071 0.6578282828282829 0.0356387165732413
0.07641807512914389 0.6571969696969697 0.05197515126372587
0.038460052094202446 0.6534090909090909 0.023064344539212633
0.11331569664902996 0.6628787878787878 0.08209512127218255
0.06404340668258868 0.6590909090909091 0.07000211142633164
0.10658721577315255 0.6628787878787878 0.07934701842582303
0.15534539473684217 0.6736111111111112 0.13060519640348292
0.15364572934552567 0.6672979797979798 0.11507281604614453
0.10730227192938457 0.6761363636363636 0.07241581171988173
0.09648677909233672 0.6578282828282829 0.06142664003078038
0.08024951711131822 0.6502525252525253 0.08739729181423314
0.07125956497776187 0.6388888888888888 0.061361864981306996
0.08622288959662872 0.648989898989899 0.04858013449709789
0.01038150132093929 0.6679292929292929 0.05355278214512871
0.00993311461146662 0.6546717171717171 0.04820834749256592
0.13780206837412579 0.648989898989899 0.10354482589640726
0.09480220268413375 0.6616161616161617 0.06235529506228979
0.06290282068345832 0.6534090909090909 0.04923588594360978
0.1387686581731582 0.6609848484848485 0.09448652514032588
0.009583009583009616 0.6616161616161617 0.034671442658391616
0.02700819187124437 0.6647727272727273 0.016951498365276846
0.0626946499521347 0.6609848484848485 0.01604465167010108
0.12740384615384615 0.672979797979798 0.08390382484154407
0.025749559082892448 0.6452020202020202 0.06514883817706704
0.07333184057321984 0.6679292929292929 0.014785575818112878
0.14397913636591597 0.6856060606060606 0.10030655136363312
0.18401504272091407 0.6666666666666666 0.1480383926902914
0.1415878535985411 0.6433080808080808 0.11694846106408527
