0.008092948717948745 0.6584595959595959 0.031702175777563096
0.0877890527119305 0.6452020202020202 0.04713076906396674
0.16638015778157578 0.6565656565656566 0.13989499355790697
0.19309244899081557 0.6628787878787878 0.14916684237275968
0.1820184653502641 0.6666666666666666 0.13952784442365546
0.22464407601622471 0.6584595959595959 0.1871106254312196
0.13008474576271178 0.6837121212121212 0.08924705901879815
0.1952686447473937 0.6534090909090909 0.15607197522259036
0.1730242464769547 0.6553030303030303 0.12968130995046595
0.13209672964082142 0.6603535353535354 0.09135455374855031
0.079520697167756 0.6338383838383839 0.04769482394293145
0.11795497934702182 0.6527777777777778 0.08886195188757673
0.024019167415393894 0.6338383838383839 0.05687466558498777
0.016475905810308333 0.6382575757575758 0.0361389197587445
0.0626381054534817 0.6502525252525253 0.0346014534950399
0.06753812636165579 0.6420454545454546 0.04111058453347666
0.17225471868781284 0.6597222222222222 0.14487481218349443
0.14255073420227693 0.6534090909090909 0.11165714482178885
0.14465146734924694 0.6515151515151515 0.10362836245609353
0.2262485802611821 0.6736111111111112 0.1822788923067139
0.19222756410256409 0.6666666666666666 0.1441187892890679
0.21293114840755917 0.6571969696969697 0.17267842324819338
0.05148705470248871 0.6515151515151515 0.023130025105899343
0.16483479233578802 0.6508838383838383 0.13406651986875617
0.035858007088985455 0.6420454545454546 0.04437246229174319
0.2487324728387036 0.6717171717171717 0.2174923700823613
0.08760365404006204 0.6483585858585859 0.058125446770954325
0.038313345895447715 0.6445707070707071 0.03958185618085225
0.19520833470100507 0.6647727272727273 0.1583458357289455
0.15940450254175753 0.6628787878787878 0.1179310427197518
0.12752468012260554 0.6792929292929293 0.07705604768808619
0.00061362649935226 0.6452020202020202 0.0322945670508617
0.18420230620613065 0.6616161616161617 0.14184730452444844
0.017187500000000022 0.6180555555555556 0.03455532549848772
0.07930812679651855 0.6300505050505051 0.04201141393360633
0.11905360371682716 0.6647727272727273 0.08384435917693753
0.098993117831074 0.6445707070707071 0.06356337693548852
0.1650463279930623 0.6553030303030303 0.1290513955228051
0.11244448472763535 0.6672979797979798 0.06727119700191747
0.18929109215414164 0.6603535353535354 0.14598813782883363
0.17499566584936976 0.6508838383838383 0.1398903370863227
0.13971053180396242 0.6641414141414141 0.0990542118260537
0.12703707060636277 0.6609848484848485 0.0827769983625718
0.1595100969599767 0.6553030303030303 0.11076805441605347
0.15940205516204287 0.6742424242424242 0.11480976622548622
0.09085674445310254 0.6502525252525253 0.05762574772643561
0.054012345679012363 0.6553030303030303 0.03196007991426955
0.09864847795882281 0.6584595959595959 0.1039512188956995
0.10162328718541702 0.6502525252525253 0.07715672527915285
0.17351569889592944 0.6401515151515151 0.14573488277205704
