0.01017628205128207 0.6553030303030303 0.03061208827124484
0.07938235855396902 0.6477272727272727 0.037721198832272235
0.011534400129965094 0.6458333333333334 0.03779083231322389
0.09420887642303244 0.6464646464646465 0.05481929715312142
0.1093205655118149 0.6521464646464646 0.07188124343186111
0.1432058973441167 0.6641414141414141 0.09680386983200445
0.06536016949152545 0.6811868686868687 0.034662147530684945
0.17733469417511116 0.6534090909090909 0.13781546636931172
0.11468905565049403 0.6483585858585859 0.07254393932190745
0.10984623368796398 0.6571969696969697 0.06918491687639616
0.06009440813362377 0.6243686868686869 0.09367912246648197
0.1404268894593813 0.6616161616161617 0.10690318900097878
0.052590595986822475 0.63510101010101 0.08854474988665101
0.014471094262593853 0.6401515151515151 0.05507502544766335
0.06958448954902219 0.6521464646464646 0.041147752396385434
0.1185891774127068 0.6445707070707071 0.09217702305885425
0.0020904942812921545 0.6527777777777778 0.03422028325511514
0.17362371445856017 0.6565656565656566 0.1422657766267612
0.15987062721987422 0.6452020202020202 0.12210067360277443
0.07113411148046955 0.6603535353535354 0.0559394561976386
0.12171474358974366 0.6521464646464646 0.07404332546747408
0.1681049292982688 0.6584595959595959 0.12749441798721045
0.0337219485129453 0.6458333333333334 0.062241562221129504
0.0893706092217994 0.6477272727272727 0.059124197194075134
0.07717933001092658 0.6357323232323232 0.05461796818222761
0.16092487696164925 0.6654040404040404 0.1296825650205809
0.01399611720619437 0.6477272727272727 0.045038646186540326
0.0021258538570599894 0.6420454545454546 0.035672600271327876
0.013155908013681161 0.6578282828282829 0.03358479375365289
0.06886952311788913 0.6464646464646465 0.03210203698085598
0.053443714434573186 0.6546717171717171 0.09937855835981116
0.02416424569671549 0.6452020202020202 0.05824149455880506
0.09915826946946016 0.6496212121212122 0.05967506078788781
0.003124999999999989 0.6136363636363636 0.03987812769628993
0.078795553679471 0.6319444444444444 0.039981876885740425
0.15468130478144182 0.6736111111111112 0.11641602763666675
0.07625109489051096 0.6439393939393939 0.04342104719608217
0.16900208437932662 0.6578282828282829 0.13206750509629167
0.05369346505936734 0.6603535353535354 0.03511623523905502
0.014923133217208395 0.6369949494949495 0.05944674672580377
0.1497040394283874 0.6458333333333334 0.1158184552634332
0.1541105318039624 0.663510101010101 0.11441352140479419
0.15808936825885989 0.6578282828282829 0.11568125295375914
0.15236567762630315 0.6603535353535354 0.10198632594649545
0.16183770308980783 0.6755050505050505 0.11730253760032283
0.04874871836935579 0.63510101010101 0.08268643415344223
0.05246913580246915 0.6559343434343434 0.029859239578135077
0.019234558544903302 0.6584595959595959 0.07071866609212696
0.00921748683275081 0.6502525252525253 0.06462030119687151
0.10027036754919771 0.6376262626262627 0.07062829339456417
