0.008701114486473094 0.8019518187401897 0.08036505046349503
0.008038147357591036 0.8003821742987784 0.06531999128248253
0.0014925579925377797 0.7986760390363749 0.06504815888265356
0.022152222662631726 0.7980618303419095 0.02342572737848704
0.006791779304202328 0.80017743806729 0.05621432056306308
0.05230278467098064 0.805432334675493 0.010462792692344874
0.029234613948107196 0.7951955231010714 0.028289420866057242
0.002329284857716052 0.7991537569098478 0.06227229603828538
0.022814032226603664 0.7994267385518324 0.08638574805559121
0.012168287505914754 0.7936258786596602 0.028842360741600008
0.0009693502723725489 0.8002456834777861 0.06655165972577234
0.008904789511002126 0.8018835733296936 0.0450599886851882
0.015083846438659204 0.8045451443390432 0.03891914951434613
0.018586308638902788 0.8045451443390432 0.027117272968430466
0.018445721770779605 0.801610591687709 0.034097724402815915
0.03758234573032798 0.8029754998976318 0.008239702073775501
0.008447079934391977 0.8029072544871357 0.04649605798757125
0.014365952390960668 0.8047498805705317 0.04060466193721485
0.01388808546606235 0.7981983211629018 0.035274345531681434
0.015168858624265258 0.803043745308128 0.03744817200251923
0.013773813055203948 0.8003139288882822 0.04217795000550992
0.021049842311216982 0.7973111308264519 0.08464413337705969
0.017022777620504803 0.7955367501535522 0.08646117604729014
0.0002703056229538814 0.8008598921722514 0.05960288109848626
0.01971864391704589 0.8010646284037398 0.027264193164264594
0.009843277510391435 0.7975841124684365 0.028936530266511162
0.011825824243661659 0.7994949839623285 0.04477453466020538
0.00995840274389409 0.8042039172865625 0.07498928359221374
0.042718179541992043 0.8032484815396165 0.010200567913665325
0.015373228053878307 0.8013376100457245 0.0979020104871542
0.009175872872818042 0.8044086535180509 0.04322701630522172
3.6173571648923097e-06 0.8007234013512591 0.058159560599046534
0.01596652326407963 0.7988807752678633 0.07392699354453787
0.010543595913308168 0.8033849723606088 0.031048922747206456
0.04062933581049698 0.8019518187401897 0.027318019467646573
0.001269562807023783 0.8032484815396165 0.04761311591623548
0.012168491486256677 0.7999044564253054 0.02999450981587752
0.006843949821794287 0.7984030573943902 0.05295122513726661
0.0026119515184643005 0.7975841124684365 0.05836841863851899
0.006651365339867044 0.8074796969903774 0.06649945078213575
0.004196160389043246 0.804886371391524 0.049945046011798985
0.044343408992323946 0.804886371391524 0.007893705895045584
0.005664935744091409 0.8018153279191974 0.03566372918254414
0.0016058279689841748 0.7986760390363749 0.054949969238315285
0.01029134184703176 0.8023612912031666 0.05152990594084124
0.008200315909994177 0.8015423462772129 0.03273009945871061
0.023859055222095527 0.804886371391524 0.08110738660625555
0.003402299159272648 0.8039309356445778 0.059645881278616135
0.011098331252741733 0.801610591687709 0.02896565046497574
0.01585335945909666 0.7986760390363749 0.0738926976118871
