0.07182316380985426 0.790213608134853 0.00543610005353528
0.07073723621897013 0.7862553743260766 0.005433595527434852
0.06924975956497895 0.7866648467890535 0.012249451433400387
0.07470857333020112 0.7868013376100457 0.013947702827946946
0.07922455916559232 0.791169043881799 0.015242836821474516
0.07948596316298392 0.7954002593325599 0.021683521108388656
0.07208319447804101 0.7836620487272231 0.011515318742012032
0.07190292001869222 0.7891216815669146 0.007457716577020955
0.010933339141386167 0.7799767965604313 0.060343320676102805
0.05746368565724247 0.781273459359858 0.008704331521306875
0.07590237618193119 0.78884869992493 0.021178619166831433
0.059566866997797285 0.7868013376100457 0.008339452065061564
0.00856623420881547 0.7811369685388657 0.0576689718511416
0.0037577562947331833 0.780318023612912 0.07534539766334092
0.06949269797741678 0.7889851907459223 0.017124275399550942
0.07377483454840297 0.7928069337337064 0.01766549872948605
0.07761360203521345 0.7933528970176755 0.01794456573363712
0.06200178187328553 0.7915785163447758 0.007722370013602833
0.01031984167141392 0.7769739984986009 0.07153959693671352
0.06956513230368291 0.7945813144066062 0.016860974310811995
0.06255289859197091 0.787893264177984 0.002141438303611111
0.004860857213956071 0.7778611888350508 0.0795067991689472
0.08421072703170945 0.7879615095884802 0.01908696609502302
0.06340062110168251 0.785504674810619 0.0037880404625840747
0.07610384205071283 0.7897358902613799 0.020408624734833174
0.07026791464107318 0.786460110557565 0.007061357748126787
0.07577078896186762 0.7893946632088992 0.007144361497808331
0.01293037292213678 0.7794308332764621 0.10659048326650611
0.016958441141390834 0.7825018767487887 0.06787532114199615
0.00088498650076696 0.7799085511499352 0.08236839853577653
0.06421044755169131 0.789804135671876 0.004881849725703338
0.06275096372850703 0.7846174844741691 0.004510807821618001
0.06949176328075032 0.7861871289155804 0.021036513727312404
0.06839620916480008 0.7904865897768375 0.018906109162334053
0.07166860691215612 0.7941718419436293 0.016647160909412297
0.009501783510357631 0.7829795946222616 0.05969922253192356
0.07575434851755092 0.789804135671876 0.016920106083175415
0.0756375584056033 0.7851634477581383 0.01702439194133551
0.07514148532245943 0.7883027366409608 0.017700536564301678
0.014232212074199446 0.7865966013785572 0.05314079929387651
0.07537401029173016 0.7913737801132874 0.017641469463127557
0.006649202754995032 0.7825701221592848 0.0838974042741827
0.060746013035582136 0.789258172387907 0.006908328467328667
0.0779611407602948 0.790213608134853 0.020408172470167185
0.08106454460205184 0.7933528970176755 0.009260660815643036
0.0761341653717223 0.7911007984713028 0.01621173561519646
0.008187509347958533 0.783116085443254 0.059357794688369714
0.08497646067935405 0.7941035965331331 0.016685008930218945
0.001330970436818124 0.7794990786869583 0.08418869675823157
0.07801016175263688 0.7913055347027912 0.01708678851102801
