0.1484034833091437 0.6426767676767676 0.19070923330803186
0.02292785075195125 0.6388888888888888 0.03483858220086883
0.02449874800288987 0.6540404040404041 0.04921180505934064
0.08735202492211835 0.6571969696969697 0.05831171034317906
0.07291373596687578 0.663510101010101 0.030699212788561192
0.007517565833689788 0.6584595959595959 0.04712757663074929
0.09063060776885568 0.6830808080808081 0.050324137752266934
0.12606352704682788 0.6508838383838383 0.10264762108471587
0.06912079252504777 0.6534090909090909 0.07747109801313698
0.06431356661771404 0.6717171717171717 0.04368206630275592
0.03020308027804275 0.6502525252525253 0.05460574324324324
0.10015650992706038 0.6616161616161617 0.060204514143547105
0.06786017341773376 0.663510101010101 0.024982183460203394
0.001859177215189911 0.6584595959595959 0.03749107002860522
0.07363925001831251 0.6679292929292929 0.044174286047705735
0.06820901475867569 0.6433080808080808 0.04914683076875101
0.07625343679354801 0.6584595959595959 0.053697369468901884
0.106517219969685 0.6540404040404041 0.061729497962498686
0.03291833238149633 0.6458333333333334 0.02911983375986718
0.04403004403004407 0.6704545454545454 0.053271613504947635
0.055509868421052655 0.6477272727272727 0.026390098941214413
0.10687476144026464 0.6616161616161617 0.06445628053615737
0.012159504539089316 0.6546717171717171 0.03726690200689786
0.10565725462661113 0.6521464646464646 0.08454391456365967
0.031859392028195765 0.6521464646464646 0.027781325671288104
0.09268077601410929 0.6616161616161617 0.0984895379124196
0.03434043638555895 0.6609848484848485 0.051069800281978606
0.03646404750134169 0.6584595959595959 0.03434466514415668
0.10353618421052635 0.6704545454545454 0.07395870761193929
0.13149383061134845 0.6641414141414141 0.09609290180556676
0.011831084808666459 0.6710858585858586 0.06949918383042264
0.0507524847113443 0.648989898989899 0.08443104995107814
0.09418679934128338 0.6616161616161617 0.05253918802694746
0.02535792563349948 0.63510101010101 0.0627483289845934
0.09918744474987584 0.6306818181818182 0.13158190724655264
0.04233038311007664 0.6704545454545454 0.0781675927688936
0.14875590069992728 0.6616161616161617 0.11562360561945745
0.04507133927741214 0.6483585858585859 0.029355162818007013
0.07081236891859777 0.6717171717171717 0.06908489480627264
0.10096767594637779 0.6609848484848485 0.07507968546608565
0.016412685605715627 0.6515151515151515 0.021649753867432037
0.009583009583009616 0.6641414141414141 0.03875407915617812
0.0914149715322613 0.6679292929292929 0.04718872881842859
0.1077107271225527 0.663510101010101 0.061467961180821235
0.04063644688644685 0.6666666666666666 0.04991678349795836
0.0009700176366843616 0.6571969696969697 0.035357630798301704
0.06359158083296013 0.6685606060606061 0.009114949586998267
0.03583930989518025 0.6717171717171717 0.04602443320206015
0.08542633096052321 0.6534090909090909 0.048312900179988766
0.03085372577293355 0.6268939393939394 0.053902820079012925
