0.09001367989056097 0.6766666666666666 0.1085897435897436
0.110824209873993 0.7033333333333334 0.13560258247400042
0.07947409733124011 0.6933333333333334 0.08066766174077494
0.2414021164021164 0.6933333333333334 0.24232661853537324
0.17701778385772915 0.7033333333333334 0.1749279900639501
0.18219811930941843 0.69 0.2355338691159587
0.07542465326476544 0.6866666666666666 0.09376137357999642
0.17174099485420236 0.6633333333333333 0.21237182678880956
0.1942794048057206 0.6833333333333333 0.23864896096519578
0.07414215686274517 0.68 0.09811308352419951
0.21224420767799757 0.6666666666666666 0.24007936507936506
0.09022556390977443 0.7533333333333333 0.11912854030501091
0.09457671957671954 0.7 0.12485754985754988
0.13994078229702356 0.7066666666666667 0.14816140075895068
0.11977424749163879 0.74 0.13114815401400765
0.13365581786634417 0.68 0.16267807568673287
0.07525728987993141 0.69 0.07906559900898552
0.10199125789218066 0.7166666666666667 0.11947641515541585
0.12631461176997083 0.7033333333333334 0.13086592194143687
0.2617045624160407 0.71 0.2750437906687907
0.0981716031738209 0.7066666666666667 0.13994675500260734
0.13463345864661658 0.6866666666666666 0.15582957342083675
0.1437081161578555 0.7233333333333334 0.14590378175283836
0.18076983013869408 0.7033333333333334 0.19678633468442386
0.16325250836120409 0.7 0.1720446950710109
0.09739753779024463 0.6733333333333333 0.118763209775678
0.08597883597883604 0.6733333333333333 0.11209649753776352
0.08883183568677788 0.7366666666666667 0.13283800630157078
0.1450549450549451 0.7233333333333334 0.17985985341128707
0.1777777777777778 0.7066666666666667 0.19775194200933666
0.18232819074333806 0.6866666666666666 0.17482672197735716
0.13974385457550087 0.7033333333333334 0.15016239798848496
0.13 0.7033333333333334 0.15127183441427572
0.04036422186441613 0.7 0.07355945043351347
0.14766494488524418 0.7033333333333334 0.18968204719879483
0.12367724867724861 0.6833333333333333 0.12464424872513108
0.05531310794468691 0.7133333333333334 0.07188209879292679
0.13618524332810045 0.6833333333333333 0.15716881142761951
0.16981132075471694 0.72 0.17807212299183195
0.05497491638795993 0.71 0.1276730056476223
0.16620879120879117 0.69 0.1926282051282051
0.09650801243721596 0.6833333333333333 0.082073749543629
0.1028257456828886 0.7133333333333334 0.11931533557070656
0.15763799743260598 0.69 0.16873633420775652
0.04328573560873672 0.6433333333333333 0.07053458517640848
0.1048332960393824 0.6966666666666667 0.11050784703801947
0.14995530785004463 0.7366666666666667 0.16745285191505627
0.17993534047282278 0.68 0.17042590178183398
0.14381270903010024 0.69 0.15716735688528283
0.14688505691916043 0.6833333333333333 0.1689209873672789
