0.03110605544683387 0.6207455429497569 0.008916398508065165
0.07040634942200785 0.6185845488924906 0.05753536270620341
0.10532823567537541 0.6293895191788222 0.06883931084588568
0.026378799411751697 0.6185845488924906 0.031329785675119126
0.10002557752897812 0.6056185845488925 0.08081984827504002
0.038034490904795715 0.6320907617504052 0.006377231643001829
0.0417262231995601 0.6212857914640735 0.027857928267060766
0.01119658119658129 0.5975148568341437 0.009714067996451387
0.06639325172989552 0.615343057806591 0.05279618284806928
0.05335199634988519 0.6045380875202593 0.07088634154942905
0.09067828637926711 0.6115613182063749 0.05236664919300668
0.056639594374469415 0.608860075634792 0.03648352232134344
0.032148423635437684 0.6056185845488925 0.023964746409795012
0.009659160586179438 0.5948136142625607 0.01430744920996821
0.0470724490043416 0.6180443003781739 0.03260308871853537
0.103382492269953 0.6196650459211237 0.07908034351222112
0.06795902569133605 0.608860075634792 0.052850286957028536
0.05692743705521108 0.6223662884927067 0.0451101345203799
0.08185796359262776 0.6099405726634252 0.06322889357116432
0.0647763716321319 0.6131820637493247 0.034461696229357214
0.07148735485325619 0.6353322528363047 0.03480370377111075
0.05964086716299111 0.6115613182063749 0.03480079064562999
0.05538681335988205 0.6039978390059427 0.04213582518039158
0.026946394628732606 0.6131820637493247 0.01376038325153589
0.06811573747353561 0.6261480280929227 0.04692027006041416
0.05741734444781921 0.6234467855213398 0.03925269702266246
0.15637651821862353 0.6083198271204754 0.1341694886909988
0.02373040525897563 0.5996758508914101 0.03202084644918088
0.14978659908056569 0.6094003241491086 0.13859906764469657
0.048579497229981006 0.6180443003781739 0.012773792087951402
0.04544729344729337 0.6369529983792545 0.01738792775573833
0.039560114992320816 0.6083198271204754 0.01854107540540023
0.00379530984175358 0.605078336034576 0.018287915715318265
0.09010783664888855 0.6342517558076716 0.05040335160402579
0.02561158919243922 0.6083198271204754 0.0454358797220461
0.11803949245105938 0.6115613182063749 0.09516715824642613
0.09581744344324072 0.6185845488924906 0.07929139242232594
0.03914058188730152 0.6164235548352242 0.026967696613008962
0.0813631202226035 0.6234467855213398 0.047935074831206764
0.05884288931231596 0.6164235548352242 0.04239101775053217
0.019089205122566733 0.6175040518638574 0.011775006429161516
0.044935259870216404 0.6072393300918423 0.046914137480113804
0.09196165835164216 0.6066990815775256 0.07023840168402806
0.06726779820839224 0.6207455429497569 0.04411231867739662
0.055368135563159115 0.6288492706645057 0.024127120674428487
0.016795215738877656 0.5980551053484603 0.007323572414159624
0.040790868021342686 0.6072393300918423 0.015019733903637866
0.02118177438226998 0.6148028092922745 0.02411273369175221
0.12082104228121926 0.6412749864937871 0.07730439939691189
0.06793819945057988 0.6337115072933549 0.030326703168721325
