0.23083210429022735 0.8047468121176384 0.12528280811951908
0.24791473722348786 0.8003980246185597 0.1399723438680749
0.23063842683924143 0.8015773568216997 0.11549308600803597
0.24248011652185944 0.797523402373406 0.14195733851113768
0.240228119848528 0.8045993955922459 0.11405710030686689
0.24594479231185484 0.7995135254662048 0.1351725366007645
0.2238401279062829 0.8023144394486622 0.11496963737955693
0.22820741516828602 0.8083585169897546 0.10524639746061024
0.2482712502672865 0.8034200633891059 0.15081810194371584
0.24347319154566205 0.8080636839389695 0.14562952246644878
0.2307745837656094 0.8031989386010172 0.11764822534869568
0.23507101940967287 0.8033463551264096 0.12471610673401362
0.24932250743825743 0.800176899830471 0.1558643160696085
0.23749593343834113 0.8083585169897546 0.1213338614310177
0.24252525755273033 0.7981867767376722 0.13864499434088237
0.24058623993294648 0.7984816097884573 0.1313426177160451
0.22891634279262651 0.8026829807621434 0.10579160550199534
0.25345530810554334 0.7981867767376722 0.15855806239999062
0.23107494649088273 0.8017984816097885 0.12268084513216745
0.23991280563331674 0.7971548610599248 0.14009001650808917
0.22606516148064845 0.8032726468637135 0.11267597832756626
0.24501090519724336 0.8045256873295497 0.1409884402284343
0.23925813086763 0.8021670229232697 0.12764394096125728
0.23363838589496871 0.8020933146605734 0.11718374018068994
0.2490693805154101 0.8029041055502322 0.14127555498249283
0.2306619245296686 0.8008402741947372 0.1198226575242513
0.2430053733006236 0.799882066779686 0.12171323949011736
0.23301394825312138 0.8035674799144984 0.1104120281444203
0.23615047269559822 0.8026829807621434 0.12095758074162641
0.237104956513978 0.8035674799144984 0.13098840263771597
0.24776556508346614 0.801356232033611 0.1426306226222656
0.23521496310853193 0.8020933146605734 0.11688546759175991
0.25306488322350695 0.8009139824574335 0.14359588468884543
0.23309105448757217 0.800766565932041 0.11499613248126395
0.25490415141982903 0.797523402373406 0.14348571076850997
0.23493293914118035 0.800176899830471 0.14700459474053668
0.22713530717861696 0.7947961966536449 0.11547131463290033
0.22834241842875147 0.809390432667502 0.10241885452897974
0.23314388809187006 0.8009876907201298 0.1150096149490582
0.24909924742634648 0.7960492371194811 0.14076265185117237
0.25353301007086904 0.8009876907201298 0.14802473073951175
0.2479310529773797 0.8028303972875359 0.12821485920670034
0.2273840567375326 0.798407901525761 0.11853132330638178
0.23920676096619464 0.8011351072455222 0.1378020635502122
0.24343209868088397 0.800766565932041 0.1275689535427602
0.24835799568406786 0.7999557750423822 0.16526270363969653
0.23681183132090947 0.8048205203803346 0.12866048105293815
0.24771578604752942 0.8026092724994471 0.14519339266290526
0.23274271592313175 0.7948699049163411 0.11534162627169864
0.24668150681154044 0.8077688508881846 0.11962991639736492
