0.15071111362504466 0.8047468121176384 0.10423078860883242
0.13740487792741402 0.8003980246185597 0.1000263203844102
0.119959543338259 0.8015773568216997 0.06805393986013766
0.12687418747503107 0.797523402373406 0.06334976217822308
0.11592869551131285 0.8045993955922459 0.07277742113404867
0.1299772344865693 0.7995135254662048 0.07398597391291173
0.1086302804916007 0.8023144394486622 0.04862734147329097
0.12822556704077587 0.8083585169897546 0.07161300233819765
0.13187311433607282 0.8034200633891059 0.08603172239075303
0.13146559375986708 0.8080636839389695 0.047716436639115414
0.13990083179725027 0.8031989386010172 0.0752272864734763
0.13316852209591082 0.8033463551264096 0.07871061052488201
0.12911831608081165 0.800176899830471 0.06330369299812824
0.1319946821520602 0.8083585169897546 0.08234848523462168
0.12400318327997617 0.7981867767376722 0.07805250574621729
0.13528078840374175 0.7984816097884573 0.0642350925373507
0.13177870533430514 0.8026829807621434 0.07109324600284078
0.12226913542166318 0.7981867767376722 0.059597095322213446
0.13006838189325365 0.8017984816097885 0.07211234125417776
0.12976919675669826 0.7971548610599248 0.055320679522802625
0.12830565361733537 0.8032726468637135 0.07191597844141834
0.11691548021765516 0.8045256873295497 0.05846989434155988
0.1269523536225765 0.8021670229232697 0.06724678623002947
0.12270966536940753 0.8020933146605734 0.07230289350931061
0.11568926297537946 0.8029041055502322 0.06884970794991221
0.13824014840792131 0.8008402741947372 0.07710578506996243
0.14101534153424572 0.799882066779686 0.09289115178759769
0.11434418627544363 0.8035674799144984 0.05336739830432813
0.11782851282391188 0.8026829807621434 0.04586690198428109
0.14188986398948905 0.8035674799144984 0.08490358812849136
0.13888401635443973 0.801356232033611 0.07253865483561049
0.1309522855647442 0.8020933146605734 0.07102964892221826
0.12971980656750712 0.8009139824574335 0.07187589835079847
0.14332394011560662 0.800766565932041 0.08920943973512196
0.1286633608733287 0.797523402373406 0.05467340267891844
0.09721536615497167 0.800176899830471 0.039465161375496736
0.14996721154153736 0.7947961966536449 0.10444500794870931
0.13422424539047187 0.809390432667502 0.0778780288374584
0.11527893471768824 0.8009876907201298 0.05775200008437633
0.13584843403990404 0.7960492371194811 0.08520623156183751
0.13320243051798777 0.8009876907201298 0.05607222138062039
0.13707338495927665 0.8028303972875359 0.0902165376904212
0.11092202075493213 0.798407901525761 0.03770648260687807
0.12685101724285155 0.8011351072455222 0.07292388249860664
0.1485822695101348 0.800766565932041 0.0878632638308415
0.13373507704713988 0.7999557750423822 0.07839813459777853
0.12405181682942276 0.8048205203803346 0.052712129244270316
0.12126764896000042 0.8026092724994471 0.05605321930613216
0.1278507080308832 0.7948699049163411 0.0842072928644139
0.12219956161510606 0.8077688508881846 0.06616083975950149
