0.09516160334011714 0.6207455429497569 0.0689480157893379
0.06969205834683956 0.6196650459211237 0.06100660098774785
0.0709050593492132 0.6261480280929227 0.06503247228460557
0.06505956739816854 0.6175040518638574 0.05052401096424888
0.0729947977327432 0.6077795786061588 0.06713737015300716
0.07104084571681779 0.6337115072933549 0.05363646307725656
0.08586858332351432 0.6261480280929227 0.0655913856190084
0.07587950186683978 0.602377093462993 0.06674290828379612
0.08780013800339581 0.6185845488924906 0.07106517134180951
0.05927310006404063 0.6110210696920584 0.048164274832935366
0.11475149669694473 0.6158833063209076 0.10205564525966301
0.07888063067788431 0.615343057806591 0.0574264291847183
0.04244332883992619 0.6066990815775256 0.06382466829081909
0.08572994159435798 0.6029173419773096 0.07747865074744253
0.10384727438798724 0.6277687736358725 0.08316752065070049
0.033468083719110586 0.6229065370070233 0.06543909756470354
0.05509204715763827 0.6169638033495408 0.04195811697723298
0.07615147615147622 0.631010264721772 0.0795028425853937
0.08338768537929964 0.6115613182063749 0.06683681569022046
0.007948564778099354 0.6110210696920584 0.015874157982393
0.07413607842617032 0.6358725013506212 0.058204134006513336
0.07549860158704824 0.6099405726634252 0.061070036073466866
0.06768518029671078 0.6072393300918423 0.05713077606152092
0.09722704307917773 0.6175040518638574 0.08184006371314526
0.07976552683772753 0.6288492706645057 0.04776816925834987
0.09080992706050284 0.6250675310642896 0.07405089178252727
0.06533281533281532 0.6077795786061588 0.050502303351573824
0.0641152239014795 0.6061588330632091 0.07426623755731834
0.09326420800439894 0.6104808211777417 0.08418171648448083
0.07477367060447204 0.6185845488924906 0.06684785618914577
0.0786604562345169 0.6364127498649379 0.06594402677205496
0.13021207177814031 0.6126418152350082 0.10873394192971095
0.019684020026155546 0.6066990815775256 0.066855358885241
0.08414441100871417 0.6337115072933549 0.04812288730680231
0.06347591453974433 0.6131820637493247 0.05101392007981523
0.10951574882462667 0.6094003241491086 0.09883558680522725
0.0009944396352570273 0.6202052944354403 0.027053034158978445
0.12125737587950691 0.6223662884927067 0.10328924957385885
0.06697718827415355 0.62182603997839 0.03939552907541316
0.101794566494681 0.6180443003781739 0.0829303128627614
0.09031318470213179 0.6250675310642896 0.0773215572287847
0.08103727714748787 0.6131820637493247 0.06582345337177911
0.09430713181835071 0.605078336034576 0.08701077179188313
0.041930951893392465 0.6164235548352242 0.024991538831149546
0.07018421949110343 0.6277687736358725 0.05891755580810318
0.02588244542857887 0.602377093462993 0.01490040353195135
0.07816189458928935 0.6066990815775256 0.09397832054940927
0.10927216690989117 0.6175040518638574 0.08240669953790977
0.0039961400477824816 0.6385737439222042 0.02113245274943057
0.10981077296609842 0.6315505132360886 0.08871756774354878
