0.1381810838595976 0.6299297676931388 0.11215398744925695
0.11912479740680715 0.6148028092922745 0.11018677767857582
0.11707158861549516 0.6229065370070233 0.09629674663187665
0.10559138260931183 0.6191247974068071 0.09054083245749558
0.1191707430701141 0.6126418152350082 0.11221585056256872
0.1017503046416306 0.6293895191788222 0.08426834840586772
0.12082793291701027 0.6288492706645057 0.10066144638154251
0.11475460525807224 0.5975148568341437 0.10555349423305582
0.11088340263653684 0.6239870340356564 0.09457056244907047
0.11111169675870414 0.6148028092922745 0.10004742677166337
0.1617310074318744 0.6115613182063749 0.1492725642444245
0.11702998132723497 0.6223662884927067 0.09593788409707538
0.09607369187622983 0.6029173419773096 0.08116672998478905
0.1408233519423422 0.605078336034576 0.13293941568698803
0.159808344947598 0.62182603997839 0.13899284002474319
0.09018843320075631 0.6207455429497569 0.08163046290226392
0.08619252562653779 0.6164235548352242 0.06490258004406535
0.12692952692952697 0.6212857914640735 0.10931005421317039
0.10231772653156301 0.6131820637493247 0.08583661506448503
0.04768366411584768 0.6131820637493247 0.02395909307350083
0.11596513802846797 0.6315505132360886 0.09935194384677765
0.12906344268599934 0.6039978390059427 0.11584219622052566
0.10082097038171167 0.6104808211777417 0.09021008947727788
0.14449072467121754 0.6115613182063749 0.12892899173427663
0.11504034226020499 0.6315505132360886 0.08294776560444672
0.13510131048131968 0.6191247974068071 0.1181731645397747
0.114996114996115 0.6104808211777417 0.10026060679769888
0.1261465483144495 0.5975148568341437 0.1236755986313984
0.1402772868308393 0.6099405726634252 0.13070684880426
0.11285314080314751 0.62182603997839 0.10526881047529973
0.11251677332782828 0.6347920043219881 0.09782179481291561
0.16610114192495923 0.6072393300918423 0.14443443698580752
0.07392240525224236 0.6045380875202593 0.06527954062516225
0.11348426430944764 0.6304700162074555 0.0774212569182299
0.09293581634007164 0.6056185845488925 0.0800242047880215
0.13874898945369019 0.6066990815775256 0.12780078396893957
0.03829986669994745 0.6142625607779578 0.012234223527155696
0.1670464192155658 0.624527282549973 0.1491114168797304
0.0779146882741536 0.6234467855213398 0.04781313978077842
0.13299325286578112 0.6148028092922745 0.11406966192173118
0.12886937830344436 0.6202052944354403 0.1156359246109441
0.11831442463533226 0.6131820637493247 0.10311470670581316
0.1319975889153836 0.6045380875202593 0.12471062503973979
0.0772637374316012 0.6148028092922745 0.05911824222781059
0.10430282225308563 0.6288492706645057 0.09271790590098714
0.05918870050575187 0.6029173419773096 0.03961703819567028
0.11687688635205706 0.6083198271204754 0.11137325451346688
0.15775203543906124 0.6169638033495408 0.13088888821104022
0.04422602510525375 0.6391139924365208 0.019137587851079302
0.14134604267564205 0.6283090221501891 0.12021000801508189
