0.12648972673219905 0.6299297676931388 0.09551462585995818
0.1524574572874563 0.6148028092922745 0.13922628536270623
0.17503395009336276 0.6229065370070233 0.1369260891205824
0.12822668253065017 0.6191247974068071 0.10914903582795465
0.16321951332938045 0.6126418152350082 0.1367224369222327
0.08843216001259935 0.6293895191788222 0.052253366335060586
0.1330951072017592 0.6288492706645057 0.11515218273504435
0.07313960113960116 0.5975148568341437 0.048038793682966235
0.13833045839764113 0.6239870340356564 0.12257327112326705
0.14853338076420408 0.6148028092922745 0.1405260535896092
0.1678484697676681 0.6115613182063749 0.12253674078483948
0.15076169500080294 0.6223662884927067 0.12798010420507175
0.11588362833906884 0.6029173419773096 0.09527907205397462
0.08213831320129994 0.605078336034576 0.0598211714220874
0.13546896601906433 0.62182603997839 0.11440445804564822
0.19157112744846017 0.6207455429497569 0.16350535046032993
0.15529385615304436 0.6164235548352242 0.13359401791986064
0.11387519676020008 0.6212857914640735 0.09561533818092183
0.17120844790220768 0.6131820637493247 0.14963154194970305
0.13799665853705378 0.6131820637493247 0.10539484979399269
0.13342414790875956 0.6315505132360886 0.09720769620564018
0.13736713957952895 0.6039978390059427 0.11288440311859058
0.13391943122630579 0.6104808211777417 0.11504271146079445
0.07725987184989891 0.6115613182063749 0.05089180962533099
0.13760459723762475 0.6315505132360886 0.11361006584582317
0.11250042185548914 0.6191247974068071 0.09167790780887058
0.22369045833958112 0.6104808211777417 0.19915622965604154
0.11487755544318423 0.5975148568341437 0.0928182478728769
0.22012661422160773 0.6099405726634252 0.20470799981967422
0.12526812857826275 0.62182603997839 0.08514871313543881
0.12739601139601142 0.6347920043219881 0.08933733264674618
0.11100106328515735 0.6072393300918423 0.08457512633352776
0.08023636313398252 0.6045380875202593 0.061034554289524506
0.16238953556273594 0.6304700162074555 0.12058669574965414
0.09316635977603249 0.6056185845488925 0.07520297263516068
0.19337370766422546 0.6066990815775256 0.16946620418667588
0.14931434421158019 0.6142625607779578 0.1312331252391062
0.14575924336256052 0.624527282549973 0.1259768145598309
0.12521449535093798 0.6234467855213398 0.09041289502726546
0.10786419539234371 0.6148028092922745 0.08065983764207649
0.08362914794919318 0.6202052944354403 0.05030145881204834
0.10870125538237607 0.6131820637493247 0.08807802713091858
0.15452065007892002 0.6045380875202593 0.13414417477754512
0.13465346534653466 0.6148028092922745 0.11007219362526002
0.12868486590746175 0.6288492706645057 0.09750782093118865
0.11939414263357928 0.6029173419773096 0.09574555536727034
0.13553328747513427 0.6083198271204754 0.10177886096817215
0.10840961754651612 0.6169638033495408 0.082142045190996
0.18842768179051372 0.6391139924365208 0.14684425646691004
0.12009070963697699 0.6283090221501891 0.08416190744628296
