0.14080505043119326 0.8085796417778432 0.0941361617494092
0.12605687242535074 0.8043782708041571 0.08819241564119398
0.10939071707945167 0.8060735608461709 0.057560860039303045
0.1147368026080258 0.8024618559740547 0.05116866965587013
0.10617593650712087 0.8085796417778432 0.06294483310169847
0.11829037361177344 0.8040834377533721 0.06216636497079096
0.09662238959186656 0.8076214343627921 0.036910473369513176
0.11526419365021795 0.8135918036411882 0.058597931119309506
0.11949666397079564 0.8082848087270583 0.07349072289181967
0.12092574800151232 0.8121176383872633 0.04182899483565189
0.1287353246255591 0.807916267413577 0.0642051622433895
0.1216673633970867 0.8071791847866145 0.06663711578804787
0.11906635254047598 0.8053364782192084 0.05396212667641257
0.1218667961336927 0.8130758458023144 0.0725969598985724
0.11355797780052412 0.8036411881771947 0.06843061805270906
0.12535862605663717 0.8021670229232697 0.05408533362351202
0.12261382310732444 0.8059998525834746 0.06166722518724055
0.11089578156498453 0.8034200633891059 0.04863354679344755
0.11845148145439294 0.8074740178373996 0.06115502659199419
0.11606822056214436 0.8023144394486622 0.041467428839137156
0.11746300015537003 0.807916267413577 0.06119240707954908
0.10851859905922825 0.8085059335151471 0.05052579872851167
0.11588983754333804 0.8075477261000958 0.05685140624898718
0.1119643131606407 0.8066632269477408 0.06168361048709903
0.10557873260094713 0.8073266013120071 0.05895088774817246
0.12867567360006477 0.8048205203803346 0.06755145918412545
0.1304324278191309 0.8045993955922459 0.08258877080038324
0.1043356319555121 0.8076214343627921 0.04331618062211194
0.10614265614750701 0.8069580599985259 0.03389472761934065
0.12812918022880532 0.8083585169897546 0.07059880479603756
0.12849329072112067 0.8052627699565121 0.06189134910760656
0.12070725867154863 0.8071054765239183 0.061337335213289074
0.11981625851376962 0.8051153534311196 0.0621282561664474
0.13364845420071664 0.8065895186850446 0.08087866987855802
0.11676675012358545 0.8026092724994471 0.043020364177991315
0.08707616697985565 0.8037148964398909 0.02885903066432493
0.14197202584690188 0.798997567627331 0.09712957357195945
0.12440766052867905 0.8146974275816319 0.06899805477316938
0.10159209646340572 0.8069580599985259 0.044247520805640046
0.12558325012202554 0.8006191494066485 0.07522927372308189
0.12211709924704164 0.8057787277953858 0.04524168364569589
0.1287571984023493 0.8070317682612221 0.08249722465448327
0.10048753563690271 0.8028303972875359 0.032960594963006025
0.11703118973025653 0.8059261443207784 0.0636459358624701
0.1379988931549464 0.8059998525834746 0.07798400976554096
0.12382128394369157 0.8045993955922459 0.06898023065814754
0.11312285508078887 0.8099800987690721 0.0422461070011313
0.11047073379290528 0.8068843517358296 0.04508472547159474
0.12052657244921053 0.7979656519495836 0.07693196537996244
0.10850913635627144 0.8132232623277069 0.052399671059306284
