0.2179486017244451 0.8085796417778432 0.1127402880997753
0.23453785182869025 0.8043782708041571 0.12739023970240035
0.21728758420409147 0.8059998525834746 0.10279173511576944
0.22718841585458274 0.802535564236751 0.12722757749326644
0.22767627527310774 0.8086533500405395 0.10205523578391915
0.2315053489670444 0.8043782708041571 0.12100587886248451
0.20936070334761145 0.8076214343627921 0.10105933600061862
0.21201745294486457 0.813518095378492 0.08969329879330609
0.2338800497350894 0.8084322252524508 0.13656443188473086
0.2309868606349273 0.8122650549126557 0.13323289418384818
0.2174934883730228 0.807916267413577 0.10466179135156392
0.22195411941585969 0.8073266013120071 0.11191134376534093
0.23890717380382742 0.8053364782192084 0.14574464840453527
0.22545743083292952 0.8130021375396181 0.10976084112399512
0.23049089141806023 0.8038623129652834 0.1273321033816212
0.2286251695084613 0.8020933146605734 0.11941656116811819
0.2173402073742207 0.8062946856342597 0.09431942060182402
0.2393649367261788 0.8036411881771947 0.1452907809993466
0.2187272196717897 0.8076214343627921 0.11062149399489826
0.22321157309400833 0.8027566890248397 0.12359279678586155
0.2125162104316974 0.8078425591508808 0.09984598712057265
0.23592335682906065 0.8085796417778432 0.13213826121058667
0.22579941688445315 0.8078425591508808 0.11511250675542839
0.2194998501650257 0.8067369352104371 0.10376414688440955
0.23700755154871517 0.8076214343627921 0.12958724054179024
0.21946052361964274 0.8048205203803346 0.1087837961352101
0.229765412692242 0.8045256873295497 0.10932910042814437
0.22058713567440524 0.8076214343627921 0.09838094697942168
0.22242512281871815 0.8070317682612221 0.10805234223813809
0.21954195880480382 0.8083585169897546 0.11364452896578355
0.2348497878448036 0.8053364782192084 0.12991180845750078
0.22156271321774992 0.8073266013120071 0.10438452092233025
0.24053765010803857 0.8051153534311196 0.13174363103834336
0.22085367090515934 0.8065895186850446 0.10448503745462676
0.23962774741938941 0.8026092724994471 0.1290734833415641
0.22280709023731632 0.8036411881771947 0.13476949105037833
0.2183521028906459 0.798997567627331 0.10721789570367206
0.2178416936903914 0.8149185523697207 0.09251113924687918
0.21700565866965987 0.8074003095747033 0.10028556392217014
0.2367476145172773 0.8006191494066485 0.1289769072788834
0.24017379087405194 0.8057787277953858 0.1352173549380969
0.2384942539181668 0.8071791847866145 0.12024643128815776
0.2159333802901457 0.8029041055502322 0.10701133437436161
0.22866062617567007 0.8060735608461709 0.12763686753919834
0.2300246428273849 0.8059998525834746 0.11536326729962797
0.23553608978381796 0.8048205203803346 0.15349881759791933
0.222895167593198 0.8101275152944645 0.11572637368303976
0.23423337894460278 0.8066632269477408 0.13210995839384387
0.22407684230143515 0.7979656519495836 0.10689588394981311
0.22907818295411642 0.8132969705904032 0.10275308274737652
