0.05
0.06277822461413801 0.853615390285251 0.019727644237444462 0.11696624462807424
0.0660910470625451 0.8519938085059335 0.01646565605460231 0.12026113964758785
0.09118205667050724 0.8402741947372301 0.19537506010326208 0.12017812404815773
0.058560818252649194 0.8491191862607799 0.012848554829717543 0.12344032971303674
0.04273986328863294 0.8453600648632712 0.12115816243339408 0.11985556258013025
0.07049722143190762 0.8491928945234761 0.00892644344825147 0.11890392903249937
0.03258844131714228 0.8477924375322473 0.06458500392372624 0.12594527525412452
0.06407938011153874 0.8430014004569912 0.1713231796612852 0.12605864874969758
0.08885608764161107 0.842338026092725 0.1981649459049029 0.12902819733935061
0.028102189945880346 0.8468342301171962 0.056240785277105194 0.12197336530832113
0.08148789087980016 0.8399056534237488 0.19340548537401275 0.12284488518924089
0.066346460355621 0.8491928945234761 0.026735173832034158 0.11729354932508629
0.07701455415312217 0.8456548979140561 0.02715408867130264 0.12192538534706303
0.07197783698443366 0.8537628068106434 0.023366274544630094 0.12167597669377841
0.08584833322444121 0.8502985184639198 0.05922385609228969 0.12140111069974423
0.08373853449859102 0.8451389400751824 0.03098109652810416 0.13173582276570284
0.05589417404964439 0.8489717697353873 0.035358260341595116 0.1286755155241606
0.01675164642867219 0.8433699417704724 0.0719735269870199 0.12462132864691008
0.15640709800532104 0.850077393675831 0.16140991594084964 0.1154076634654626
0.018242099114305133 0.8404216112626225 0.13275520880466715 0.13024319411329877
0.09525282440489923 0.8489717697353873 0.05039372344007309 0.12413914206133178
0.19794587146112455 0.8283334561804379 0.2950717317293425 0.13224964499904746
0.10848913603636412 0.8474238962187661 0.07388861533041823 0.12612538924263972
0.07986574308562625 0.8502248102012235 0.024059687690366992 0.1229023959742439
0.11769466639335045 0.8542787646495172 0.06700195985475747 0.11303312508702447
0.13397116732818376 0.849487727574261 0.123851494316325 0.11678413360305707
0.14622394349628284 0.8506670597774011 0.1441612711139731 0.11992103793360612
0.03770782508352655 0.8481609788457286 0.03977746239978515 0.12363267121822212
0.06673059624577643 0.8474238962187661 0.028199563627022414 0.12446472070529443
0.04143408457280981 0.8458760227021449 0.024766395526009323 0.1293008339195842
0.13012953892221724 0.853025724183681 0.1091333997418383 0.11780442311583496
0.052680473507386416 0.8528045993955923 0.012944174454229629 0.12187707377467133
0.08522205179754958 0.8491191862607799 0.02572968484140414 0.11928451458219366
0.06670994113728684 0.8492666027861723 0.017229481006283097 0.12646069819989253
0.06908526586916253 0.8460234392275374 0.006972149673671463 0.12503534628196256
0.06948306039875274 0.8505933515147048 0.018802582158696846 0.11988541910547557
0.10051608500474499 0.8505933515147048 0.040561413608550374 0.11697610715831962
0.06354330079206577 0.8569322621065821 0.023342392016820705 0.11495638410981596
0.0015937739343093449 0.8510356010908823 0.07613563832508358 0.12045335910245163
0.0025451950198089324 0.8426328591435099 0.10700198597717651 0.12575438772523542
0.036090752161343526 0.8445492739736125 0.05808149071467826 0.12628424603545826
0.08320867455688694 0.8472764796933736 0.05144807321901455 0.11974252379249152
0.08825102064089407 0.8460971474902337 0.047562202410133675 0.12250479763260233
0.1150727451202671 0.8366624898651139 0.22245502301936135 0.12815029275531917
0.1100486224379877 0.8482346871084249 0.07192559269880605 0.12680398119950334
0.06877469628175237 0.8470553549052848 0.029836543141144797 0.1174729950808924
0.22392450252603363 0.8228053364782192 0.31383271413068226 0.1413539294555406
0.11454147372909644 0.8522886415567185 0.09968227333426946 0.12010637615082755
0.10033949083374749 0.8496351440996536 0.07275008515485393 0.11888375788177703
0.022342883254534512 0.8476450210068549 0.13702343084335494 0.11885002839542366
0.1
0.09570728984013682 0.8533942654971622 0.03735680181641201 0.1167420016908619
0.05221766382677742 0.851256725878971 0.03548010074847459 0.11872554170004353
0.07530603301549393 0.8491928945234761 0.014258475025958988 0.116696184334719
0.005696338036873444 0.8487506449472986 0.08186965571196256 0.12314536816354729
0.05373064487870824 0.8517726837178448 0.008941591320837626 0.11589327625409544
0.039363812317420616 0.8480872705830323 0.04287423307707949 0.12127841908329651
0.03341728787452958 0.8478661457949436 0.05787849080390595 0.1268670393726035
0.026845549533091095 0.8484558118965136 0.053243671460083804 0.12407061393330121
0.025317120738544113 0.8505933515147048 0.050123284028013866 0.11548700537992636
0.024095412456144383 0.8474976044814624 0.06607108160634903 0.12182303128407176
0.07755076841652467 0.849487727574261 0.020745906734919634 0.11672442665156252
0.06842025620208037 0.8491928945234761 0.022559170124589717 0.11699492876174633
0.09631704190505269 0.8458760227021449 0.05768838984030984 0.1189756409504463
0.03637806318738668 0.8550158472764797 0.03986005140055053 0.12067378497825346
0.060358001030845515 0.8496351440996536 0.011624179008071882 0.12090374092188018
0.0782828407177792 0.8446229822363087 0.01757005501888509 0.13143544378177216
0.09172845430551721 0.8487506449472986 0.040115436179727966 0.12686827410925902
0.031673668947921035 0.8410112773641926 0.13588191197491872 0.12788987753812042
0.1064357654962978 0.840569027788015 0.22357272387869492 0.12875230331993176
0.1036935518103521 0.8441807326601312 0.04570557276298353 0.1261631307379016
0.04745748069778541 0.8463919805410186 0.022848658604870918 0.12634392804055714
0.08955832679868997 0.851256725878971 0.0233127853458584 0.11925841558083577
0.10447826869828154 0.8463919805410186 0.06736182713574743 0.1250953404807886
0.043271946452879406 0.8514041424043636 0.03143730500700374 0.12404371243837498
0.04872620549257112 0.8487506449472986 0.16386933971692275 0.11963890670121081
0.09559577236086411 0.849487727574261 0.05465303952872017 0.119941353243952
0.09470226905235866 0.8507407680400972 0.050047842907479434 0.12232068302340014
0.05804441045604963 0.841158693889585 0.15721398455423102 0.12868551288446808
0.04626649387149995 0.8468342301171962 0.04143102738883053 0.12465522574025752
0.01322172322707943 0.8448441070243974 0.11829752545405234 0.13005778091863562
0.07543827119399832 0.8525097663448072 0.012714301189100975 0.11968099758368962
0.06196325623499316 0.8529520159209848 0.006131031109663412 0.11771005901408352
0.04648300153382204 0.8435910665585612 0.1556943289533823 0.12208547806241946
0.05209240364786283 0.8480135623203361 0.03480554603791055 0.12817492598974853
0.005903102826547851 0.842927692194295 0.1064272573249447 0.1291369745973118
0.11274305556483558 0.8482346871084249 0.07698679405815441 0.11579261861894902
0.1372691479265965 0.8494140193115648 0.11283684524320038 0.11447437733159935
0.09121805311010558 0.8581115943097222 0.03384945263527528 0.11404705850059074
0.017417224536102033 0.8490454779980836 0.09932553019957735 0.12287214252387538
0.1306206826775705 0.8447703987617012 0.1098221457873956 0.12477889397368107
0.05395751713869598 0.8461708557529299 0.055047013985725694 0.12540475857793176
0.12458615268506085 0.8466868135918036 0.11813773702288759 0.11830646043123764
0.12957851522408487 0.8475713127441586 0.11708555846991832 0.11911227589222388
0.05881811677202983 0.8483821036338174 0.03179201787240011 0.11981452466061542
0.11553630889736201 0.8487506449472986 0.07857696378321058 0.12639679523456976
0.0027668600880038086 0.8441070243974349 0.10421037767147862 0.12005818045603717
0.10338943263664885 0.8481609788457286 0.05523237044792088 0.11815153189210724
0.06590923566231624 0.853320557234466 0.009583547760980585 0.12006361332250341
0.1427626387420873 0.8474976044814624 0.14174124239213987 0.11685755326295298
0.022490574178619993 0.850961892828186 0.07130207986918909 0.1187009797546355
0.15000000000000002
0.08225676428239997 0.8533942654971622 0.013500328700535646 0.11750902065016255
0.017960655626997085 0.8502248102012235 0.07111946966565307 0.12254812509407535
0.051235913955561624 0.8488243532099948 0.021569591347953172 0.1181843625484231
0.048967406298903254 0.8480135623203361 0.003807481372856643 0.12486631152143908
0.07478208533896455 0.8502985184639198 0.0388158578073801 0.1173660091395228
0.0705200626374424 0.8495614358369573 0.010492571707339075 0.12051189644666623
0.04830222663842171 0.8477187292695512 0.036558023640892306 0.12667935670937217
0.05667797278025169 0.8480135623203361 0.011466971009439615 0.1210038920353369
0.016604385817405004 0.8477187292695512 0.10719294865052431 0.12496239366093859
0.00742181200732317 0.8459497309648412 0.08872491747025094 0.12511862617103314
0.04078740306516651 0.8491928945234761 0.06135003532077556 0.11729354932508629
0.041799793543217334 0.8477187292695512 0.05216375493588901 0.11906643631966743
0.0391298861096836 0.8462445640156262 0.0344731763513853 0.12126174192030711
0.06247660517819126 0.8544998894376059 0.005688417914239342 0.12002705269572579
0.04699879674194743 0.8495614358369573 0.010172656318875012 0.12217211755944211
0.04577428120222232 0.8443281491855237 0.0404983082549964 0.1317709245632373
0.033154361200773225 0.8466868135918036 0.05685296438234533 0.1301526141693747
0.017473195968636446 0.841748359991155 0.11796171691787535 0.12867775930761483
0.13257730693265096 0.8511093093535785 0.11434853130682719 0.11502922850109527
0.0709655171851058 0.8446229822363087 0.040013603698280296 0.1252445226041855
0.022490615402482483 0.8474976044814624 0.06056354163311277 0.12639724747560366
0.09823891813058949 0.8504459349893123 0.030002079152803646 0.11726029811610357
0.01356824521483213 0.8427065674062062 0.10190182568103652 0.13189374988869884
0.058251356359489526 0.8532468489717697 0.028579331271873776 0.12143746043782798
0.10364649368932408 0.8541313481241247 0.04767628391668474 0.1139671213036651
0.09453283833368514 0.8497825606250461 0.05128035386262378 0.11836124646825992
0.02066002505022732 0.8475713127441586 0.1195754389230752 0.12447636081775654
0.002599246290127727 0.8455074813886637 0.09316937640174636 0.12430540792853169
0.05795480046906637 0.8462445640156262 0.018812808007550183 0.12751988830483962
0.03192401540018039 0.8465393970664111 0.0527695868454055 0.12866637792004793
0.06147627815415188 0.8530994324463772 0.031995402195424565 0.11842933319121586
0.08218825080348954 0.8526571828701998 0.026763005009592285 0.11697708650981364
0.013579390929041563 0.8445492739736125 0.11767742206410287 0.1234708681699212
0.047192075520164384 0.8474976044814624 0.04443245402363432 0.12769804790307662
0.06701576639432114 0.8474238962187661 0.017863507343550036 0.12559208326424665
0.04161836981176856 0.8472764796933736 0.0472060964486819 0.11746537726539437
0.08912898215383741 0.8498562688877423 0.01529628626481798 0.11308189093307641
0.04312434067598511 0.8564900125304047 0.04042359902787409 0.11550991310775677
0.08923593407539349 0.841748359991155 0.18789593209540173 0.13023637310933844
0.10512598366703689 0.8456548979140561 0.05967002439118044 0.123541439521906
0.0010050130435305393 0.8427065674062062 0.10233720680284059 0.12855039923476855
0.052520540090118334 0.8471290631679811 0.007406342331859689 0.1207454279439476
0.08666023491846278 0.8390211542713938 0.1958993988420366 0.12905902630718877
0.053241325205598045 0.8482346871084249 0.03881367595858741 0.12164824801358079
0.07282244161525059 0.8475713127441586 0.01362278528718864 0.12873553927970524
0.011882877829006211 0.8413798186776738 0.11129467707322066 0.12873531331869703
0.046941372821940414 0.8476450210068549 0.03540964975415743 0.11729244407529803
0.06317479590513864 0.8532468489717697 0.013349757633864319 0.11979395556476544
0.06847672446177289 0.8488243532099948 0.023694413806627533 0.11931773395222484
0.07796851930404577 0.8506670597774011 0.015204463599108348 0.11486777538827282
0.2
0.05303794307504045 0.8529520159209848 0.03779953017800849 0.11865377726880273
0.03482929564348905 0.8511830176162748 0.05253269097111814 0.11999197571356433
0.05174576482128804 0.8480872705830323 0.027248847559056974 0.1181145480282618
0.0018117127198645777 0.8466868135918036 0.07525113584381933 0.12660385425725032
0.03206117253771901 0.8500036854131348 0.02776238941292964 0.116743232650499
0.04963042217048444 0.8484558118965136 0.031496605135381855 0.12080421419490256
0.039906592706114324 0.8470553549052848 0.04095635820929645 0.1283766761945969
0.056004531400771496 0.8487506449472986 0.014425177068368045 0.1211269638019763
0.029311369546977994 0.8466131053291074 0.12736280302583958 0.12222239971863368
0.040403351885153066 0.8473501879560699 0.035185209149814496 0.12371592068147953
0.037790143819517674 0.8492666027861723 0.06004876672681691 0.11870203924723455
0.057252112544569966 0.8407164443134075 0.1666293367061252 0.12707843329907348
0.05214192792433084 0.8477187292695512 0.01635109375166892 0.11918605140993518
0.03066470949029257 0.8537628068106434 0.04820735349664154 0.1220852974502722
0.021161597737947457 0.8484558118965136 0.05088764730867103 0.1231814119609458
0.000736584316950395 0.8431488169823838 0.10574141223783962 0.1338848902652517
0.018014676922101874 0.8464656888037149 0.08033442744193323 0.13087560661136705
0.026826631149846986 0.8430014004569912 0.052674316450468606 0.1274378748091309
0.07050491486290236 0.8508144763027935 0.010117467741230544 0.11720410427110009
0.05763770945281227 0.8449178152870936 0.05921524535365681 0.12538962745751114
0.00661174470210818 0.8468342301171962 0.08296130031486504 0.12762204291479903
0.043158156084521226 0.8505933515147048 0.04771288851617799 0.11733302099418909
0.04625718520934122 0.8461708557529299 0.02101187730540008 0.12766271739163898
0.05073207419493239 0.853025724183681 0.03189667323621764 0.12115863993956631
0.07669637715033151 0.8538365150733397 0.019841855467708742 0.11459237898813684
0.06963408930687634 0.8505933515147048 0.012592041443364746 0.12035919859572249
0.04764705475296924 0.8508881845654898 0.029496704872409303 0.12333298207905516
0.010045970924427133 0.8449178152870936 0.10490265718251057 0.12538962745751114
0.02904149908092321 0.8452126483378787 0.060388975253830225 0.12886785303311757
0.03102371829206324 0.8460971474902337 0.05031885642345141 0.1288722519949462
0.018201127796873245 0.8499299771504386 0.0853978373908765 0.12163855797643848
0.016879888295683043 0.851846391980541 0.06443946627560593 0.12113419356894706
0.013448738539283384 0.8441070243974349 0.11677101039799492 0.12540854471602175
0.011867826288238653 0.8470553549052848 0.10430407996660511 0.1304407589447673
0.05929324395303989 0.8469079383798924 0.020936946419584983 0.12736092820591635
0.028598018806663877 0.8474976044814624 0.06103580705181692 0.11847659495944537
0.02222688724680022 0.8452126483378787 0.08121408139139141 0.11743009610618826
0.034198209556032616 0.8563425960050122 0.052506711919063885 0.11743077327737927
0.024924568989301704 0.8478661457949436 0.11488305089975884 0.12733946632746532
0.07611202741028333 0.8457286061767524 0.0396169523521883 0.12303973315424681
0.012812758661069013 0.8424854426181175 0.07707393892003689 0.12957903675742644
0.009090764924633482 0.8449915235497899 0.08547566298221129 0.12458902137548682
0.011546402098300823 0.842927692194295 0.09829074391161075 0.12680202795365914
0.047605736133726345 0.8430751087196875 0.15390470364296338 0.12681509863957982
0.03869383435988569 0.8451389400751824 0.04406263681004816 0.13090781051007302
0.04548577388987257 0.8457286061767524 0.04284357612103861 0.12280043222867959
0.054004739074720504 0.8474976044814624 0.027777799525552156 0.12170379323522039
0.040525811060534406 0.8528045993955923 0.03202285262065407 0.12052650275498702
0.02492072714036722 0.8463182722783223 0.044604777884632595 0.12440441021804537
0.07190927726570168 0.8510356010908823 0.01762774655809491 0.1139189836564985
0.25
0.03347901884852339 0.8525834746075035 0.06278558509881724 0.1207165320116524
0.025447842359489437 0.8511830176162748 0.0626593341744291 0.12093734733973446
0.02380330037343037 0.8480872705830323 0.060004793445501955 0.12026516035791744
0.0017677453246016661 0.8481609788457286 0.08500797688162334 0.1280077598520789
0.018654750454424496 0.8481609788457286 0.044387204062789294 0.11821134353423772
0.03939172934640761 0.8477187292695512 0.04466265960873843 0.12383492122980014
0.03202598724804423 0.8478661457949436 0.057238767788102364 0.12692611320741076
0.057074336017695765 0.8487506449472986 0.00955946558248312 0.12201820846694922
0.020507882531200478 0.8505933515147048 0.058528246574456606 0.11757086098106687
0.03497887567931868 0.8462445640156262 0.04931478991023244 0.12597583723934355
0.015480646245912916 0.8489717697353873 0.08509008364272422 0.11950964814063388
0.06004282697068841 0.8407901525761038 0.1697155792512254 0.12928382045426276
0.044286256718194 0.8465393970664111 0.02862473541188871 0.12057085624750155
0.04967662510354645 0.8543524729122135 0.0176548072317138 0.12159601371377489
0.004395067912392664 0.8466868135918036 0.08564078066952091 0.12713750218123118
0.026520044668333242 0.8443281491855237 0.07019874287649085 0.13372296389249552
0.04023848866635582 0.8464656888037149 0.0496780315943975 0.12999088229752004
0.002047997197809126 0.8430751087196875 0.09480401501020803 0.12621535844823933
0.035266806653758725 0.8488980614726911 0.041986466721782606 0.11977112409017146
0.03383144734874957 0.8436647748212575 0.07638249226257642 0.12752441498729045
0.006861515584293931 0.8447703987617012 0.09981477937361184 0.1312085232876575
0.05079347562406297 0.8505933515147048 0.03290741501068048 0.11893682824401113
0.04626730854941713 0.8458023144394486 0.016989860957529898 0.12813975362666175
0.04051146849996892 0.8510356010908823 0.04389358141287874 0.12504696989737543
0.06660292903865361 0.8540576398614285 0.02807932862564254 0.11410862841889342
0.0656485695641437 0.8514041424043636 0.019833678585898067 0.1185600528151516
0.03962424659019351 0.8502985184639198 0.03713144836334586 0.12264217986039454
0.001331137861274173 0.8452863566005749 0.08685810558101004 0.12574916252414134
0.024725272522548414 0.84322252524508 0.06443188766163097 0.13035395707163333
0.004499288130782514 0.8441807326601312 0.0862496320177808 0.13193870698008184
0.01193739168043162 0.8497825606250461 0.09867162007859484 0.12410959664259474
0.02078384770754632 0.8497825606250461 0.1171953571083553 0.12399160024909951
0.02232274928572875 0.8462445640156262 0.067935247363523 0.12389140487045781
0.02066897923405908 0.8472764796933736 0.08634576655156459 0.13042477751591613
0.041636205891266986 0.8444755657109162 0.04260734868492284 0.1307732129610002
0.00506340796862248 0.8473501879560699 0.09296476042635096 0.1210940743406257
0.015428435857244904 0.8462445640156262 0.08791600731084741 0.11759995109413487
0.03615918206936583 0.8553843885899609 0.052310440615305924 0.11827219981779039
0.01864138099999338 0.8486769366846023 0.05058272695274339 0.12577224364644057
0.028133093733379577 0.84322252524508 0.06959751914718326 0.12562861737037914
0.045002740499416494 0.8453600648632712 0.04346631330643426 0.12763117875739483
0.04372027021085037 0.8464656888037149 0.018034903099634077 0.12322435596219167
0.0016005929980613398 0.8441807326601312 0.0773874443322276 0.125624618154947
0.023754514249791664 0.8456548979140561 0.12504847339553726 0.12598811516041578
0.051656706388336276 0.8465393970664111 0.03319753113930673 0.12831139506861036
0.05357804638605965 0.8460234392275374 0.047536118229037506 0.12204940736130557
0.057388234059475934 0.8484558118965136 0.02350188737707079 0.12026817229358601
0.02119808528235853 0.850961892828186 0.058101695847520445 0.12218941646419902
0.08020532778948303 0.8477187292695512 0.04174499508549963 0.12199112832474841
0.06685387837732051 0.850077393675831 0.02289004899600594 0.11528821495491773
0.30000000000000004
0.018576742650308314 0.8510356010908823 0.08173332853477075 0.12310779332516987
0.0327777511204945 0.8507407680400972 0.054926324422412943 0.12349934177721825
0.03233557398668363 0.8479398540576398 0.047197162363600026 0.11929644860820969
0.03575127520896654 0.8476450210068549 0.028227040729812934 0.12741286511287722
0.008671852358210497 0.8477187292695512 0.05937169212402541 0.11942522135231759
0.02342817553978488 0.8463182722783223 0.06750182281932929 0.12494050650601828
0.037591189753985677 0.8463919805410186 0.042995118239177614 0.12776785615331626
0.03653217988586421 0.8480872705830323 0.03698892474132836 0.12330034369492295
0.03333177631210177 0.8468342301171962 0.12593298074338313 0.1255467435734394
0.019572237587965308 0.8460234392275374 0.06899168474056544 0.12616648882599368
0.015236238954352832 0.8473501879560699 0.0877835104494745 0.12139252468390639
0.04201754793060314 0.8474238962187661 0.04678409049765265 0.12321637192571643
0.04102658236035672 0.8462445640156262 0.028931351287778344 0.12126174192030711
0.03194520921533342 0.8544998894376059 0.04999982164329797 0.12090424979372119
0.00032676713780660505 0.8472764796933736 0.08192792524486345 0.12700267810277646
0.029145622377499958 0.8442544409228274 0.06973834945521978 0.13351166879034826
0.01181632569910046 0.8465393970664111 0.0892579206283159 0.13126303456392077
0.0036958183820908763 0.8434436500331687 0.09935246040991697 0.12717665312655013
0.006771771661555043 0.8469816466425887 0.09623284106037702 0.12490485764524124
0.0054011057790250006 0.8407901525761038 0.10967478345079706 0.1324632459415683
0.0036332821910874114 0.8453600648632712 0.09575099978332752 0.13225177824005743
0.019934322766914425 0.8483083953711211 0.07841700692098795 0.12150576665227149
0.043245604018309125 0.8449915235497899 0.023296647431306702 0.12935626842285838
0.02814425674483173 0.8502248102012235 0.0628178215775123 0.1257878482959008
0.03981278924609194 0.852436058082111 0.05561636241028574 0.11817082288971421
0.06419681892366547 0.8505933515147048 0.017615157726528927 0.11964839979038698
0.01114647463030155 0.8483083953711211 0.079097154745833 0.12506599718091374
0.01625607905886986 0.8443281491855237 0.11177665017509064 0.12647465013144396
0.020314568095380514 0.8425591508808138 0.07100718110053024 0.13027228722765286
0.011090601952947976 0.8440333161347388 0.11923935660567432 0.13228431342905603
0.015498606226786282 0.8508881845654898 0.09508915935251996 0.12374489195274803
0.03471511337636354 0.8475713127441586 0.13862155287069267 0.12826378885146547
0.020767430817224958 0.8455811896513599 0.07223081110443506 0.12511766356992587
0.030459748846618784 0.8479398540576398 0.06967178296529344 0.13037583343045142
0.03399713430842963 0.8441807326601312 0.052367695178112135 0.1312864522549556
0.010505217396649641 0.8480135623203361 0.08263671262269584 0.12082508051479776
0.023464096193695383 0.844696690499005 0.13569869083073977 0.12492196817247009
0.008632192366212266 0.8536890985479473 0.08528350317959367 0.12052921847742898
0.02546670109896415 0.8467605218544999 0.11667341368732805 0.12977396876894548
0.03304501431720619 0.8449178152870936 0.05963316889072637 0.12592715819126335
0.059166781317942035 0.8463919805410186 0.042957873343466124 0.12782711515414089
0.04833066265307756 0.8472764796933736 0.012461797935781262 0.12231052645725438
0.04116254989166382 0.8460234392275374 0.01986141508795672 0.12473734999328003
0.0271171978746772 0.8458023144394486 0.13273469468497387 0.12748672694608565
0.031055055145391752 0.8454337731259675 0.058733783165119104 0.13145939655950212
0.028293305050575868 0.8437384830839537 0.057766123154798135 0.1250456936135383
0.04512827169222158 0.848603228421906 0.02898898559175051 0.11986413016493884
0.0009574039919613142 0.8505196432520086 0.09012367096959575 0.12380782187891529
0.06061589003763565 0.8485295201592098 0.011810693805109344 0.12161367851621273
0.042459889056580435 0.850961892828186 0.04725232138575539 0.11412065592402322
0.35000000000000003
0.02541352290844945 0.8508144763027935 0.07420805806982596 0.12306283437505809
0.02648729869308225 0.8504459349893123 0.06515869013347028 0.12277106146594824
0.02312444949157899 0.8469816466425887 0.05740898110341565 0.12192677586712448
0.038910615080022 0.8472027714306773 0.023030101330219634 0.12809134665097885
0.006731750657868879 0.8479398540576398 0.07720016412620351 0.11881824200023833
0.03895698952020554 0.8473501879560699 0.03712375490833788 0.12383484954051205
0.03793386777258659 0.8472764796933736 0.04817222000293639 0.12889321682767063
0.016505045213260156 0.8474238962187661 0.06372001797620422 0.12440533026337415
0.0066268158204033645 0.8488980614726911 0.09237582741356676 0.12149588026867056
0.016697812222338154 0.8446229822363087 0.07056543849016997 0.1288236461790315
0.028659444531642403 0.8482346871084249 0.07294421052321415 0.12135067989613665
0.05247930011831578 0.8468342301171962 0.03129877853840205 0.1223315670530445
0.055056803491997625 0.8465393970664111 0.01069892164095882 0.12122930176176899
0.03809465403795745 0.8530994324463772 0.03607356530773258 0.1214862567251385
0.010701238103534627 0.8455811896513599 0.08868907886061389 0.1271428430533438
0.020906911974093362 0.8433699417704724 0.07669921191429713 0.13487553558573193
0.003790014079342291 0.8462445640156262 0.10140071142397784 0.13212841275814655
0.003996235743073229 0.8430014004569912 0.09524349629155565 0.12803666135937683
0.01935707878311166 0.8489717697353873 0.06518026622821826 0.12437564930608004
0.005494669883265191 0.8404953195253188 0.11364124808516751 0.13393536184231797
0.0025328443644661858 0.8455811896513599 0.08908069317802657 0.13146883673427628
0.02821510780625064 0.8485295201592098 0.06437292475965986 0.12208912009287604
0.03320145095808638 0.8460971474902337 0.038889674613842906 0.12822060642454863
0.017882933166249476 0.850372226726616 0.0690419184585661 0.12726320190794257
0.004323394167880523 0.8511093093535785 0.10734892736077678 0.1206068411066116
0.03626396670203036 0.8498562688877423 0.038176742889498606 0.12272727410419898
0.012722470699768645 0.8460234392275374 0.11152826690174861 0.1280670256412534
0.017282597450657716 0.8443281491855237 0.11037028273554898 0.12683309336892243
0.023072733883060026 0.842927692194295 0.06997178213684419 0.12967463176551683
0.0005448660724504117 0.8436647748212575 0.09893417696883722 0.13347422873582415
0.011548413010813746 0.8513304341416673 0.09680394697507105 0.12477233437750548
0.015549757039795081 0.8504459349893123 0.11536283451531934 0.1266524179636033
0.026495740802573914 0.8472764796933736 0.06263967698778186 0.12356114819911804
0.032679935085572986 0.8472027714306773 0.07102981084551607 0.13121411448312664
0.019781126033886154 0.8431488169823838 0.07165815723736152 0.13269843926911648
0.015955579276731607 0.8469816466425887 0.07895684687273749 0.12240416398112705
0.008747631944666573 0.8463919805410186 0.10947539532474285 0.12193354269181388
0.04351575956814713 0.8567111373184934 0.04450764063808562 0.11684214777430565
0.007387935011245683 0.8486769366846023 0.09037445877921528 0.1268928348461269
0.03770782508352655 0.8449915235497899 0.05236690208224999 0.1266194032983517
0.035590382828400186 0.8451389400751824 0.05930091133324913 0.1272866515415397
0.04246458195023814 0.8463919805410186 0.023267953702652736 0.12265072007916374
0.0027931120994412195 0.8442544409228274 0.07317645241714744 0.12601996621019895
0.018528989470553786 0.8448441070243974 0.12339423557080348 0.12910783086287445
0.005660437455955125 0.8446229822363087 0.09802363959128516 0.13356381897458947
0.013936810826920054 0.8430751087196875 0.07884103511808156 0.1255550409998024
0.04181340491655988 0.8467605218544999 0.027697615887654327 0.1203821521540582
0.016155396221608193 0.8516989754551485 0.06741861726800037 0.1235934271461055
0.06015310919938496 0.8477924375322473 0.008329566818684679 0.12208675891585678
0.016819470260646036 0.8497088523623498 0.08384851726323542 0.11534176845253749
0.4
0.03147694669280546 0.8471290631679811 0.1472768410883283 0.1311804418288525
0.02743003351709089 0.8507407680400972 0.05973090210517532 0.12161239724216036
0.027870303133645163 0.8469816466425887 0.04998804801862411 0.12174766918930632
0.03600585349057417 0.8476450210068549 0.022540472911461967 0.12753098129545565
0.017189595344229675 0.8472027714306773 0.09253680486339401 0.12084181418934901
0.023026428566021995 0.8457286061767524 0.06397746713794397 0.12780779831797992
0.03164455959648596 0.8460971474902337 0.05118293034266765 0.12940489107160746
0.014061850038396023 0.8474238962187661 0.06580502255183728 0.12398944315002546
0.01283225720923073 0.8488243532099948 0.10340635355983581 0.12181643265324701
0.011782099458893969 0.8449915235497899 0.08011095148856692 0.128346206878303
0.025188548507280778 0.8485295201592098 0.07535453995633067 0.12066177230303358
0.057141869066405726 0.8471290631679811 0.0375703908924543 0.12134288179135093
0.04708407125586914 0.8463919805410186 0.014362906575156785 0.1201373780778787
0.04844723785659799 0.853910223336036 0.018675388110032796 0.121509888710285
0.012968553767304797 0.8449915235497899 0.09266963669082595 0.13006825128867305
0.021196986218874475 0.8426328591435099 0.07143129359097497 0.13660440238684407
0.005251594677918053 0.8446229822363087 0.11659735899925244 0.13326868437652298
0.041255704391508274 0.839979361686445 0.1438882310288047 0.13374599850138186
0.03660957548146393 0.850077393675831 0.04235822555555662 0.12135416960317218
0.002404017236466327 0.840569027788015 0.11361025189396112 0.1336720401165736
0.005152353330752729 0.8461708557529299 0.08638057209958809 0.12991241649048718
0.02803041148911417 0.8497825606250461 0.06335814220442562 0.12103436742348024
0.018980857708761484 0.8443281491855237 0.05539637312154749 0.1329547684967005
0.009609188919213973 0.8502985184639198 0.08822212611849989 0.12605677535222096
0.009504336002504665 0.8511830176162748 0.12333975917272622 0.12170441392232202
0.04523567437263945 0.8505933515147048 0.03130914814757452 0.12124659432401716
0.00316352539276496 0.8470553549052848 0.09750258382809612 0.126601698759805
0.017072499342588893 0.8452126483378787 0.11577929163231214 0.12654799952270676
0.0013568108832803238 0.8418957765165475 0.09707518243823929 0.1333530419904254
0.010533604347209069 0.8428539839315987 0.0821625735898535 0.13534652510626008
0.0005294506357652051 0.8490454779980836 0.111009697635664 0.1282984063983969
0.018615252546267697 0.8489717697353873 0.11932109428797974 0.1275006266064335
0.02505252966108787 0.8464656888037149 0.06630105125885252 0.12382079331514195
0.03130392301987778 0.8463182722783223 0.06425156175418112 0.13339618505056697
0.029202118888201845 0.8434436500331687 0.05691657192377973 0.13242202171914488
0.02458803239348123 0.8471290631679811 0.06513843123212518 0.12223809180033043
0.005019255444305842 0.8458023144394486 0.09396890247785317 0.12007993527814033
0.02970090255502847 0.8544261811749098 0.06570828054667174 0.12116253673178581
0.0191260376592218 0.8467605218544999 0.1036095485668129 0.12924278858499458
0.00048172169247015506 0.8425591508808138 0.09884670599851299 0.13080959285882435
0.01100563193779358 0.841158693889585 0.08133273617722254 0.1309662103628335
0.033448513177157996 0.8452863566005749 0.029141788123935454 0.12467455427657068
0.022878321359334014 0.8443281491855237 0.05083501374646886 0.12521858021251267
0.023864011951628128 0.844696690499005 0.12962530841101855 0.12933455492090157
0.0034283441695321937 0.84381219134665 0.11143391074642137 0.1341934041252562
0.002396262468663979 0.8433699417704724 0.09423786417497353 0.12708051015084673
0.017417388390555705 0.8463919805410186 0.058277065074558265 0.12241174396277008
0.02034118725322398 0.8511093093535785 0.06053136043735355 0.12237690009603679
0.04529111047335055 0.8472764796933736 0.02156465011046302 0.1243341508476952
0.02645265060833185 0.8484558118965136 0.149409520685192 0.11668400296001451
0.45
0.040730966035684685 0.8447703987617012 0.15619837701747716 0.13374961582766895
0.028891519074174782 0.8505196432520086 0.05937093975570687 0.12127044791970493
0.016539952289789855 0.8470553549052848 0.06628512145890444 0.12017047184238926
0.04244725347247513 0.8477187292695512 0.01721826982988555 0.12608784262608577
0.006302494786110502 0.8477924375322473 0.0792771674558253 0.12071597316904775
0.01250202031130826 0.8445492739736125 0.0747602350146303 0.12896675123037335
0.04266033402363423 0.8478661457949436 0.04973873917036771 0.12893110941114044
0.0016284385697430404 0.8470553549052848 0.08757469087702253 0.126246081491821
0.0015822004891715702 0.8488980614726911 0.08194044577884438 0.1234530290913508
0.01565652527623329 0.84381219134665 0.06916361133155963 0.1295651449595068
0.01274547196989867 0.848603228421906 0.09445480578291333 0.12135233205973657
0.05474558528849388 0.8463182722783223 0.02778633349225581 0.12297269728643678
0.050267833026980124 0.8471290631679811 0.018404746545706882 0.12026709680814826
0.047482282650122415 0.8528783076582885 0.020891222141621396 0.12196993673375386
0.010816300789104977 0.8451389400751824 0.088123290444268 0.1304933654348987
0.01741977454638169 0.8426328591435099 0.08210719191376005 0.13684066621530083
0.0077634670493591795 0.8462445640156262 0.09630905126596943 0.13371500351072607
0.03407924498634013 0.8399056534237488 0.1326733302986995 0.13388989567876855
0.04568964838701034 0.8494140193115648 0.025332903901225223 0.12221976580515527
0.010632807944897987 0.8408638608388 0.09964703509473422 0.13423157135801161
0.018493084008207455 0.8452863566005749 0.06545933896291051 0.1315680573496824
0.020983481000004717 0.8494140193115648 0.07663927924709182 0.12204202348805672
0.017729657867999404 0.8442544409228274 0.060435509479708285 0.1323878897276595
0.010076309668259953 0.8501511019385273 0.09095346773513523 0.1268690941688424
0.01963014099283919 0.8502985184639198 0.13720166610879145 0.12287829339363388
0.03382060723451827 0.8494140193115648 0.042224426235153954 0.12346256555059512
0.01121456696091841 0.8474238962187661 0.11355813744730968 0.12825395222814795
0.013059488755193777 0.8437384830839537 0.1051238465127827 0.12708219432670906
0.010778628598277162 0.8389474460086975 0.11635712188934866 0.13827104939487436
0.000351127774802118 0.8447703987617012 0.09798860729570832 0.1325100242860806
0.005769626869105954 0.8505933515147048 0.10425935618370477 0.12625102988968542
0.002203362310255419 0.8511093093535785 0.09054233578193373 0.1254327262406472
0.022403669191320724 0.8460971474902337 0.06833980286132536 0.12417707487867546
0.030806098806927112 0.8463919805410186 0.06845689221969246 0.13372281650895998
0.026375607404981932 0.8439596078720425 0.06246466680513645 0.1319532663350411
0.026074421834196282 0.8456548979140561 0.061091763545535645 0.12467638364811867
0.04996094707996118 0.8486769366846023 0.03489009852578712 0.11643644520370638
0.023707416449341462 0.8544998894376059 0.07487001887161808 0.12172176201050602
0.04934766246636782 0.8451389400751824 0.1485242368664486 0.13155849076550172
0.02785085130750753 0.842927692194295 0.06167185671208153 0.13134443843743582
0.009805110641820075 0.8416746517284588 0.09010863071426081 0.1312176904760347
0.03946389607918191 0.844696690499005 0.016625266063350512 0.12492196817247009
0.0069846504732580805 0.8444018574482199 0.07197803620529926 0.1281217562877762
0.011288937014713535 0.8441807326601312 0.11179399241717042 0.12902778365529247
0.027342434944098132 0.8452126483378787 0.0660429108273277 0.13412855431520632
0.0307401872271795 0.84322252524508 0.04952151617813 0.12580867041760538
0.018527361068151338 0.8461708557529299 0.0554855722165372 0.12218255038351591
0.003034602509080553 0.8499299771504386 0.0968403753357848 0.12600393345857247
0.04082238446228617 0.8479398540576398 0.032283396115171024 0.12364477323454293
0.0027431825505334906 0.848603228421906 0.10937754060692001 0.11735671598388628
0.5
0.02170553223269031 0.8464656888037149 0.1283955728283233 0.1328171276076457
0.016161155717631853 0.8505933515147048 0.0811707921408148 0.12413663390334725
0.01917856192478634 0.8465393970664111 0.11824884648909248 0.12224568416275823
0.03437764725876977 0.8475713127441586 0.02676460086681432 0.12773261475994557
0.017359193095535685 0.8475713127441586 0.0950166627049863 0.12257403738020209
0.008200304460357605 0.844696690499005 0.08238716509209819 0.12992850007622347
0.02673666234936417 0.8467605218544999 0.06168456214325484 0.1301867719495978
0.00037894510602001774 0.8461708557529299 0.09443807628150522 0.126534748509784
0.0034730470727555862 0.8496351440996536 0.07629004328255198 0.12226668036254007
0.014259469807331199 0.8452863566005749 0.07632185003206327 0.12854671653968922
0.00014914424860315578 0.8460234392275374 0.10524055455766604 0.12306610070483276
0.06082308739436382 0.8463182722783223 0.033660613372850416 0.12297269728643677
0.029498633946244746 0.8465393970664111 0.04737908698010354 0.1217675718001186
0.0379577120173365 0.8537628068106434 0.03641908769741957 0.1220852974502722
0.0013629665120398482 0.8452126483378787 0.07784317354080961 0.1310015148793166
0.02219118126877251 0.8428539839315987 0.07613373286772417 0.13759038856121952
0.003564382432964669 0.8460971474902337 0.10800282074709171 0.13400055037439662
0.02967639571486136 0.8402741947372301 0.12474131616814822 0.13251161366481606
0.01585816795320305 0.8480135623203361 0.06827629706548878 0.12379902602675802
0.005222454550919048 0.8410112773641926 0.10451832203623683 0.1357907819227616
0.02345594486473554 0.8459497309648412 0.05797294560492561 0.13216979580575616
0.012302889668105194 0.8496351440996536 0.0881361586934233 0.12445306012006953
0.0032160726605658385 0.8418957765165475 0.07828642301310332 0.13513697228852803
0.012078480732844094 0.8488243532099948 0.08044432403940177 0.1280205036538879
0.02977497146629443 0.8486769366846023 0.1446142821620808 0.12565416407668756
0.029958653457478723 0.8489717697353873 0.05008021865129802 0.12425740702552512
0.009166122681527639 0.8452126483378787 0.10713778933111576 0.13111982740732972
0.02197995363257807 0.8444755657109162 0.12012718349409875 0.12750170880255324
0.0073273578419882635 0.8400530699491413 0.10560907103613343 0.1373029768078774
0.008242987744862401 0.8439596078720425 0.07692244508499885 0.13467484510244612
0.01377920970221641 0.8477924375322473 0.13369315095402742 0.12919136678843848
0.010771092999038223 0.8508144763027935 0.07921350051048853 0.1269962120865817
0.03335917601775393 0.8477924375322473 0.05263743532985019 0.12184856123409864
0.015855952883706947 0.8452126483378787 0.09853468801738592 0.1367696566680286
0.038418984397598444 0.8441807326601312 0.037555823383692524 0.13253104040845412
0.016052907962876284 0.8467605218544999 0.07788350344178827 0.12336897332671498
0.05581764107922901 0.848603228421906 0.028797991406969592 0.11675841487010066
0.040630091871945634 0.8549421390137835 0.04889146331113883 0.12093183601633045
0.054831182418339175 0.8453600648632712 0.15801551351060852 0.13183858678041435
0.03366026908053138 0.8447703987617012 0.05313944008487897 0.1288348326654009
0.0029687778975494017 0.8419694847792437 0.09442352577458726 0.1308227559363853
0.03726513511623766 0.8454337731259675 0.02577238328323455 0.12408980774835947
0.03286869654464589 0.842927692194295 0.12852455042686878 0.1312253142587491
0.005158952016818846 0.8453600648632712 0.10682709337940574 0.12798786326591655
0.01156347836011748 0.8449915235497899 0.08646991031136336 0.13455745337802458
0.0076017653349227665 0.8428539839315987 0.08901488194708944 0.12688543640207212
0.018068642938152663 0.8464656888037149 0.05824489422864139 0.12256766453513371
0.014013648032183579 0.8491928945234761 0.11565870062171545 0.12736761013386116
0.04818669895912811 0.8468342301171962 0.0226036281761018 0.12364335101592044
0.012534157793074319 0.8483821036338174 0.08818449275364826 0.11670664265053973
0.55
0.017909891117552285 0.8466131053291074 0.1252626075304898 0.13311868837934135
0.028979443680268974 0.8500036854131348 0.06320819587145328 0.12202894186177879
0.015200335398661419 0.8473501879560699 0.116252020847881 0.12216788579516742
0.008101080865133559 0.8478661457949436 0.06816675975372712 0.12810635603660328
0.012643573857839097 0.8472027714306773 0.08721549386106224 0.12227432731552366
0.009117870861255928 0.8430014004569912 0.11051137348199147 0.13340066754630084
0.0233157260755181 0.8458023144394486 0.06209685004489217 0.130390276025843
0.0017669776407611137 0.8468342301171962 0.09261309031949493 0.12530912710396014
0.006920514510993014 0.8479398540576398 0.07511637664792306 0.12334784909161783
0.012935094830199112 0.8458760227021449 0.07781039368646822 0.12793752470045983
0.02040722763474631 0.8476450210068549 0.0869306496420763 0.12022509082440379
0.03729692309153354 0.8470553549052848 0.050183654697917135 0.1251186206618161
0.036990959272268115 0.8459497309648412 0.02942580220033291 0.12111414140365419
0.0363408375350687 0.8535416820225548 0.036589928257587445 0.12321096147270748
0.032047816349790564 0.8435910665585612 0.11769959952208198 0.13450486452128452
0.02146722671695958 0.8430014004569912 0.07293781025101116 0.13730373476934307
0.008563590187015302 0.8454337731259675 0.09377794653310746 0.13446412652212866
0.023907560573590808 0.8407164443134075 0.11951224937212297 0.1314689765281769
0.022211357986520658 0.8490454779980836 0.061771833469167245 0.12210149809973278
0.017615981184186114 0.8418220682538513 0.09145044291139258 0.13409183972033378
0.021581696215059343 0.8455074813886637 0.06408204551524352 0.1324967263209169
0.014359268727311775 0.8505196432520086 0.08199791783782402 0.12310077432280755
0.005168347546052859 0.8421169013046362 0.09223154909504189 0.13470638835786242
0.0018394384989952328 0.8490454779980836 0.09933530617173347 0.12900246612391017
0.049921873503042447 0.8474238962187661 0.16972816828935364 0.12653986402611755
0.018918331036303193 0.8499299771504386 0.06618473905292714 0.12435587460161099
0.00856856173404777 0.8461708557529299 0.10494984872492992 0.1321534980522947
0.010842885353427423 0.8427802756689025 0.10326222050705797 0.12786804429376594
0.01241406233365594 0.839979361686445 0.12188619581756031 0.13786324353028429
0.01485842729549211 0.84322252524508 0.06968190682051012 0.1348664628592141
0.0027539475347929665 0.849487727574261 0.1096647498698819 0.1276794931531017
0.003117024565684634 0.8501511019385273 0.10074986217358445 0.12774808759754125
0.023927800238398772 0.8474976044814624 0.06885131388737488 0.12366850314584757
0.019509793037191192 0.8459497309648412 0.08428915800108167 0.13686141037085878
0.026175752598567026 0.8426328591435099 0.058782000069978704 0.1357766873847648
0.003146990548025974 0.8466131053291074 0.09365239164860518 0.1266872874679919
0.06907848437350053 0.8505196432520086 0.02121066214141685 0.11539053428607345
0.030163756937417296 0.8546473059629984 0.06224959427852371 0.12307045947241649
0.04552898824225329 0.8463182722783223 0.14219216953111177 0.13245621997021825
0.010425651475039127 0.8424117343554213 0.08414564803426872 0.1324079900681681
0.013298479345628389 0.841158693889585 0.11252979448103524 0.13353739400045977
0.03913204333349912 0.8459497309648412 0.017849145615471865 0.12434348358941454
0.00574934428098986 0.8425591508808138 0.08634926036411464 0.1321806184037615
0.0023901784058018016 0.8449178152870936 0.09290873005503765 0.12807286550720492
0.0005944757726127903 0.8430014004569912 0.10943337706620682 0.13547384514504854
0.02570477534491525 0.84204319304194 0.05700543454018695 0.1292428604488458
0.011238041845256508 0.8464656888037149 0.06861624233440924 0.1249525460300921
0.004075889455185416 0.8505933515147048 0.10011860580533641 0.12566447482235163
0.04854182270412033 0.8473501879560699 0.016833082528221396 0.12425092869245394
0.01736549430263487 0.8511093093535785 0.0882977131789705 0.11651711514159949
0.6000000000000001
0.019532435951027965 0.8456548979140561 0.12963932403437975 0.1343879095631544
0.03345768955994158 0.8504459349893123 0.06167924269135559 0.12182633155714798
0.01673273881319226 0.8466868135918036 0.1180731241970851 0.12422659893562776
0.013086436102705351 0.8472764796933736 0.058616940839813926 0.12723932318294806
0.008840994568954319 0.8483821036338174 0.08222363355486931 0.12052978177678256
5.178230416560958e-05 0.8441807326601312 0.09750752117670912 0.1329453157096209
0.02334418143243458 0.8466131053291074 0.06409473576116662 0.13041327091259042
0.0013709278401292935 0.8463919805410186 0.08981450535384222 0.12681893367096841
0.01714111327907783 0.8467605218544999 0.10934475177615491 0.12354776615852282
0.011405687688900379 0.8440333161347388 0.08003073353964349 0.1300283142444344
0.00046091420737132127 0.8462445640156262 0.11092946106611831 0.12311550992328249
0.03369459089321675 0.8477187292695512 0.05815652594248366 0.12335960103274982
0.02256668238043233 0.8459497309648412 0.054774944134251595 0.1228502975264058
0.03518339300487436 0.8543524729122135 0.04380997528306192 0.12177116430528767
0.004975099999274063 0.8454337731259675 0.08474781656450336 0.131872762919386
0.01615036916301954 0.8425591508808138 0.08113089489548458 0.13839948062370933
0.0017802898262038735 0.8452126483378787 0.10406981955438546 0.13548009407644807
0.022067892314712095 0.841158693889585 0.11739021411121728 0.1300668655058751
0.02110728592928085 0.8501511019385273 0.05991231297351506 0.12044192210217258
0.0022874700891787614 0.8410112773641926 0.11417297112087679 0.13531477052429172
0.010510961045965328 0.8431488169823838 0.07567939627927939 0.13352920682544892
0.02182128012488671 0.8497088523623498 0.07299199235733218 0.12259781502757222
0.003982521985869986 0.8431488169823838 0.0795797250036283 0.13204487824384495
0.00024138895510500413 0.8480135623203361 0.09672637918473731 0.12988100472187838
0.03750166755422127 0.8498562688877423 0.1554306145091512 0.12449807889219533
0.02566267824976881 0.8490454779980836 0.05800672672260317 0.12547345890065364
0.011043736405177057 0.8460971474902337 0.11046454297202708 0.1311178963094532
0.02071631149756198 0.8412324021522812 0.11629044886134723 0.12920283502078503
0.033983791856123546 0.8372521559666839 0.1462975626445826 0.14087175349987408
0.002129015423070063 0.8412324021522812 0.08735874361083246 0.1383852116258116
0.009906713925534688 0.8505196432520086 0.10330140493019234 0.1255130510223927
0.009756260642546644 0.8479398540576398 0.1059723041817051 0.12843526316413156
0.008551344274773526 0.8495614358369573 0.09170270580666613 0.12252732127582582
0.02650899194701195 0.8442544409228274 0.0717837344469249 0.1365757899683505
0.008911560816494857 0.8426328591435099 0.0829179412473243 0.13684066621530083
0.0056459101327937244 0.8467605218544999 0.10496673869332387 0.1275279471060536
0.07390549637638663 0.8505933515147048 0.016075790384264613 0.11638084361991206
0.04027586702898253 0.8540576398614285 0.053542747215176906 0.12210348240181812
0.014966704409762 0.8474238962187661 0.10034084780412639 0.1306099949025626
0.010398625839879716 0.8440333161347388 0.08867655978242472 0.1318693726842277
0.017875758980311574 0.841158693889585 0.12336409108643584 0.13323895846673922
0.034607384773302136 0.8472764796933736 0.027891144724606548 0.12368013152087004
0.028750507469494813 0.8444018574482199 0.040421484981403216 0.12830050821405853
0.0045407960832579974 0.8449178152870936 0.10021605620215673 0.128964777074657
0.014076529797445586 0.842338026092725 0.1278498445999719 0.13688262014682054
0.016175867328155957 0.8428539839315987 0.07875935272419042 0.12700538649164636
0.01700723012681718 0.8474238962187661 0.061096698315728525 0.12333536558173525
0.0024342770052746543 0.851256725878971 0.09385893665643077 0.12567605855264483
0.026167673472816233 0.8464656888037149 0.04432858937033286 0.12673549070328474
0.002240760328351743 0.8491928945234761 0.11037602522086666 0.11842716503813794
0.65
0.025522281192358692 0.8454337731259675 0.13452615996865155 0.13511005363801137
0.030444838972237348 0.850961892828186 0.05814809065886971 0.12165852674300924
0.023887354941281636 0.8469079383798924 0.12666495253386667 0.12486926168318521
0.01752233133140424 0.8476450210068549 0.05860745901232446 0.1277081114886217
0.009953151297502516 0.8477187292695512 0.08282082104667982 0.12139526204106826
0.015557888653352864 0.8449915235497899 0.07237640680336978 0.13154883196846368
0.0163398481266126 0.8453600648632712 0.07427753724714183 0.13248775281772784
0.008989457328936246 0.8451389400751824 0.10637000106819211 0.12669100578806894
0.0013629718997705265 0.8478661457949436 0.08287098931908882 0.12271775459936424
0.016996168125471195 0.8454337731259675 0.07703550091258715 0.12599986106715763
0.001175387029548336 0.8460971474902337 0.10691926202507149 0.12358030700945088
0.036097818084015826 0.8458023144394486 0.056418453256038344 0.12391292988985239
0.011769479989926779 0.8453600648632712 0.06954713204981333 0.12351509589439957
0.021905661327376258 0.8537628068106434 0.06148262545785801 0.1223774900240687
0.0332670906200318 0.8433699417704724 0.11835034943272144 0.1359386364817765
0.014787995941696275 0.842338026092725 0.08293248797806954 0.13818143501492744
0.003138199383406287 0.8438858996093462 0.10097604181364517 0.13705631365091522
0.02070638074604131 0.8412324021522812 0.11923795575972418 0.13213932016204033
0.0023855969006741085 0.8472764796933736 0.09358067278340891 0.1233826326652652
0.005534062909711285 0.8415272352030663 0.11034031667334429 0.13721878832676243
0.015544092987710117 0.8455811896513599 0.07026195779237945 0.13064162288324366
0.008332890459854525 0.8495614358369573 0.09890489193459168 0.12270484825495948
0.006646310204515754 0.842338026092725 0.07361170099796183 0.13362239868442333
0.006236089793541316 0.8473501879560699 0.10814860435997055 0.130870133032126
0.04306533341865426 0.8489717697353873 0.16677909109717137 0.1257927687630213
0.008907786311355886 0.8490454779980836 0.08094157521320436 0.1275934643209561
0.01556707855760514 0.8448441070243974 0.11563879636742799 0.13360658551368204
0.012316625596512282 0.8449915235497899 0.10863365167639974 0.1265597753359777
0.026809220006572904 0.8379892385936464 0.13666076528901677 0.14097877978815254
0.005274332880117583 0.8445492739736125 0.0899500623444248 0.13547438998055752
0.0015548870527650194 0.8483821036338174 0.114781659639869 0.1293449105718617
0.007121647537366854 0.8480135623203361 0.10033959122462545 0.12941087483180472
0.016260363870869987 0.8474976044814624 0.07935798902969565 0.1230142477005795
0.016268153327499313 0.8453600648632712 0.08787527895230289 0.136308206875295
0.017217784741510506 0.8427065674062062 0.07060018411862735 0.1360473038856909
0.002473841300877855 0.8466868135918036 0.09517430657592796 0.12790750754527874
0.07639861879729448 0.8505196432520086 0.01697351042007359 0.11556945280809865
0.044370032842698 0.854794722488391 0.04489023897347248 0.1217977298750049
0.018800034432297497 0.8468342301171962 0.109287890026408 0.1301030122504411
0.009142503485304293 0.842927692194295 0.08397284645162434 0.13247496440405523
0.006580493432374213 0.8416009434657625 0.10751831960802558 0.13213820258806952
0.0338468626174685 0.8462445640156262 0.026186899088607204 0.1249046753474943
0.007812430151670657 0.8426328591435099 0.08515271684922776 0.130904805247655
0.008481655178302738 0.8457286061767524 0.08254803110953715 0.12840131450901132
0.021461424768821125 0.8412324021522812 0.1337594933334197 0.13879920647420554
0.021009983696509638 0.8431488169823838 0.06286817833677547 0.12697142019202526
0.00817932261057841 0.8457286061767524 0.0767721263585315 0.12459314830095317
0.004192476372064491 0.8505933515147048 0.09067180596302148 0.12765626890319265
0.029884386454899076 0.8474238962187661 0.04166685025054289 0.12760435924864869
0.01588089330024814 0.8494140193115648 0.08210911283808608 0.11889392032913709
0.7000000000000001
0.017720012489957693 0.8463919805410186 0.12533394271634035 0.1340745806735053
0.02356335014519334 0.850961892828186 0.07228658210393785 0.12319095052253812
0.03691340758108949 0.8456548979140561 0.14118698353678327 0.12652397147110858
0.024364823435151395 0.8474976044814624 0.037500916568556 0.12793425352058313
0.007177178219585328 0.8480135623203361 0.07982829429596838 0.12064622211099633
0.0004915979538198112 0.842927692194295 0.09278742725536333 0.13318789175412404
0.011727607881765245 0.8468342301171962 0.08448502117019965 0.1315159347754347
0.007510349011890433 0.8454337731259675 0.10120822983087278 0.12659561569834157
0.001876744419858356 0.8491191862607799 0.08703100686719706 0.12219636974783786
0.007702641477387945 0.8444755657109162 0.08549284395849366 0.12928829967935243
0.002566432803485119 0.8456548979140561 0.09969447515494562 0.12491507469784019
0.03963515097846573 0.8474976044814624 0.049568843625969645 0.12461896922241371
0.01426247916248427 0.8463182722783223 0.06692964687659547 0.12261429373085571
0.020175183651031048 0.8546473059629984 0.06519287479162794 0.12190558752388997
0.01310426058613004 0.8440333161347388 0.09141034285664497 0.13464971303458084
0.0159520316960598 0.8431488169823838 0.0846958469912219 0.13589626954945355
0.0074229371047258574 0.8436647748212575 0.0952275017550811 0.13701539496632734
0.026410521145592752 0.8412324021522812 0.1293031835188295 0.13261748074127688
0.002917955259257504 0.8488243532099948 0.08954919028345991 0.12312150340791406
0.019663466599020046 0.8410849856268888 0.08699060236386585 0.1349924689858334
0.010727944894943803 0.8441807326601312 0.0703573279474614 0.13442242527596532
0.022817112775833343 0.8508144763027935 0.07260450701078199 0.12229659036146381
0.0035342154946853277 0.8428539839315987 0.08911708071013985 0.13190458166829783
0.012552225665459465 0.8472764796933736 0.11614785088452423 0.13071883484612226
0.04479231403019568 0.8480135623203361 0.1662318693532085 0.12687728998208847
0.00897911151150102 0.8466131053291074 0.07530493701088425 0.13064904449577505
0.02816997248165637 0.8440333161347388 0.13667302892029123 0.13682881283722384
0.03374284994209767 0.8427065674062062 0.1401838474327534 0.13052271747412203
0.02180273929694032 0.8396108203729639 0.13087939272095947 0.13971138810895384
0.003029312531187184 0.8441807326601312 0.08805990398582154 0.13630741779650102
0.011396860558787136 0.8494140193115648 0.09852703922487964 0.1270582944232933
0.009151542496369708 0.8495614358369573 0.1064200672246005 0.13046392801568077
0.007189053038879428 0.8465393970664111 0.09150491738442774 0.12457166319095112
0.01784507286002257 0.8454337731259675 0.08801357175035165 0.13844436083345088
0.02214888505835108 0.8421169013046362 0.0645123444785263 0.1354184663452543
0.001584609007282134 0.8468342301171962 0.10436755750437603 0.12774041978899636
0.07269605543293206 0.8507407680400972 0.028387850194015386 0.11544135195534018
0.04733008863729729 0.854205056386821 0.03896654139998659 0.12345327216117159
0.01676707212904166 0.8476450210068549 0.10439934132277015 0.13065233344671834
0.007178154536501252 0.8407901525761038 0.11221531809972445 0.13520997810344854
0.008380006420471403 0.8409375691014963 0.10532617463388956 0.13367007679146503
0.034543816456147874 0.8470553549052848 0.021333566353658073 0.12428657617950582
0.0036312920515452207 0.8425591508808138 0.08462788125160803 0.13122718129204552
0.004506842594201171 0.8449915235497899 0.0913093401184755 0.129237523558427
0.014781867029067725 0.8413061104149775 0.11955696644204537 0.1395416747250162
0.019380905632592954 0.8407901525761038 0.06617475429680879 0.1290432492719425
0.017722095797799486 0.8466131053291074 0.05686552697465367 0.12323709708489958
0.010492235293267343 0.8507407680400972 0.07811013129435732 0.12748914463997713
0.031561961160381985 0.8456548979140561 0.03527886807682936 0.1276537446218193
0.013593572782269442 0.8496351440996536 0.09207750241646487 0.11781191288957236
0.75
0.012420379968793499 0.8455811896513599 0.11864644300533198 0.1350003263654833
0.019172051437893856 0.8505196432520086 0.07814922100973101 0.12357223159060624
0.04001527503572208 0.84381219134665 0.1481176754558105 0.12831306793253297
0.01099118665616039 0.8471290631679811 0.06622967743759084 0.12970911690286333
0.0064735958212717715 0.8482346871084249 0.07647287532848313 0.12045718566017247
0.0007417826202914535 0.8427802756689025 0.09295667243410223 0.13400879373567195
0.013824043940465464 0.8456548979140561 0.07743851430930326 0.13250560656510213
0.015876604404682748 0.8465393970664111 0.11331083156682362 0.12469072452395547
0.0012693726805944605 0.8482346871084249 0.08679867458282828 0.12325279985359146
0.008294836161729213 0.8455074813886637 0.0850511205520371 0.1296007962123976
0.0047224845601552545 0.8461708557529299 0.09883427732138089 0.12421315940010488
0.028653986710576507 0.8454337731259675 0.06836667581965544 0.1248664282245711
0.012348400840080653 0.8456548979140561 0.0695912453366443 0.1250940366057817
0.02902006135647589 0.8550158472764797 0.050057672251137005 0.12131540642008788
0.004551418864472856 0.8459497309648412 0.08594817449703812 0.13240534801611845
0.006996798696498802 0.8410112773641926 0.09322750184823664 0.139939079522418
0.006037864829259665 0.8452126483378787 0.09840817355237942 0.13612527311534844
0.02799141043759487 0.8393159873221788 0.13044947856251893 0.13414283249970824
0.002218358815105348 0.8484558118965136 0.09475728677310155 0.12288473531132374
0.00867149760863023 0.8403479029999263 0.1049536771407582 0.13892528596397483
0.013056192646292097 0.8452126483378787 0.07610541646165479 0.13371654701808722
0.011906834242760456 0.8488980614726911 0.08457617756629154 0.12428151284176371
0.007100105795652678 0.8439596078720425 0.07761600403185318 0.13100365381322712
0.0027014624992924285 0.8469816466425887 0.09189629805723987 0.13087768144780457
0.036235456125337906 0.8502248102012235 0.15412502825636865 0.12484720214674772
0.011166279689516917 0.8456548979140561 0.07260380723747559 0.13103062796945908
0.028710605288227553 0.842338026092725 0.12943643727591914 0.13676439371425234
0.030546259638421613 0.8421169013046362 0.1266929800878034 0.13113321616310886
0.021270081892401066 0.8384314881698238 0.12739068390432107 0.14165949204352105
0.002943842445717104 0.8442544409228274 0.09272280687161923 0.13628191178044646
0.00034948209898361116 0.8496351440996536 0.11267449405166118 0.1283918573170688
0.0022984078671933472 0.8490454779980836 0.09052193741740772 0.12935416146541362
0.004186647026226509 0.8460971474902337 0.10748431005473824 0.12572615507393667
0.003661685975552248 0.8449915235497899 0.11203356198854289 0.13836787129372594
0.022973939515035957 0.8427065674062062 0.06488418979447726 0.13640193094552544
0.00013960096218648688 0.8463919805410186 0.10050381707558759 0.1278863683923389
0.07691443722920643 0.8497825606250461 0.020076401696694453 0.115916642203007
0.04419292042121645 0.8545735977003022 0.05040632662342741 0.12222186383616035
0.0031761587240626554 0.8472027714306773 0.0753878639646505 0.1305085717358967
0.012949882258468076 0.8422643178300288 0.08123833262866595 0.13400360647458973
0.007616762862426046 0.8416009434657625 0.10659205728287306 0.13207847460093947
0.03053356118813194 0.8464656888037149 0.035853008713166434 0.12483350632377684
0.01088416010947657 0.8442544409228274 0.07026474817406733 0.12924179842837946
0.004967745105544735 0.844696690499005 0.10222702339850243 0.12927512877504196
0.009459897658859018 0.8421906095673325 0.11748916166672065 0.1382913885651432
0.019440553617446482 0.8424117343554213 0.0726907489359897 0.1284654232432769
0.01873665179031711 0.8467605218544999 0.05804037140501712 0.12408385502432256
0.0014450273037434624 0.8491191862607799 0.08951362145366289 0.12821479749835715
0.017310579281026084 0.8458760227021449 0.0617993886049392 0.13024739792761653
0.015334869258259304 0.8499299771504386 0.08837034811201269 0.11634861813265504
0.8
0.015855348263339425 0.8462445640156262 0.12088615826047495 0.13482869785654247
0.0009278956029699914 0.8497088523623498 0.0972663437360213 0.12648931649453607
0.02240666713526976 0.8463182722783223 0.12116357835019254 0.1262490974929826
0.0061065679607471834 0.8473501879560699 0.074249613847716 0.1299879510902716
0.0018523645880624273 0.8472764796933736 0.07365774785824267 0.1214754813832544
0.016171974241531745 0.8410112773641926 0.11526875070507878 0.13668226321413623
0.016768701373031658 0.8469079383798924 0.07398817172719536 0.13119683241023752
0.018550802510181097 0.8454337731259675 0.11959064965914142 0.12599986106715763
0.0050663691421524715 0.8482346871084249 0.08974392970651657 0.12289657387247335
0.001823697634699445 0.8441807326601312 0.09591867963284852 0.1306928751715418
0.00045015582248253416 0.8443281491855237 0.10623266568131695 0.12808609802730953
0.03809716262583926 0.8466868135918036 0.05106603649065285 0.12595099532614096
0.005783849417761167 0.8447703987617012 0.08082588848752727 0.12537692785387097
0.02248563788641436 0.855679221640746 0.06690170977847437 0.12016052424204898
0.021196533963455805 0.8433699417704724 0.10599678209678351 0.13623358066077726
0.007552964310745841 0.8412324021522812 0.11515271552090799 0.14009828362810356
0.02003481355057471 0.8446229822363087 0.07757657610602435 0.13597800131465074
0.024045898659271092 0.8401267782118376 0.12489155742342628 0.13584849134651178
0.0015372461149425198 0.8498562688877423 0.09836083631430513 0.12225420018712325
0.010905567254594378 0.8407901525761038 0.10566336163549937 0.1367569766656482
0.012354080433776116 0.844696690499005 0.07123894177922938 0.13283032930079514
0.02200597644202315 0.8506670597774011 0.0739872473757791 0.12204968988763942
0.002226909853591308 0.8422643178300288 0.08216207299900724 0.1324567169816808
0.00017454492090493434 0.8488243532099948 0.09730539903790833 0.13060084253839352
0.014283528324199296 0.8504459349893123 0.12488688602892317 0.12283005909146394
0.00961004751794281 0.8477924375322473 0.0798332992653296 0.12913250773517276
0.013120414089945548 0.8445492739736125 0.11177250520292048 0.134060843054439
0.03402650517520403 0.8426328591435099 0.1350323844940586 0.1313222354700293
0.026187786367943777 0.8387263212206089 0.13974119856339456 0.14167653613187692
0.005507945009819659 0.8439596078720425 0.08657007849398912 0.13561841777722822
0.004612833079182144 0.8493403110488685 0.11045754656547721 0.12942925243177206
0.019915912311632256 0.8472764796933736 0.1211742063838808 0.13242128799671515
0.013180914355288176 0.8460234392275374 0.09130110987699468 0.12431992883642035
0.0035063568392348643 0.8450652318124862 0.10939107653415901 0.1385752843281345
0.016552768668584267 0.84204319304194 0.07144907157474062 0.13804721749546867
0.01011973343788708 0.8477924375322473 0.11753650643575594 0.12789507520706014
0.06959723510657581 0.8502985184639198 0.02572161626123639 0.11599575924956819
0.0534194684053739 0.855089555539176 0.041861652184245424 0.12175675028024925
0.0022102886353553564 0.8477187292695512 0.08596798988326929 0.129922158994914
0.0009170486183428805 0.8409375691014963 0.10118445324028447 0.13593448830322655
0.02107303798274307 0.8408638608388 0.12049753469997444 0.13309698428737443
0.03401833038152885 0.8468342301171962 0.02302258839742769 0.12441727876799319
0.008577306420344405 0.842927692194295 0.0971713146735231 0.1300924980583331
0.004796965496630057 0.8455811896513599 0.10398118274850955 0.12856850065702327
0.009390841498638114 0.8416746517284588 0.11952368880309804 0.14029750958377168
0.016027689637641784 0.8419694847792437 0.07707689492127026 0.1291467044792712
0.018346561869412165 0.8466131053291074 0.06404169008068875 0.12323709708489956
0.0005024394716954816 0.8490454779980836 0.0908010728968776 0.12859187251420479
0.031939577631403954 0.8454337731259675 0.03677418970437852 0.12790432319044126
0.009222695156829996 0.8507407680400972 0.10385700939370021 0.11746503698403479
0.8500000000000001
0.01320100232370236 0.8470553549052848 0.12346014148185863 0.13267324674099895
0.00893578793597985 0.8502985184639198 0.08771917175068296 0.12599807098911897
0.029059984849687526 0.8464656888037149 0.13678414673669104 0.1257257691139177
0.004785383048273639 0.8454337731259675 0.09100421892761838 0.13287540347838883
0.00751938028990784 0.8475713127441586 0.0792531630763364 0.12108403255095143
0.012279619099522188 0.8404953195253188 0.10724083217915494 0.13780715915196975
0.019227190266811467 0.844696690499005 0.06667184220073027 0.13324369493898858
0.00220834144910792 0.8469816466425887 0.0948382004992524 0.12300042549588679
0.000271944879668945 0.8502248102012235 0.08609598717802855 0.12065529085962091
0.00796869995875868 0.8441070243974349 0.1052072186860822 0.13095481199046352
0.015659342572509283 0.8474976044814624 0.08583887625447127 0.12491570001966094
0.02411890778233844 0.8452126483378787 0.07224965241616046 0.12702456023059375
0.009613171080780858 0.8445492739736125 0.07175521220587774 0.12574641658506247
0.014533772670691059 0.8531731407090735 0.07423335609118456 0.12304263355599718
0.023043208397761167 0.842927692194295 0.10464806087510921 0.13656239810886076
0.004611277714583334 0.84145352694037 0.11058160469560191 0.1401980818863382
0.02466216369159449 0.844696690499005 0.07118391366420737 0.13559991477498962
0.022677675638918787 0.839979361686445 0.12181505347234789 0.13547984579617212
0.0035203130597910304 0.8487506449472986 0.08882092964203236 0.12296752715632961
0.01953132543435912 0.839979361686445 0.08528196404282208 0.13756584584928674
0.005248826413012914 0.842338026092725 0.08221725218398387 0.13552150823381792
0.009526750823473512 0.8491928945234761 0.08977784016329515 0.1238303689098227
0.013481769394272425 0.8437384830839537 0.06636404034897056 0.13149272184109956
0.005885749231756832 0.8486769366846023 0.10351528292865374 0.1304172861748937
0.016741656896335416 0.8499299771504386 0.12623312713366225 0.1244737453337782
0.00654780053040932 0.8459497309648412 0.08251304402930092 0.13305260172878647
0.03704624142790908 0.8421169013046362 0.1386792473977816 0.13743120747943366
0.038315651215264895 0.8410112773641926 0.14237112754386966 0.13292905964631987
0.022719410707545268 0.8385051964325201 0.13235436358009467 0.14293839992174692
0.0018482047619701458 0.8425591508808138 0.09836389039984401 0.13834057910291084
0.0016375885824528869 0.8498562688877423 0.11238831419188267 0.12778948310533783
0.021623416793831535 0.8478661457949436 0.12145003086471125 0.13256906084210524
0.009600351695441628 0.8460971474902337 0.08157794772226717 0.12405776385957316
0.008289224393776468 0.8440333161347388 0.10174960609314104 0.13981775508105743
0.013790027095166524 0.8428539839315987 0.07801999633441264 0.13499140457198006
0.014330078858062367 0.8465393970664111 0.11836279559157098 0.13026116435034094
0.05728890097352399 0.8502985184639198 0.03847659719002388 0.11712789679539774
0.04786631753617451 0.8544998894376059 0.04829107059365717 0.12224668261131681
0.0006150579499981379 0.8465393970664111 0.08669232613977332 0.1324981755562606
0.004805504296984842 0.8410112773641926 0.10382858566635775 0.13680102392874458
0.01743848124238348 0.840569027788015 0.12011050008985649 0.13415000951663092
0.03274340493351413 0.8458023144394486 0.025778021776326543 0.1258214073069058
0.008356163758695384 0.842927692194295 0.09865792863785236 0.12871848800612984
0.002877535193849562 0.8449915235497899 0.10398932482211329 0.13006825128867305
0.020118700505512316 0.8406427360507113 0.12723003874760794 0.1420724070808887
0.016865522500569746 0.8428539839315987 0.07657505140219331 0.1267654652369173
0.00744268554932026 0.8455811896513599 0.07696807054214895 0.12452082706430266
0.0010556062226064755 0.8489717697353873 0.09141984465347582 0.1290861471104896
0.0027127067569175656 0.8430014004569912 0.08349453518377427 0.1347046815138724
0.004558074164965981 0.8498562688877423 0.10602108881144767 0.11821903165951143
0.9
0.014804462722580847 0.8476450210068549 0.13160035524040242 0.13363938878078852
0.023986356802405545 0.851256725878971 0.06725042655570046 0.12138549394431108
0.018597440625269773 0.8454337731259675 0.11827848581223016 0.12766657820134772
0.01279155437544005 0.8473501879560699 0.05734456145396104 0.12934014171179642
0.01246363533577119 0.8481609788457286 0.08859790150355298 0.12065927748052023
0.014971452945558239 0.8413798186776738 0.11304064225298818 0.13578575588166683
0.009221288814590306 0.8445492739736125 0.0830477071502666 0.13364787667321784
0.020082612988373744 0.8454337731259675 0.11954992562202243 0.1269528038116476
0.0045884525967110346 0.8491928945234761 0.08139561130244102 0.1219947368859384
0.0014508995622457 0.8449915235497899 0.10057329651164701 0.12953434244406448
0.010014717113403016 0.8462445640156262 0.09692143470469711 0.1248451143859609
0.02531357796485076 0.844696690499005 0.0721266875403867 0.12677413970293608
0.003080727560397817 0.8448441070243974 0.09728447730721862 0.12577163722117374
0.023285877420720108 0.8526571828701998 0.06239710579828108 0.12292251286185385
0.0313111157087789 0.8400530699491413 0.12039695494741076 0.14092137988150905
0.002692738879013057 0.84322252524508 0.09933634437391034 0.137639424613838
0.019418536744367138 0.8452863566005749 0.08225397108909208 0.1342209082836724
0.046474291807162005 0.8383577799071276 0.1506450588572022 0.1376326274130682
0.004809620532273462 0.8493403110488685 0.10197763688093155 0.12395949324568475
0.010757832072560036 0.8416746517284588 0.10077346430441722 0.13764195860561634
0.017837205196450046 0.8447703987617012 0.06711464784968871 0.13239182681103864
0.0033942184946133824 0.8481609788457286 0.10836535355278559 0.12523262115747166
0.0012788253110137537 0.8421169013046362 0.08399695085287918 0.13458762404572272
0.00652218040699909 0.8473501879560699 0.08473821609793038 0.13210283213112828
0.022859411712177785 0.8492666027861723 0.1368744898634557 0.12516445566137258
0.00804604361276165 0.8447703987617012 0.10250987856042099 0.1355156741330135
0.037728917788660055 0.8422643178300288 0.14049109197322637 0.1388552955267293
0.0243436712844195 0.8418957765165475 0.1193632990082085 0.13150412131485162
0.03246319260718916 0.8368099063905063 0.15021952513239678 0.14507018124513557
0.000868159989745404 0.8424117343554213 0.10097014900541793 0.1376840930390757
0.0024356963214127447 0.8485295201592098 0.10670598843961134 0.12952970391461321
0.016244777674903843 0.8488243532099948 0.11680071578899939 0.1300154634870318
0.008950745899162449 0.8466868135918036 0.08277991754659791 0.12571342380781883
0.019366527419198004 0.8451389400751824 0.08930144743372587 0.13562302662782294
0.003417258110232607 0.839979361686445 0.10790800358221167 0.14094694230638813
0.0040735952753404026 0.8480135623203361 0.10716290371971005 0.1279392057652749
0.0569557737898482 0.850077393675831 0.03778890552348025 0.11969441779768825
0.04913840690131177 0.8535416820225548 0.04536508963248504 0.12332770751469325
0.0030069990266254343 0.8476450210068549 0.09365345730060362 0.13147396132984043
0.007831008202029616 0.8416009434657625 0.11208049367321697 0.13612671232975743
0.0301996802231225 0.8403479029999263 0.13830378397143733 0.13517836245810314
0.029347297999620853 0.8470553549052848 0.030466785541503713 0.12672019227164028
0.020818930322727802 0.8425591508808138 0.1122998662946451 0.12901682161495975
0.0009529520580414952 0.8459497309648412 0.09828255419895864 0.12933555818985495
0.018557173059338294 0.8421169013046362 0.1290933829552061 0.1392010789539469
0.014113431972371693 0.8422643178300288 0.08009456162078632 0.1300094816112141
0.009167090127111782 0.8474238962187661 0.07794625904849556 0.12410829548083362
0.0009645410446025016 0.848603228421906 0.09447577594852768 0.12791840244763475
0.015763154394831336 0.8452126483378787 0.057933514710134366 0.13017266086108942
0.0020330827669951534 0.8495614358369573 0.11785163431641284 0.11771574591806346
0.9500000000000001
0.006233620151691377 0.8491191862607799 0.1178765585987209 0.13195895383569226
0.01693390593177868 0.8486769366846023 0.07976549398864599 0.125063419945961
0.026525385504003574 0.8461708557529299 0.13028326161524031 0.12819630047845063
0.012005173673418496 0.8446229822363087 0.10406702733265408 0.13533134325459398
0.01831058955968451 0.8476450210068549 0.09675375726364588 0.12177624992257408
0.022129254508466617 0.84145352694037 0.12559819269757583 0.13611719734878105
0.02014221205201694 0.8455811896513599 0.06908770926581591 0.13164594262069618
0.00895632258021184 0.8466868135918036 0.10587398646061909 0.12660385425725035
0.0006581751177330564 0.8482346871084249 0.08541829348636268 0.12408322399087872
0.008354507342355821 0.8445492739736125 0.0833714586440176 0.12985839442188585
0.006574757025671729 0.8466131053291074 0.10067084017605102 0.12555909158577475
0.018600551996844933 0.8435173582958649 0.07684770219436926 0.12679391894510877
0.003542587380560014 0.8449915235497899 0.0929516968801905 0.12560498834230327
0.019616037330654645 0.8544261811749098 0.06864267471197705 0.12349462134546539
0.02091463945815275 0.8427802756689025 0.10362986847813775 0.13466095089169056
0.0004427712969300446 0.8418957765165475 0.10441375505086926 0.14004359042940398
0.025660755757364484 0.8448441070243974 0.06752504091270192 0.1347257682468135
0.028102217874540786 0.8382840716444313 0.13004349661914133 0.13645983749840046
0.006960898391321718 0.8491191862607799 0.10351045278745719 0.12485897062244981
0.007519444243726886 0.8402741947372301 0.10328385354919246 0.14001675874976025
0.0026995885319430757 0.842927692194295 0.08430112859306792 0.1340185566615034
5.404864088456862e-05 0.8501511019385273 0.10736627206332677 0.12428288262378182
0.0028932955863227305 0.8421906095673325 0.07794948101230934 0.13545285318885206
2.6265119467377973e-05 0.8477187292695512 0.09892843725478485 0.13103813013044707
0.02286704902012887 0.8489717697353873 0.13566072068479282 0.12390254428496533
0.011407663297229254 0.8449915235497899 0.10621905400991813 0.1341454640478678
0.0169894978190617 0.842927692194295 0.11311884206084577 0.13573543056171186
0.0479984851060494 0.841748359991155 0.15804021302971977 0.1327462400776593
0.01774143817142873 0.83909486253409 0.12931973510001513 0.1403629612591948
0.01265740092199652 0.8413798186776738 0.11370233849633882 0.14016485691620642
0.010026052545629938 0.8478661457949436 0.1245795447622223 0.1303421996182649
0.013404278578895784 0.8483821036338174 0.10909914399989998 0.13022511393230815
0.007078267212769579 0.8452863566005749 0.1075028025051098 0.12586845575066255
0.020431881212258418 0.8455811896513599 0.08639183795347098 0.13429584809365847
0.0037728787619019932 0.8403479029999263 0.10163258474603473 0.1427060904481336
0.01907023086542528 0.8460971474902337 0.12970802215976193 0.13117687497203173
0.05608532463239607 0.8485295201592098 0.0395623287170794 0.11881365275003881
0.054371574368575926 0.8559740546915309 0.04137561000109653 0.1205858368297868
0.016426413103696386 0.8455074813886637 0.10597610062486225 0.1323198429374581
0.012298760421162402 0.8402004864745338 0.11691961327351151 0.13850108027544894
0.02441934138073973 0.8406427360507113 0.13436572353677306 0.13484178590725676
0.01968676092257768 0.8457286061767524 0.047365273864891866 0.12828265705533337
0.005324164671000109 0.8424854426181175 0.07869578359183102 0.1288011273959541
0.00835173017410687 0.8457286061767524 0.08869043500387921 0.13017838781047097
0.025257965236571533 0.842338026092725 0.14277162628461218 0.1402999938531227
0.02176813982434303 0.8426328591435099 0.06957591405127667 0.1274955909043204
0.007876318250776948 0.8463182722783223 0.07848079666279768 0.1266649037099062
0.012177392798533221 0.8485295201592098 0.11352792150512657 0.13058490925466595
0.014156277780499937 0.8447703987617012 0.0636470006280852 0.13061597620693752
0.002520895193604822 0.8499299771504386 0.11622244236554968 0.11890960111206766
1.0
0.0097851184637536 0.8479398540576398 0.11839083597830243 0.1308452617882621
0.008753096687743683 0.8488980614726911 0.09266091679535185 0.12481352428243737
0.0273903413060895 0.8463182722783223 0.1262853539995845 0.12796991747738853
0.0014612095889534327 0.8452863566005749 0.08621148281277587 0.13369134760519882
0.020382980239288168 0.8463919805410186 0.097263348927322 0.12318811036441209
0.012977233150826328 0.8422643178300288 0.10672141965674478 0.13590192474508317
0.018931533264537004 0.8468342301171962 0.07033990102881343 0.13280796362698055
0.002049608092042965 0.8469816466425887 0.09636983906539615 0.12526131591736694
0.008162394645270521 0.8481609788457286 0.09207474105870042 0.1238106441850562
0.005556376166038546 0.8440333161347388 0.1083602914578812 0.1303850839425398
0.0006724660164495189 0.8467605218544999 0.10674237623307799 0.12456001095488725
0.027401260637084562 0.8442544409228274 0.06702469010600104 0.1272151024909815
0.0027038208682908793 0.8445492739736125 0.08147162487201953 0.12706033857337365
0.010750329386548102 0.8545735977003022 0.08214716552909491 0.12309546064088628
0.01614956515742172 0.8424117343554213 0.10085914984846625 0.1362661176116983
0.007282723812660735 0.83968452863566 0.11640852549863079 0.14223147455805446
0.018037629419034723 0.8447703987617012 0.08023761094127896 0.137393071637189
0.02517392475923924 0.83968452863566 0.12427287963985886 0.13462094438432712
0.0036243615038267785 0.8490454779980836 0.09687483451364974 0.12541446094935682
0.004903729155127934 0.8385789046952163 0.10797602858122204 0.14154937254545769
0.016133706994993807 0.8455074813886637 0.06749170738340415 0.13178886082482763
0.0021637532822347816 0.8498562688877423 0.10504261274423704 0.12461594892602655
0.0013747045896884136 0.8424117343554213 0.08949098810439375 0.1345479447856596
0.0027959613418205576 0.8485295201592098 0.09348386797040945 0.13035059499946314
0.04280634281588719 0.8473501879560699 0.167008104634275 0.12963469169749553
0.001982849761352601 0.8464656888037149 0.094813061324302 0.13217070848127901
0.02580865409234448 0.8444018574482199 0.12785203631121406 0.1368182231070737
0.02543622702080428 0.8442544409228274 0.12908285875242154 0.13037152442854008
0.020937783494854423 0.8393159873221788 0.130797524336258 0.14004974214023264
0.009438058222203893 0.8434436500331687 0.1090912355769202 0.1364440527005683
0.0046008590057319 0.8477187292695512 0.11891999607361382 0.1292161876244768
0.023707557715079042 0.8464656888037149 0.12431132594870352 0.135395043940502
0.0104823214013548 0.8466868135918036 0.08412914651774503 0.12249764972764797
0.007841332262310569 0.8451389400751824 0.11259907322789375 0.13661976777808152
0.0013075785924367422 0.8388000294833051 0.09295843243450862 0.14040446931240028
0.01269749594003522 0.8466131053291074 0.12035682314766627 0.12964633754104962
0.04988475167852027 0.850077393675831 0.04451213153209641 0.11755434607465873
0.044736993562697225 0.8549421390137835 0.04742721137456481 0.12418982396299295
0.007116891028400046 0.8469079383798924 0.09707543718774875 0.13219582094661975
0.004680949388231687 0.8412324021522812 0.10872715734914777 0.13702276815741588
0.018037472934507193 0.84145352694037 0.12210672883314827 0.13391678133546706
0.02888538024215609 0.8463182722783223 0.03162434635787351 0.12678365492175736
0.005485460143687976 0.84381219134665 0.07661717276292329 0.1295055783296892
0.008854821505863919 0.8448441070243974 0.10921242325054313 0.13224878119595618
0.027320890837738393 0.8404953195253188 0.14335967716123887 0.14218314231222665
0.02950673176375715 0.8402004864745338 0.04912445242363233 0.12904968489462537
0.012540550940450423 0.8461708557529299 0.06886999049053133 0.12558331063917663
0.019531447976984362 0.8477924375322473 0.11995773607339885 0.131130265022219
0.014003635235181972 0.84381219134665 0.06414796619445878 0.13401606794935533
0.014313002809085928 0.8497825606250461 0.13656120998913984 0.12032258565922672
