0.05
0.2714090287277702 0.7466666666666667 0.3376923076923076 0.10174819679013387
0.2477793844247056 0.79 0.23773910205197848 0.14103222332820609
0.07025117739403453 0.7666666666666667 0.0820562757473135 0.15860908973270918
0.037698412698412676 0.7433333333333333 0.049935098488283675 0.1762917450690387
0.27633378932968544 0.74 0.3106469002695417 0.11539970206385737
0.019105428130752777 0.7166666666666667 0.09390866181910962 0.16791228569095337
0.07215209599501315 0.7433333333333333 0.08251858975351756 0.15041961236451942
0.12114065180102918 0.7366666666666667 0.1518186650893422 0.16457877871617943
0.23487039276512967 0.7633333333333333 0.2459368940595805 0.13100035654648104
0.13296568627450978 0.7166666666666667 0.11267533359853579 0.2215399703145546
0.03280906477253509 0.7366666666666667 0.031509826152683246 0.14827505263520238
0.1578947368421053 0.76 0.12300653594771241 0.17895134209968805
0.27182539682539686 0.7666666666666667 0.28582621082621085 0.10221555994381565
0.3431510051425899 0.74 0.3722498350107243 0.1380118011981876
0.40384615384615385 0.7933333333333333 0.3854947559215852 0.12215759614462236
0.27793259372206736 0.7466666666666667 0.3110160359438925 0.10812778234819698
0.2210548885077187 0.7433333333333333 0.2524708521877848 0.2084973301355402
0.07673627974745023 0.73 0.1444031663890954 0.20853025289684582
0.17352875363616027 0.71 0.25583336910568033 0.24665071915474565
0.24986317727250118 0.7366666666666667 0.2531448703323703 0.1580537563786151
0.07619141491301562 0.72 0.08804929040480278 0.19074174048714376
0.1144266917293233 0.8 0.18755383511074653 0.12372728246473864
0.10831089982244113 0.7366666666666667 0.03895287102834277 0.1547927806961279
0.016518622409225525 0.75 0.020526925303995358 0.15886955752232426
0.035953177257525115 0.7766666666666666 0.08615288220551381 0.1501826811573803
0.06763285024154597 0.7433333333333333 0.07135299184768129 0.16012124057753024
0.10251322751322745 0.76 0.12311827956989246 0.11577794784282794
0.06392811296534018 0.7933333333333333 0.04004091460193307 0.12819919975867375
0.22417582417582416 0.7166666666666667 0.28267098977768595 0.18465310039641414
0.1253968253968254 0.75 0.20409041702228284 0.1684835968157287
0.16643291257597015 0.74 0.16490277417682137 0.14773780290891209
0.17630654823383596 0.77 0.12187474361387401 0.13604908397988666
0.07499999999999996 0.7333333333333333 0.09127223442317389 0.15861661972041166
0.16950752318027873 0.7 0.19566803899637483 0.21824475890607525
0.19990414825070557 0.6933333333333334 0.2272832075964082 0.20564335658469887
0.21560846560846558 0.7533333333333333 0.2081548965740142 0.1104184851575428
0.019717124980282774 0.73 0.11542680603190153 0.16574489105737336
0.17778649921507061 0.7566666666666667 0.18910336498417457 0.1353190305686614
0.0008576329331047017 0.77 0.04683928834466608 0.16718481172599647
0.13273411371237465 0.7633333333333333 0.12814777423450083 0.15618933976208743
0.1958398744113029 0.7733333333333333 0.1989316239316239 0.13540244672857035
0.10751016503228894 0.71 0.11312522818546916 0.17228545402256187
0.19270015698587128 0.7566666666666667 0.23080637157485515 0.19235482586992533
0.10269576379974321 0.7166666666666667 0.1499560328175829 0.21483983969752643
0.32613562863824075 0.72 0.3879410841332059 0.1112256693014064
0.18259118371000227 0.7666666666666667 0.18770999115826698 0.09909035663891748
0.08181292391818706 0.69 0.09391617555277657 0.2826718288286687
0.2952111537684381 0.7633333333333333 0.2550934376358105 0.13415013754657634
0.14214046822742465 0.7233333333333334 0.1606166892044174 0.1701739465242101
0.10442384360439982 0.71 0.13781775556072232 0.18578789463144835
0.1
0.27606019151846783 0.7433333333333333 0.3453846153846154 0.10215294078840008
0.17909522825862423 0.7933333333333333 0.17138121264683737 0.131216141809887
0.1342229199372057 0.7566666666666667 0.17985116953277333 0.16708048685561755
0.36044973544973546 0.77 0.32133174642586326 0.10483793321392364
0.28809849521203834 0.7366666666666667 0.3204508218381692 0.11905483720517135
0.10896064480819945 0.7033333333333334 0.10240783263171324 0.18686646940942522
0.17531556802244042 0.7233333333333334 0.21825143791090082 0.16685562533810644
0.11642367066895376 0.74 0.14362194377786677 0.16397453811015478
0.3142646826857354 0.77 0.3541806216581468 0.11107412361749022
0.05392156862745101 0.7466666666666667 0.11642191250241463 0.17881278466568248
0.060882800608828 0.75 0.07482993197278914 0.14284163824325274
0.1578947368421053 0.76 0.12300653594771241 0.17895134209968805
0.33994708994709 0.7466666666666667 0.3867521367521367 0.108127782348197
0.419978182951535 0.7233333333333334 0.46496220714403563 0.14368972152825737
0.49665551839464883 0.79 0.4844327420546933 0.11980743404326001
0.290867027709133 0.74 0.33723973553477493 0.10254707749825874
0.13700686106346482 0.7333333333333333 0.15772013198673002 0.19794167581365915
0.032863849765258246 0.7466666666666667 0.029103512789248026 0.17559728574185282
0.21783396733049898 0.6966666666666667 0.2923297483938216 0.2671051139056775
0.2002089656201801 0.7433333333333333 0.21490186333936337 0.15041961236451942
0.11128086343699173 0.72 0.12355124562506789 0.19742076266729175
0.10573308270676696 0.8066666666666666 0.19386279737489748 0.11629307735696273
0.09926112606678505 0.73 0.033000490075961786 0.16245469085836078
0.15645940470624908 0.7233333333333334 0.2058675931287396 0.19343277687058322
0.05037625418060199 0.78 0.10729949874686717 0.15249237972318797
0.07246376811594202 0.7466666666666667 0.07487411860824467 0.15628233777388265
0.2321428571428571 0.73 0.28632453567937444 0.13947606085616043
0.06392811296534018 0.7933333333333333 0.04004091460193307 0.12819919975867375
0.13846153846153852 0.7333333333333333 0.17647554356267026 0.15534248714292553
0.18888888888888888 0.73 0.26253455772240764 0.18220928355948995
0.10113760324138998 0.7433333333333333 0.1705315011667099 0.15688678012369994
0.1559595124974179 0.78 0.09056161230074278 0.13098749653392103
0.10499999999999998 0.74 0.10444650707536146 0.14449402866457092
0.07806340569651882 0.73 0.10301297763816503 0.18220928355948995
0.16023217423717973 0.7166666666666667 0.19205036445915324 0.181301505113261
0.24603174603174593 0.75 0.2508573942397472 0.10769200014380938
0.03407119196592878 0.7266666666666667 0.09938075017692849 0.16300362719231007
0.4432888540031397 0.72 0.48299548142595367 0.15408801905051994
0.2864493996569468 0.71 0.38277994374040764 0.2196367059989794
0.12792642140468236 0.76 0.12490102098774755 0.16004156838996564
0.0357142857142857 0.7566666666666667 0.02147435897435901 0.13214293574857464
0.08072231523558959 0.7166666666666667 0.07145856151880248 0.17125655981785215
0.10145211930926212 0.76 0.12978238527190672 0.16635532333438685
0.0264441591784339 0.7333333333333333 0.0618013048869295 0.19794167581365915
0.3559878600925419 0.72 0.42215969162672023 0.1112256693014064
0.20396061758782735 0.7633333333333333 0.22161803713527845 0.09956124142756366
0.03875072296124926 0.7133333333333334 0.07233926239645155 0.2491243753295187
0.26490200040412204 0.7566666666666667 0.22713168187744462 0.13849588789491454
0.05790133779264206 0.74 0.0747901171963038 0.14125196015126174
0.15677986454680815 0.6766666666666666 0.1745824614430753 0.22588782880315592
0.15000000000000002
0.2807113543091655 0.74 0.35307692307692307 0.10254707749825874
0.09192315637265025 0.7866666666666666 0.0550386601040701 0.13876045322406919
0.2321428571428571 0.7466666666666667 0.29603844138042246 0.172380225770324
0.46164021164021163 0.7566666666666667 0.44548968046790444 0.10678674551384489
0.292749658002736 0.7333333333333333 0.3293793932667407 0.11947703842009236
0.19881586148564612 0.7033333333333334 0.20268848067355533 0.19709638648365793
0.2510518934081346 0.6966666666666667 0.2819397350294649 0.19476067366782301
0.11642367066895376 0.74 0.14362194377786677 0.16397453811015478
0.38214417161785585 0.7666666666666667 0.4091299919697593 0.11160236241776805
0.01225490196078427 0.7566666666666667 0.09291773029282752 0.1702505969187456
0.16235413495687467 0.73 0.17857142857142855 0.1558788892882674
0.162359022556391 0.7566666666666667 0.13226579520697168 0.17974540801782438
0.44179894179894186 0.7633333333333333 0.49401709401709404 0.10269738161673604
0.4608072307932055 0.7233333333333334 0.4995465372875763 0.14039152702485952
0.5666806020066889 0.7733333333333333 0.5410529511139267 0.13850933314414046
0.30664072769335926 0.74 0.36067723553477493 0.10254707749825874
0.065180102915952 0.73 0.0715154634351752 0.1920889893338912
0.09600129512708433 0.7666666666666667 0.04386118781611545 0.14608686893441428
0.30487804878048785 0.6833333333333333 0.395284544254796 0.2914715857375015
0.11537887457087415 0.74 0.1347752754002754 0.16072558893131822
0.11128086343699173 0.72 0.12355124562506789 0.19742076266729175
0.10126879699248126 0.8033333333333333 0.19698779737489747 0.12000339732968777
0.0522366687668252 0.7266666666666667 0.05235338560810254 0.16300362719231007
0.2719339255103631 0.6933333333333334 0.3483207874927621 0.23336287800912894
0.05999163879598668 0.7733333333333333 0.11387844611528825 0.16020480666407322
0.06654199781829517 0.7466666666666667 0.07436970498907691 0.1530622475071677
0.3187830687830687 0.73 0.40107526881720423 0.15259372665738277
0.08421052631578951 0.7966666666666666 0.05764341014560506 0.12446093546833695
0.03443223443223442 0.76 0.05566410602358873 0.12841590125200344
0.2666666666666667 0.7266666666666667 0.33824982989734725 0.1894602293530517
0.31167212092878294 0.7 0.4014821536600121 0.22167959295612302
0.15110514356537907 0.7766666666666666 0.08745602223863097 0.1347415027895164
0.10499999999999998 0.74 0.10444650707536146 0.14449402866457092
0.017989006718116762 0.7566666666666667 0.015234446268929058 0.14802866919002652
0.11880291815325628 0.73 0.15458153920975526 0.16903631685482856
0.26256613756613756 0.75 0.27441890217625514 0.10769200014380938
0.03885588096114412 0.73 0.10256546355272467 0.1591659490277364
0.5790816326530612 0.6866666666666666 0.6268532400466433 0.1893256720237004
0.45175814751286447 0.6633333333333333 0.5584146163276361 0.28582083827951155
0.11099498327759205 0.7633333333333333 0.10382202066496088 0.15304378271615604
0.1477629513343799 0.73 0.19353632478632485 0.16574489105737336
0.022721836881128943 0.7066666666666667 0.10392479006936839 0.18633412457983045
0.04650706436420726 0.7566666666666667 0.06237120796987777 0.16073456717559526
0.08395378690629007 0.7466666666666667 0.059474957098901715 0.172380225770324
0.3710632369769641 0.71 0.4463532400138171 0.11221698225092783
0.20854777355113008 0.76 0.23023872679045088 0.10002079778024442
0.010515799989484265 0.73 0.05295228249930331 0.22490047919982592
0.24479692867245906 0.7666666666666667 0.19942633637548887 0.13354540599324172
0.03260869565217395 0.7333333333333333 0.04707220531890921 0.1422642378887394
0.1986646813007349 0.6766666666666666 0.22565198015965282 0.24007072600455465
0.2
0.3039671682626539 0.7366666666666667 0.3828205128205128 0.09650826427789791
0.017248502375542207 0.7833333333333333 0.0219664485689485 0.15474772708150358
0.2904238618524333 0.7366666666666667 0.36379533726231844 0.17437024941611876
0.5773809523809524 0.7233333333333334 0.5683927241283113 0.12723356499938898
0.29958960328317374 0.7366666666666667 0.3330360446065219 0.10936921817392317
0.27419274590775666 0.6866666666666666 0.2784634519709147 0.23467521776890693
0.3256973663705781 0.6866666666666666 0.3495521592378637 0.21718611657544953
0.11642367066895376 0.74 0.14362194377786677 0.16397453811015478
0.489195015510805 0.7466666666666667 0.5226472374013358 0.1305472405959425
0.09313725490196079 0.7633333333333333 0.10188310276946391 0.15933313898655446
0.23270759343818703 0.7033333333333334 0.25670823885109595 0.18686646940942528
0.14920112781954886 0.76 0.12246187363834421 0.17580717642281332
0.5105820105820105 0.7466666666666667 0.5518518518518518 0.11772037487964518
0.5446470313230483 0.7166666666666667 0.620500690892592 0.1479033822003543
0.6619983277591973 0.7566666666666667 0.6506132756132756 0.1543831680041369
0.305221094694779 0.7366666666666667 0.3563130113968439 0.09971742917550022
0.014150943396226467 0.75 0.03656036877858804 0.16207501633908694
0.13825481625384495 0.7566666666666667 0.10444890518349387 0.13849588789491454
0.4607294696800179 0.62 0.5297292418573882 0.38680388585091857
0.010597542166276952 0.74 0.10752191220941221 0.17047306932811898
0.12650928983293086 0.7233333333333334 0.12919978568351567 0.20007993215934983
0.048637218045112784 0.7966666666666666 0.1412043683347006 0.11844534606090391
0.026920213070622645 0.7266666666666667 0.05527546353018048 0.15970190337286227
0.3803958235935795 0.6666666666666666 0.4632069098629608 0.2814605443907776
0.07316053511705678 0.7733333333333333 0.1277151211361738 0.16945617524270248
0.08103475144148364 0.7566666666666667 0.08493308527076704 0.14167327570130242
0.36309523809523814 0.7233333333333334 0.4532649071358749 0.16685562533810644
0.0736842105263158 0.7933333333333333 0.039786267288462185 0.12517957967183382
0.00586080586080584 0.7633333333333333 0.057578342037629016 0.1184077574956758
0.33650793650793653 0.7 0.4164202390168329 0.22167959295612302
0.4572230014025245 0.68 0.5518805634776596 0.2606681644239667
0.11433588101631886 0.77 0.04961849744458441 0.13604908397988666
0.09999999999999998 0.7433333333333333 0.09597193080417504 0.1439563786130221
0.1547942923768808 0.7566666666666667 0.13470149845712065 0.13531903056866137
0.07087704350604407 0.73 0.09405025621863985 0.16903631685482856
0.26256613756613756 0.75 0.27441890217625514 0.10769200014380938
0.0003154739996845679 0.74 0.09236633854468251 0.14449402866457092
0.7001569858712715 0.6666666666666666 0.7501483633183408 0.21673430045039968
0.5971269296740995 0.6033333333333334 0.6928704093075414 0.37960755469606344
0.08570234113712372 0.7566666666666667 0.07194022265413064 0.16073456717559523
0.32339089481946626 0.7233333333333334 0.41917735042735044 0.2034023083782321
0.03551781870365944 0.6966666666666667 0.05994888645491053 0.19476067366782301
0.08379120879120883 0.7633333333333333 0.07462549084628997 0.13415013754657634
0.24544287548138632 0.7433333333333333 0.2224263207024627 0.15688678012369994
0.3859893527041146 0.71 0.4695692712943645 0.11221698225092783
0.20854777355113008 0.76 0.23023872679045088 0.10002079778024442
0.03443924496556072 0.7266666666666667 0.0779911023750797 0.21918540214303955
0.19933319862598498 0.78 0.15143850499782704 0.12482657353336819
0.0025083612040133207 0.7366666666666667 0.042885113815641196 0.1352624001840635
0.23531389596042074 0.6666666666666666 0.2515480895915678 0.25982359975920405
0.25
0.3157318741450068 0.74 0.4028205128205128 0.09614315551490198
0.0710596984094195 0.7533333333333333 0.11406949905157723 0.19952165233992053
0.3306514913657771 0.7266666666666667 0.4122742757766343 0.1894602293530517
0.6818783068783069 0.7033333333333334 0.676054937164408 0.14958579857459592
0.3042407660738714 0.74 0.33618069869457223 0.10575482789163643
0.41444848002388174 0.63 0.4180635285112897 0.3113982250160409
0.3799283154121863 0.68 0.416703711465343 0.2359223432416014
0.11170668953687823 0.7366666666666667 0.14031068549972112 0.16784233655869898
0.5866764814133234 0.7333333333333333 0.6321493624772313 0.1487992906556265
0.2769607843137255 0.7566666666666667 0.28372688405619606 0.1639083679011416
0.3263994588195501 0.6966666666666667 0.37802343159486007 0.19476067366782301
0.14920112781954886 0.76 0.12246187363834421 0.17580717642281332
0.6005291005291006 0.72 0.6481481481481481 0.13752581493121796
0.6462521427458313 0.7033333333333334 0.7281907379145356 0.16986842274610414
0.741638795986622 0.7333333333333333 0.7432359307359306 0.17500344305726892
0.33056417266943583 0.73 0.38386086353009935 0.10043544377115539
0.11535162950257294 0.7466666666666667 0.1311584709680438 0.16272283183533903
0.26566294317629924 0.76 0.2501809689774098 0.13157824269140422
0.6211680465428507 0.5533333333333333 0.6672795295220925 0.4975960599170069
0.03462858848698935 0.7233333333333334 0.11414029382779384 0.1967566471154397
0.1468138583608496 0.7166666666666667 0.14885407505611487 0.21148733711548473
0.03547932330827075 0.7933333333333333 0.11946523789991798 0.1191335524733262
0.009737098344693274 0.7333333333333333 0.06579167687658255 0.15534248714292553
0.5141031634720274 0.6066666666666667 0.5959862960818374 0.3629308729932394
0.08277591973244147 0.7666666666666667 0.13429406850459483 0.17731131317084248
0.10035842293906816 0.75 0.11153113510825358 0.13963770459084174
0.44179894179894186 0.6933333333333334 0.5269012707722385 0.216028740668901
0.0736842105263158 0.7933333333333333 0.039786267288462185 0.12517957967183382
0.06593406593406592 0.7633333333333333 0.06133928655837956 0.10897612533666959
0.3650793650793651 0.7 0.4525399500591445 0.2319836209082221
0.6139940782297024 0.6133333333333333 0.7009783078385619 0.3613931025339694
0.0784961784755216 0.76 0.008364582277625765 0.14423234711786903
0.09499999999999997 0.74 0.0924258315133949 0.14773780290891206
0.25190161567930713 0.7533333333333333 0.24509868081832104 0.1326945875517562
0.0406837424783002 0.7333333333333333 0.06685371517027866 0.16189214789646636
0.26455026455026454 0.75 0.2732663578251813 0.1013327291239528
0.009253903990746104 0.7333333333333333 0.0731355693139133 0.14553064645101443
0.7968995290423861 0.6433333333333333 0.8335727969348659 0.24537618166969774
0.7480703259005146 0.51 0.805167157275021 0.5330287497597783
0.05790133779264206 0.7633333333333333 0.042664501019868545 0.14989677848594957
0.4095368916797489 0.69 0.5025106837606838 0.25144738459224064
0.10679263334130584 0.6833333333333333 0.14468784227820372 0.21774240702943407
0.2456828885400314 0.7633333333333333 0.2794029960732297 0.13415013754657634
0.43106546854942235 0.7266666666666667 0.4170344071026037 0.17291837269802507
0.3958903428031245 0.7066666666666667 0.47692221247083505 0.11583483678080952
0.21772208547773553 0.76 0.24198441644562335 0.09687649444836563
0.05836268994163729 0.7233333333333334 0.10302992225085611 0.21336054683803013
0.17427763184481715 0.78 0.11605388961321164 0.12790756741712295
0.05769230769230771 0.7433333333333333 0.05504669540229884 0.12139070170490743
0.25755319659926035 0.67 0.27735022862900105 0.2699425342542628
0.30000000000000004
0.3179206566347469 0.7266666666666667 0.4058974358974358 0.09754362840325041
0.10018591200165261 0.7466666666666667 0.14600931900471573 0.2139745560010697
0.38559654631083196 0.7233333333333334 0.4771316209995456 0.20007993215934983
0.7652116402116402 0.7 0.7590068822444994 0.16352642134149847
0.31354309165526684 0.74 0.34825392421119394 0.10254707749825874
0.5848549679088512 0.5933333333333334 0.5936599056002041 0.390052598390815
0.45831385382577533 0.67 0.5105226789185129 0.2663537755720244
0.11170668953687823 0.7366666666666667 0.14031068549972112 0.16784233655869898
0.6779536253220464 0.7066666666666667 0.7257741347905282 0.17278015206267258
0.3743872549019608 0.7566666666666667 0.39168491096235936 0.16708048685561752
0.37527481819719266 0.6933333333333334 0.43792517006802717 0.2091032552039635
0.14920112781954886 0.76 0.12246187363834421 0.17580717642281332
0.6693121693121693 0.7033333333333334 0.7185185185185186 0.15295612848516066
0.7166900420757364 0.69 0.7832162081339713 0.19231922385839367
0.7899247491638797 0.7166666666666667 0.7903138528138528 0.19135974138866416
0.3449182396550817 0.7266666666666667 0.4029341393921683 0.09754362840325044
0.24785591766723836 0.74 0.2731867977621966 0.17697060444952895
0.41087906750849923 0.75 0.3984848932741105 0.14925188741912374
0.7785858133810696 0.45666666666666667 0.7849510689327623 0.6632702423718079
0.06492860341310502 0.72 0.1183506105381105 0.21410878966024158
0.1975752796806466 0.7033333333333334 0.20077468965278583 0.23809792147617845
0.044407894736842146 0.7933333333333333 0.12415273789991799 0.11610774107349466
0.007446016381236098 0.7333333333333333 0.08013150371640937 0.15534248714292553
0.6429795854760791 0.5633333333333334 0.72557807373094 0.43460000558046336
0.0863294314381271 0.7533333333333333 0.13523391812865496 0.19320615626151186
0.10518934081346432 0.7533333333333333 0.11505226186881695 0.1358835046824598
0.5482804232804233 0.6366666666666667 0.6162952101661778 0.29873633396066773
0.0736842105263158 0.7933333333333333 0.039786267288462185 0.12517957967183382
0.10036630036630034 0.78 0.09939103693889706 0.09709099450583729
0.45079365079365086 0.6866666666666666 0.5386343523157977 0.255681494060226
0.7562724014336918 0.5366666666666666 0.81265664160401 0.4758858347616831
0.05721958273084071 0.76 0.015256241343197863 0.14106858983281811
0.09499999999999997 0.74 0.0924258315133949 0.14773780290891206
0.4407861862195325 0.7266666666666667 0.420641365825024 0.1597019033728623
0.015229777943447487 0.7266666666666667 0.03757243217916323 0.16300362719231007
0.2738095238095237 0.75 0.28447083961789843 0.0981578561742217
0.01403859298596144 0.7366666666666667 0.07632028268970947 0.14176439010564618
0.8596938775510204 0.62 0.883860153256705 0.27101149959428267
0.8867924528301887 0.4166666666666667 0.9047256097560976 0.6967519651829951
0.05309364548494977 0.76 0.04122741351720724 0.15372092039949561
0.5494505494505495 0.6333333333333333 0.625 0.3183282174630578
0.13334130590767757 0.6766666666666666 0.1734027017159547 0.23297505259270318
0.4120879120879121 0.7366666666666667 0.4667117433872451 0.15479278069612792
0.5753530166880616 0.7 0.566563537674709 0.1942295218607911
0.40091546843126524 0.71 0.4805718475073314 0.11221698225092783
0.21772208547773553 0.76 0.24198441644562335 0.09687649444836563
0.08228613491771386 0.7333333333333333 0.10102422866907557 0.19794167581365915
0.1346736714487775 0.7666666666666667 0.0768231203824424 0.1492199646815739
0.09866220735785947 0.7566666666666667 0.10196923597025015 0.10994936585159598
0.2942024112589462 0.6666666666666666 0.3193288382546695 0.2850653402474418
0.35000000000000003
0.3179206566347469 0.7266666666666667 0.4058974358974358 0.09754362840325041
0.12445775666184677 0.7433333333333333 0.17468116510164503 0.22443511011184109
0.47115384615384615 0.6933333333333334 0.5716485427570334 0.24029832706737467
0.8670634920634921 0.6766666666666666 0.8719285623212693 0.18364613182733217
0.3181942544459645 0.7366666666666667 0.35718249563976534 0.10293072182819504
0.7602865814219613 0.52 0.7633403495343793 0.5117977444667329
0.49213027894654826 0.6666666666666666 0.5488114729899254 0.2814605443907776
0.11170668953687823 0.7366666666666667 0.14031068549972112 0.16784233655869898
0.7486723802513275 0.69 0.7926836672738312 0.19231922385839367
0.4522058823529412 0.7366666666666667 0.46340175163842096 0.19068132632124887
0.44884153559952644 0.69 0.5128023431594859 0.22009493602318192
0.14920112781954886 0.76 0.12246187363834421 0.17580717642281332
0.7764550264550264 0.6866666666666666 0.8166666666666667 0.17893612459301544
0.7693626305127006 0.6766666666666666 0.826846590909091 0.2046966219640219
0.8334030100334449 0.71 0.8309884559884559 0.20270564885131828
0.3339292286660708 0.7233333333333334 0.3873091393921683 0.09786911662556012
0.40394511149228135 0.71 0.4419717355898519 0.1993198906025917
0.5424963574550753 0.7266666666666667 0.5238264622940783 0.1696120912461893
0.8947191765495637 0.4033333333333333 0.8860049773093251 0.7767154305373951
0.1100054729090999 0.7 0.15063863501363497 0.23884915194615858
0.22803213247252474 0.69 0.2274712325465118 0.25840777072808907
0.044407894736842146 0.7933333333333333 0.12415273789991799 0.11610774107349466
0.045420699925539876 0.7433333333333333 0.11422241280731849 0.14395637861302205
0.7648433847592333 0.49 0.820793283149971 0.5523723920079628
0.10556020066889638 0.7466666666666667 0.15403091060985796 0.20443758979070029
0.11002025868786047 0.7566666666666667 0.11857338862938033 0.13214293574857464
0.6593915343915344 0.5766666666666667 0.7090224828934506 0.39372985458288623
0.06880616174582799 0.79 0.036539514041708965 0.1289184736069861
0.1912087912087912 0.7666666666666667 0.19474004610778198 0.11786771900033371
0.5253968253968253 0.6566666666666666 0.6200727352914925 0.2945974779551652
0.9301854449119527 0.4166666666666667 0.93265664160401 0.6853099452232134
0.026234249122082165 0.7733333333333333 0.05566028174723825 0.13229457488902133
0.08999999999999997 0.7366666666666667 0.09265461211280007 0.15153313893992917
0.619399256010216 0.7166666666666667 0.6145925053346342 0.16791228569095337
0.005484850098514293 0.73 0.030532906598816134 0.1591659490277364
0.2784391534391534 0.7533333333333333 0.28773881347410757 0.09457986852630534
0.01403859298596144 0.7366666666666667 0.07632028268970947 0.14176439010564618
0.8744113029827315 0.6133333333333333 0.8994252873563219 0.27569492648995797
0.9433962264150944 0.38333333333333336 0.9486788617886179 0.7704300595666467
0.031354515050167175 0.7533333333333333 0.008969349001078208 0.15503070352228454
0.728021978021978 0.53 0.7588141025641026 0.47741063859465027
0.17316431475723515 0.66 0.21115370573201894 0.26106671939325476
0.5535714285714286 0.7033333333333334 0.5993403119936218 0.18346111292472025
0.6937098844672657 0.6833333333333333 0.6910350645601783 0.20723118445374134
0.40091546843126524 0.71 0.4805718475073314 0.11221698225092783
0.22991720742895494 0.7566666666666667 0.251599801061008 0.10046914977875576
0.09805983490194015 0.7333333333333333 0.12868227464608709 0.19794167581365915
0.06940796120428372 0.7666666666666667 0.011284224250325936 0.15548138957049232
0.11308528428093645 0.76 0.11672618041469462 0.10316769299515244
0.35309092655747154 0.6266666666666667 0.3652910175928079 0.342722250012874
0.4
0.32257181942544455 0.7233333333333334 0.4135897435897436 0.09786911662556012
0.20305721958273082 0.7133333333333334 0.2540822794639137 0.2690340368068224
0.5363029827315542 0.6766666666666666 0.6375614362053041 0.26493786147043646
0.9074074074074073 0.6633333333333333 0.9126017741024754 0.1957804668791862
0.31108071135430915 0.7366666666666667 0.34562126737487453 0.09971742917550024
0.8656649584556446 0.4666666666666667 0.8458891440234724 0.6082629217832962
0.5678666043322425 0.64 0.6267007131960631 0.31311658452651686
0.11170668953687823 0.7366666666666667 0.14031068549972112 0.16784233655869898
0.8021978021978022 0.67 0.8439890710382514 0.2091541601026711
0.6366421568627452 0.68 0.6539326908736768 0.23592234324160136
0.5159817351598174 0.6866666666666666 0.5933956916099773 0.2416779870698996
0.14473684210526316 0.7566666666666667 0.11952069716775598 0.17974540801782438
0.8002645502645502 0.68 0.8351851851851853 0.186727331815409
0.8064516129032258 0.6633333333333333 0.859375 0.21719262125875977
0.8599498327759197 0.7 0.8602092352092352 0.21137674616849872
0.34970292865029706 0.7166666666666667 0.40359621566335474 0.10175229410768867
0.5439536878216124 0.6866666666666666 0.5729525235443917 0.21718611657544953
0.715395823215153 0.7 0.6942009673014771 0.20108317776522558
0.9176549563660774 0.38666666666666666 0.9015329276198841 0.8130057092124432
0.14518135230608487 0.7033333333333334 0.13747949685449687 0.24832562991994445
0.23907150953624756 0.6766666666666666 0.24622404425707 0.282681455041856
0.03994360902255645 0.79 0.12727773789991798 0.11980743404326001
0.10057849819577303 0.7266666666666667 0.1743414604263661 0.14980933275076722
0.9253545270375565 0.39666666666666667 0.9483014861995753 0.7307115896695323
0.11517558528428096 0.7466666666666667 0.16624895572263995 0.20762230759894046
0.11968209443665268 0.75 0.1339580040139957 0.13323334788336988
0.8538359788359788 0.48333333333333334 0.8787194525904204 0.5737038186523302
0.06880616174582799 0.79 0.036539514041708965 0.1289184736069861
0.33553113553113556 0.7633333333333333 0.32921162310467167 0.13415013754657631
0.7523809523809524 0.5466666666666666 0.8135534915720675 0.46900447533262213
0.9640018700327256 0.3933333333333333 0.9559899749373433 0.731444447599324
0.007746333402189665 0.7566666666666667 0.08540493323102016 0.1543831680041369
0.08999999999999997 0.7366666666666667 0.09265461211280007 0.15153313893992917
0.717561490200433 0.6966666666666667 0.7083521731197893 0.18789016839155695
0.026199478140476073 0.72 0.039002356084599565 0.16406131960279904
0.283068783068783 0.75 0.2956753214106155 0.09498634153524438
0.023607970976392 0.7366666666666667 0.06988961145012101 0.13851221550009196
0.9038461538461539 0.6 0.9305555555555556 0.2850617802813086
0.9725557461406518 0.35333333333333333 0.9638673777518021 0.8490534643471054
0.021739130434782594 0.76 0.04606552544151701 0.14739583545901158
0.8543956043956045 0.4533333333333333 0.8573717948717949 0.595682925090584
0.20413776608466871 0.6566666666666666 0.24820189850310334 0.2762913695585469
0.6740580847723705 0.68 0.716186775979674 0.21828401256237337
0.8290115532734275 0.6466666666666666 0.8296330257387845 0.24491200379784733
0.40091546843126524 0.71 0.4805718475073314 0.11221698225092783
0.22991720742895494 0.7566666666666667 0.251599801061008 0.10046914977875576
0.10762921289237071 0.74 0.12968407789192962 0.18995303725056728
0.054556476055768854 0.7633333333333333 0.014232942199043891 0.1624748577489069
0.1854096989966555 0.7533333333333333 0.19114829839981967 0.1040742900642207
0.42245064604447863 0.6 0.43484945361543825 0.3964303464541961
0.45
0.32257181942544455 0.7233333333333334 0.4135897435897436 0.09786911662556012
0.2710183846312745 0.6933333333333334 0.32449786708260897 0.30888186616692553
0.5873233908948194 0.65 0.6784639299379865 0.30344990989009407
0.9477513227513228 0.65 0.9532749858836815 0.20802789346832598
0.3039671682626539 0.7366666666666667 0.33406003910998366 0.09650826427789791
0.8808895964973382 0.46 0.8546179359612196 0.6307827974281165
0.6800685678666043 0.5866666666666667 0.7301760920572725 0.39568794132219665
0.11170668953687823 0.7366666666666667 0.14031068549972112 0.16784233655869898
0.8571428571428572 0.6533333333333333 0.8849726775956284 0.22936792780706858
0.7126225490196079 0.67 0.7262488415479431 0.23767435551175367
0.54337899543379 0.6733333333333333 0.6173469387755102 0.2620838717857933
0.14473684210526316 0.7566666666666667 0.11952069716775598 0.17974540801782438
0.8478835978835979 0.6666666666666666 0.8722222222222222 0.20248669443939557
0.8602150537634409 0.6466666666666666 0.8984375 0.23756460832101217
0.903428093645485 0.6866666666666666 0.895923520923521 0.2276753327912446
0.34970292865029706 0.7166666666666667 0.40359621566335474 0.10175229410768867
0.7058319039451114 0.6533333333333333 0.7231492559593434 0.25857684468476716
0.8632022017160433 0.67 0.8269513317435588 0.22695366524285532
0.9222421123293802 0.38333333333333336 0.904638517681996 0.8204201612602939
0.19040748295935117 0.68 0.17438009625509626 0.2818467869072712
0.28475678872406485 0.66 0.2890537497628318 0.31201990846945465
0.017152255639097724 0.78 0.0746193088597211 0.12174478363791413
0.11776161292170229 0.72 0.19160336518827087 0.15408801905051997
0.9640018700327256 0.37 0.9737791932059447 0.7860944026301483
0.13440635451505023 0.7466666666666667 0.19068504594820385 0.2139745560010697
0.129343930185445 0.75 0.14517143846686675 0.1300333509060865
0.9417989417989419 0.42 0.9420527859237537 0.6902395580527491
0.06880616174582799 0.79 0.036539514041708965 0.1289184736069861
0.5340659340659341 0.7133333333333334 0.5433590748191276 0.1784985935610604
0.9380952380952381 0.43666666666666665 0.957516339869281 0.6747472927842667
0.9736637057815178 0.3933333333333333 0.9680952380952381 0.7374755970306743
0.023239000206568883 0.7566666666666667 0.1093365571626441 0.1543831680041369
0.08999999999999997 0.7366666666666667 0.09265461211280007 0.15153313893992917
0.8277719171617345 0.6733333333333333 0.8251762015817488 0.21223334473247799
0.06762873422439963 0.7266666666666667 0.0587760815154858 0.15640214266591138
0.30886243386243384 0.7433333333333333 0.3351098452201393 0.09576787259111308
0.01403859298596144 0.7366666666666667 0.07632028268970947 0.14176439010564618
0.9326923076923077 0.59 0.9513888888888888 0.2980299098198628
0.9725557461406518 0.35333333333333333 0.9638673777518021 0.8490534643471054
0.026546822742474885 0.7433333333333333 0.0396767529237122 0.16012124057753024
0.8946232339089482 0.43666666666666665 0.8971688034188035 0.6255525013065608
0.22183688112891653 0.65 0.2655713764147499 0.28865419315252305
0.756083202511774 0.6566666666666666 0.7777549127745857 0.24707296134985465
0.9173299101412067 0.6266666666666667 0.9143844852196227 0.26632807269860737
0.41081645853027515 0.7066666666666667 0.48792478868380196 0.11583483678080952
0.22991720742895494 0.7566666666666667 0.251599801061008 0.10046914977875576
0.13297229086702778 0.74 0.15437644081185217 0.18670981547212712
0.018993736108304682 0.7633333333333333 0.05513906996957843 0.15933313898655452
0.2663043478260869 0.7466666666666667 0.2671357336037864 0.1177203748796452
0.5638119025889813 0.5366666666666666 0.5557719135084864 0.5117093389426313
0.5
0.32257181942544455 0.7233333333333334 0.4135897435897436 0.09786911662556012
0.3544722164841975 0.6466666666666666 0.39483497848520316 0.37419576790760584
0.6842621664050236 0.6066666666666667 0.7627098726744953 0.374820316866043
0.9642857142857143 0.65 0.9673913043478262 0.20802789346832598
0.292202462380301 0.7333333333333333 0.3193541567570425 0.09686330783607829
0.8909398477536196 0.4533333333333333 0.8722381681336906 0.6431538850386299
0.7536231884057971 0.5466666666666666 0.7967100830900516 0.45581307997882503
0.11170668953687823 0.7366666666666667 0.14031068549972112 0.16784233655869898
0.8791208791208791 0.6466666666666666 0.9013661202185792 0.23756460832101217
0.7432598039215687 0.6566666666666666 0.7605013814608604 0.2470729613498546
0.5799086757990868 0.6533333333333333 0.6481009070294785 0.29165388528136504
0.14473684210526316 0.7566666666666667 0.11952069716775598 0.17974540801782438
0.8955026455026455 0.6533333333333333 0.9092592592592592 0.2184878539779803
0.8709677419354839 0.6433333333333333 0.90625 0.2416872594491222
0.9191053511705686 0.68 0.9162157287157287 0.23239061973382927
0.3764656396235344 0.7133333333333334 0.4355082919345412 0.1053317989713397
0.7967409948542024 0.6266666666666667 0.7828507484966569 0.2929244639047358
0.890885543143921 0.6733333333333333 0.8543379296074043 0.22642807898291545
0.9222421123293802 0.38333333333333336 0.904638517681996 0.8204201612602939
0.25558485496790884 0.66 0.2315182705807706 0.31564618827225116
0.37060765856783795 0.6266666666666667 0.3597669725887308 0.3656972088357735
0.021616541353383423 0.7766666666666666 0.07774430885972108 0.1254586368498999
0.1304198407698035 0.7233333333333334 0.20296700155190722 0.1502954323279224
0.9795854760791647 0.37 0.9852972399150743 0.7860944026301483
0.15238294314381273 0.7366666666666667 0.202172096908939 0.23275535032156416
0.13417484805984115 0.7466666666666667 0.15286374615917447 0.1305472405959425
0.9556878306878307 0.41 0.9520527859237538 0.7099007003461948
0.06880616174582799 0.79 0.036539514041708965 0.1289184736069861
0.6879120879120879 0.6866666666666666 0.7188372370985321 0.21369363388316848
0.9857142857142858 0.4033333333333333 0.9901960784313726 0.7409918446393389
0.9736637057815178 0.3933333333333333 0.9680952380952381 0.7374755970306743
0.043586035942986934 0.7533333333333333 0.13637377115637983 0.15822187611741734
0.08999999999999997 0.7366666666666667 0.09265461211280007 0.15153313893992917
0.8444284048636944 0.68 0.8455231709542055 0.20773238901455626
0.07236807071729057 0.7233333333333334 0.06739677117065823 0.1569124006795631
0.33465608465608465 0.7433333333333333 0.3698758349493644 0.09258108478464043
0.01403859298596144 0.7366666666666667 0.07632028268970947 0.14176439010564618
0.9423076923076923 0.5866666666666667 0.9583333333333333 0.3023885112405002
0.9839193825042881 0.3566666666666667 0.9723419540229885 0.8414887369524496
0.08695652173913049 0.7466666666666667 0.1070177741251247 0.14662365468305202
0.9150313971742543 0.43666666666666665 0.9233440170940171 0.6364218010346898
0.2663238459698636 0.6366666666666667 0.31396495071193864 0.31005800986356546
0.8047488226059656 0.6433333333333333 0.8191094721476824 0.26017886924321054
0.9432605905006418 0.6166666666666667 0.9394420889062587 0.27526877886415746
0.41081645853027515 0.7066666666666667 0.48792478868380196 0.11583483678080952
0.22991720742895494 0.7566666666666667 0.251599801061008 0.10046914977875576
0.1377569798622431 0.7366666666666667 0.1647931074785188 0.18742133155234278
0.006364922206506418 0.76 0.07976749239461106 0.16004156838996564
0.3942307692307693 0.7133333333333334 0.396763015551048 0.1483415563925044
0.6528171381910755 0.49333333333333335 0.6291007905138339 0.5954181453587315
0.55
0.3272229822161423 0.72 0.42128205128205126 0.09818496210888693
0.5086758934104524 0.5633333333333334 0.5236496439440345 0.48989676574656926
0.8016091051805339 0.5366666666666666 0.8490669118617231 0.48484393714438756
1.0 0.64 1.0 0.22003472432698915
0.292202462380301 0.7333333333333333 0.3193541567570425 0.09686330783607829
0.9008408378526295 0.45666666666666667 0.8799304758259983 0.6369497697974636
0.7971014492753623 0.53 0.8370761284527286 0.4910052454160315
0.11170668953687823 0.7366666666666667 0.14031068549972112 0.16784233655869898
0.9010989010989011 0.64 0.91775956284153 0.245826284637603
0.7745098039215687 0.6466666666666666 0.7835783045377835 0.25966026038406526
0.6164383561643836 0.6333333333333333 0.6788548752834467 0.3221246266668394
0.14473684210526316 0.7566666666666667 0.11952069716775598 0.17974540801782438
0.923941798941799 0.6433333333333333 0.9361111111111111 0.22698431265726773
0.8709677419354839 0.6433333333333333 0.90625 0.2416872594491222
0.9239130434782609 0.6766666666666666 0.9275793650793651 0.23297505259270318
0.3764656396235344 0.7133333333333334 0.4355082919345412 0.1053317989713397
0.8496998284734133 0.6033333333333334 0.839721566818839 0.3081624760133677
0.9049700501861745 0.6633333333333333 0.8797616584209635 0.22796157270536094
0.9222421123293802 0.38333333333333336 0.904638517681996 0.8204201612602939
0.3560873675307229 0.6266666666666667 0.32860868017118017 0.38092975720210537
0.46242176334335416 0.5966666666666667 0.4568514450253158 0.43337516931553355
0.047932330827067604 0.77 0.04038017842493846 0.12668168252430068
0.1304198407698035 0.7233333333333334 0.20296700155190722 0.1502954323279224
0.989247311827957 0.36333333333333334 0.9916666666666667 0.8004120088295805
0.1619983277591973 0.7366666666666667 0.21439014202172096 0.2359524316333204
0.15349851955742566 0.7466666666666667 0.1752906150649166 0.12412911869294774
0.9742063492063493 0.4033333333333333 0.9696285434995113 0.7291330715126851
0.05827984595635438 0.7866666666666666 0.048094135890448475 0.12962283082926937
0.7457875457875458 0.67 0.7686978603234027 0.23052426479352345
0.9904761904761905 0.4 0.9934640522875817 0.7478558708387049
0.9736637057815178 0.3933333333333333 0.9680952380952381 0.7374755970306743
0.043586035942986934 0.7533333333333333 0.13637377115637983 0.15822187611741734
0.08999999999999997 0.7366666666666667 0.09265461211280007 0.15153313893992917
0.8656931874965299 0.67 0.8726395730706076 0.21270623174057243
0.07710740721018161 0.7266666666666667 0.07066474502686743 0.15310455264668207
0.3392857142857143 0.74 0.3778123428858723 0.09294722207020291
0.009253903990746104 0.7333333333333333 0.0731355693139133 0.14553064645101443
0.9519230769230769 0.5833333333333334 0.9652777777777778 0.30676530007905106
0.9886363636363636 0.36 0.9827586206896552 0.8406004499500329
0.10263377926421402 0.74 0.12639355962994248 0.1509830709129888
0.9564364207221351 0.4066666666666667 0.9452457264957266 0.6989970122075662
0.30614685481942117 0.62 0.3517159547280029 0.3403811950308115
0.8681318681318682 0.6233333333333333 0.8764823381569344 0.2781819111899812
0.9481386392811296 0.62 0.9427977936042453 0.27101149959428267
0.41081645853027515 0.7066666666666667 0.48792478868380196 0.11583483678080952
0.22991720742895494 0.7566666666666667 0.251599801061008 0.10046914977875576
0.1535306798464693 0.7366666666666667 0.17596321366966286 0.18742133155234278
0.05708223883612851 0.7466666666666667 0.1333702737940026 0.16594269559896901
0.48348662207357856 0.7233333333333334 0.4988695909398242 0.14368972152825737
0.6789951486622797 0.48333333333333334 0.6528975819576843 0.6184450167967829
0.6000000000000001
0.3272229822161423 0.72 0.42128205128205126 0.09818496210888693
0.6862218549886387 0.47333333333333333 0.6725205880606984 0.6470650952185075
0.9081632653061225 0.4766666666666667 0.9370629370629371 0.5853700560567089
1.0 0.64 1.0 0.22003472432698915
0.29685362517099867 0.73 0.3282827281856139 0.09720839378966568
0.9008408378526295 0.45666666666666667 0.8799304758259983 0.6369497697974636
0.855072463768116 0.49 0.8781720188636875 0.5572683085569
0.10698970840480282 0.7333333333333333 0.1369994272215754 0.1717247432711825
0.9120879120879121 0.6366666666666667 0.9259562841530055 0.24998181077640833
0.8308823529411765 0.63 0.8365267181134619 0.2734180130418029
0.6529680365296804 0.6133333333333333 0.7096088435374149 0.3535526747091232
0.14473684210526316 0.7566666666666667 0.11952069716775598 0.17974540801782438
0.923941798941799 0.6433333333333333 0.9361111111111111 0.22698431265726773
0.8924731182795699 0.6366666666666667 0.921875 0.24998181077640833
0.9239130434782609 0.6766666666666666 0.9275793650793651 0.23297505259270318
0.3764656396235344 0.7133333333333334 0.4355082919345412 0.1053317989713397
0.8837907375643225 0.6 0.8784564637626913 0.3165454359726461
0.9211591387404889 0.6566666666666666 0.8976701969563009 0.23253680161994802
0.9222421123293802 0.38333333333333336 0.904638517681996 0.8204201612602939
0.4616150057216777 0.5633333333333334 0.418600402975403 0.4814457037646196
0.6451628800946232 0.5033333333333333 0.5898367328430466 0.6061139567329411
0.05662593984962405 0.7633333333333333 0.054306808859721056 0.1278510027420115
0.14760295549573288 0.7233333333333334 0.22668667810177245 0.1502954323279224
1.0 0.36666666666666664 1.0 0.7932286723280287
0.19690635451505023 0.7166666666666667 0.24472639933166251 0.25813439178215275
0.15832943743182182 0.7433333333333333 0.18298292275722428 0.12460752179766096
0.9907407407407407 0.4033333333333333 0.9933333333333334 0.7291330715126851
0.06880616174582799 0.79 0.036539514041708965 0.1289184736069861
0.8080586080586081 0.6533333333333333 0.8290227149029157 0.2512517675041679
0.9952380952380953 0.39666666666666667 0.9967320261437909 0.7547657165031451
0.9736637057815178 0.3933333333333333 0.9680952380952381 0.7374755970306743
0.05907870274736626 0.7466666666666667 0.15229987403900447 0.16272283183533906
0.08999999999999997 0.7366666666666667 0.09265461211280007 0.15153313893992917
0.9018377658097829 0.66 0.9004173508483853 0.22483755407791867
0.10080408967463661 0.7366666666666667 0.09235733010687641 0.13851221550009196
0.3677248677248677 0.7433333333333333 0.41699885082238025 0.09258108478464043
0.009253903990746104 0.7333333333333333 0.0731355693139133 0.14553064645101443
0.9519230769230769 0.5833333333333334 0.9652777777777778 0.30676530007905106
0.9886363636363636 0.36 0.9827586206896552 0.8406004499500329
0.11350334448160537 0.7366666666666667 0.14252259188800698 0.15153313893992917
0.9660518053375197 0.4033333333333333 0.9580662393162394 0.699675689898031
0.3680937574742884 0.5933333333333334 0.4098484848484848 0.390052598390815
0.8975667189952905 0.61 0.9085189514292455 0.28770970748633784
0.9481386392811296 0.62 0.9427977936042453 0.27101149959428267
0.41081645853027515 0.7066666666666667 0.48792478868380196 0.11583483678080952
0.22991720742895494 0.7566666666666667 0.251599801061008 0.10046914977875576
0.16451969083548024 0.7333333333333333 0.1840277297986951 0.19139324236780242
0.09264497878359268 0.74 0.1708192090395481 0.16722378755326078
0.5535117056856188 0.72 0.5766618069641649 0.15408801905051997
0.6894663528507614 0.4766666666666667 0.6602505231341549 0.6307379479868098
0.65
0.3272229822161423 0.72 0.42128205128205126 0.09818496210888693
0.8267919851270399 0.43 0.7854485062778216 0.7323655940805454
0.9540816326530612 0.44666666666666666 0.9685314685314685 0.6395630174759914
1.0 0.64 1.0 0.22003472432698915
0.2897400820793433 0.7366666666666667 0.3216234607050367 0.09010276166130303
0.9107418279516394 0.46 0.8876227835183059 0.6307827974281165
0.9227053140096618 0.45666666666666667 0.9356613518975971 0.6264330529202343
0.10698970840480282 0.7333333333333333 0.1369994272215754 0.1717247432711825
0.9120879120879121 0.6366666666666667 0.9259562841530055 0.24998181077640833
0.8412990196078431 0.6266666666666667 0.8442190258057696 0.27769814621745526
0.7077625570776256 0.5933333333333334 0.7610544217687074 0.3941048801701975
0.13157894736842102 0.76 0.10971677559912857 0.1758071764228133
0.9358465608465608 0.64 0.9453703703703704 0.23105329751918172
0.9139784946236559 0.63 0.9375 0.25834288073572864
0.9456521739130435 0.6766666666666666 0.9503968253968254 0.23652196888280286
0.3764656396235344 0.7133333333333334 0.4355082919345412 0.1053317989713397
0.8998713550600344 0.6 0.8891659035766086 0.3165454359726461
0.9305488101019912 0.65 0.9146193494986739 0.23345820579172066
0.9222421123293802 0.38333333333333336 0.904638517681996 0.8204201612602939
0.616946116722225 0.5233333333333333 0.5677439114939116 0.5703839878246733
0.6844413779508156 0.5066666666666667 0.6332036615183774 0.6000708229973051
0.09609962406015038 0.7533333333333333 0.1195242001640689 0.12950692781708398
0.1602611833438341 0.72 0.24097239238748674 0.15076911126984302
1.0 0.36666666666666664 1.0 0.7932286723280287
0.20171404682274252 0.72 0.2536549707602339 0.2571355674819649
0.16316035530621786 0.74 0.190675230449532 0.12507406917265604
0.9953703703703703 0.4 0.9966666666666666 0.7359028490888376
0.05827984595635438 0.7866666666666666 0.048094135890448475 0.12962283082926937
0.8989010989010989 0.6266666666666667 0.9110866999172113 0.28530263479744866
1.0 0.3933333333333333 1.0 0.7617219823025766
0.9736637057815178 0.3933333333333333 0.9680952380952381 0.7374755970306743
0.07457136955174548 0.74 0.1682259769216291 0.16722378755326078
0.09499999999999997 0.74 0.0924258315133949 0.14773780290891209
0.9138859585808672 0.6566666666666666 0.9096766101076446 0.22891297837821284
0.10080408967463661 0.7366666666666667 0.09235733010687641 0.13851221550009196
0.3723544973544973 0.74 0.42493535875888816 0.09294722207020291
0.01403859298596144 0.7366666666666667 0.07632028268970947 0.14176439010564618
0.9711538461538461 0.5766666666666667 0.9791666666666667 0.3155740320280375
0.9886363636363636 0.36 0.9827586206896552 0.8406004499500329
0.1291806020066889 0.73 0.16189837739282475 0.1558788892882674
0.9564364207221351 0.4066666666666667 0.9452457264957266 0.6989970122075662
0.43889021765127956 0.56 0.4740051113545089 0.452551536144817
0.9218995290423861 0.6066666666666667 0.9266088273545923 0.2920391223669714
0.9530166880616174 0.6166666666666667 0.9517263650328167 0.27143917162021497
0.4057913329021344 0.7033333333333334 0.4842751536473056 0.119465212097436
0.23450436339225778 0.7533333333333333 0.26022049071618036 0.1009064199167374
0.16930437983069557 0.73 0.1944443964653618 0.1920889893338912
0.10254596888260248 0.7333333333333333 0.17748587570621474 0.17500344305726892
0.6875 0.68 0.7010120858688302 0.19371267949559878
0.6894663528507614 0.4766666666666667 0.6602505231341549 0.6307379479868098
0.7000000000000001
0.3272229822161423 0.72 0.42128205128205126 0.09818496210888693
0.8210080561867383 0.43 0.7735649649825156 0.7379422640076708
0.9795918367346939 0.43 0.986013986013986 0.6709442005483959
1.0 0.64 1.0 0.22003472432698915
0.2897400820793433 0.7366666666666667 0.3216234607050367 0.09010276166130303
0.9107418279516394 0.46 0.8876227835183059 0.6307827974281165
0.9420289855072463 0.45 0.9541320458118123 0.6440589716493604
0.10698970840480282 0.7333333333333333 0.1369994272215754 0.1717247432711825
0.9120879120879121 0.6366666666666667 0.9259562841530055 0.24998181077640833
0.8517156862745099 0.6233333333333333 0.8519113334980772 0.2819959679178672
0.7442922374429224 0.5866666666666667 0.7988945578231292 0.41617452909498404
0.12711466165413532 0.7566666666666667 0.10677559912854034 0.17974540801782438
0.9404761904761905 0.6366666666666667 0.9537037037037037 0.23144185079591695
0.9139784946236559 0.63 0.9375 0.25834288073572864
0.9565217391304348 0.6733333333333333 0.9593253968253967 0.24066992667009415
0.3764656396235344 0.7133333333333334 0.4355082919345412 0.1053317989713397
0.9045883361921098 0.5966666666666667 0.897786593231781 0.3170328317178803
0.9305488101019912 0.65 0.9146193494986739 0.23345820579172066
0.9222421123293802 0.38333333333333336 0.904638517681996 0.8204201612602939
0.766505796308274 0.4766666666666667 0.7242651773901774 0.6357673120510136
0.6848849243506974 0.49666666666666665 0.6334891582827474 0.618309344173325
0.12241541353383456 0.7466666666666667 0.16300246103363414 0.1305472405959425
0.17744429806976347 0.7133333333333334 0.2582342971493915 0.15502154796039483
1.0 0.36666666666666664 1.0 0.7932286723280287
0.24749163879598662 0.7033333333333334 0.29291979949874686 0.2754141220951861
0.16206950288296706 0.7366666666666667 0.19786312452267202 0.12229026520874633
0.9953703703703703 0.4 0.9966666666666666 0.7359028490888376
0.0744544287548139 0.7833333333333333 0.040755447362119834 0.13643760993138754
0.9084249084249085 0.6233333333333333 0.9183330767288054 0.2896386406853563
1.0 0.3933333333333333 1.0 0.7617219823025766
0.9736637057815178 0.3933333333333333 0.9680952380952381 0.7374755970306743
0.09977277422020236 0.7333333333333333 0.19836878097747662 0.17500344305726895
0.09999999999999998 0.7366666666666667 0.10090040778458131 0.1482750526352024
0.9397590361445783 0.6433333333333333 0.9457215836526182 0.234324885322534
0.10080408967463661 0.7366666666666667 0.09235733010687641 0.13851221550009196
0.3842592592592592 0.7366666666666667 0.4345507433742728 0.09650826427789791
0.01403859298596144 0.7366666666666667 0.07632028268970947 0.14176439010564618
0.9711538461538461 0.5766666666666667 0.9791666666666667 0.3155740320280375
0.9886363636363636 0.36 0.9827586206896552 0.8406004499500329
0.14485785953177255 0.7233333333333334 0.18127416289764253 0.1602246396366056
0.9564364207221351 0.4066666666666667 0.9452457264957266 0.6989970122075662
0.5276249701028463 0.5466666666666666 0.5791255932822198 0.49975673546611254
0.9270015698587127 0.61 0.9302059496567505 0.28770970748633784
0.9635430038510912 0.6133333333333333 0.959790881161849 0.27569492648995797
0.42071744862928506 0.71 0.5030763038353171 0.11551565551304885
0.25587379727008275 0.75 0.2815815649867374 0.1013327291239528
0.18365844681634147 0.7266666666666667 0.21838331986080692 0.1894602293530517
0.12790462719741358 0.73 0.20211429813124734 0.1756218667734832
0.7418478260869565 0.67 0.7502007268424611 0.2091541601026711
0.6907632451126375 0.47333333333333333 0.6551034643106255 0.6420061017206214
0.75
0.33187414500684 0.7233333333333334 0.4246153846153846 0.09462972304678625
0.8210080561867383 0.43 0.7735649649825156 0.7379422640076708
0.9795918367346939 0.43 0.986013986013986 0.6709442005483959
1.0 0.64 1.0 0.22003472432698915
0.2897400820793433 0.7366666666666667 0.3216234607050367 0.09010276166130303
0.9107418279516394 0.46 0.8876227835183059 0.6307827974281165
0.9468599033816425 0.44666666666666666 0.9575567033460588 0.6502997322608973
0.10698970840480282 0.7333333333333333 0.1369994272215754 0.1717247432711825
0.945054945054945 0.6266666666666667 0.9505464480874317 0.2625486856729242
0.8517156862745099 0.6233333333333333 0.8519113334980772 0.2819959679178672
0.7945205479452055 0.5633333333333334 0.8433956916099774 0.46019870405781166
0.13157894736842102 0.76 0.10971677559912857 0.1758071764228133
0.9404761904761905 0.6366666666666667 0.9537037037037037 0.23144185079591695
0.9139784946236559 0.63 0.9375 0.25834288073572864
0.9565217391304348 0.6733333333333333 0.9593253968253967 0.24066992667009415
0.3764656396235344 0.7133333333333334 0.4355082919345412 0.1053317989713397
0.9159519725557461 0.5933333333333334 0.9052492797989453 0.32149648726236
0.9352436457827424 0.6466666666666666 0.9230939257698603 0.23389830153621854
0.9222421123293802 0.38333333333333336 0.904638517681996 0.8204201612602939
0.8216329170605502 0.45666666666666667 0.7689782767907768 0.6790345547568858
0.7001133507466364 0.49333333333333335 0.6496223208947833 0.6292648213103844
0.11348684210526316 0.7466666666666667 0.15206496103363415 0.12733709637553636
0.1819691849475915 0.71 0.26121048762558197 0.15882647455019863
1.0 0.36666666666666664 1.0 0.7932286723280287
0.2558528428093645 0.7 0.297827903091061 0.2865209475771825
0.16690042075736322 0.74 0.2013842512832354 0.11862141037126998
1.0 0.39666666666666667 1.0 0.7427170743004117
0.05905006418485237 0.7833333333333333 0.06211399077948679 0.1364376099313875
0.9084249084249085 0.6233333333333333 0.9183330767288054 0.2896386406853563
1.0 0.3933333333333333 1.0 0.7617219823025766
0.9736637057815178 0.3933333333333333 0.9680952380952381 0.7374755970306743
0.1152654410245817 0.7266666666666667 0.21429488386010126 0.17953381678641891
0.10999999999999999 0.74 0.11405830252142343 0.14773780290891209
0.9397590361445783 0.6433333333333333 0.9457215836526182 0.234324885322534
0.10080408967463661 0.7366666666666667 0.09235733010687641 0.13851221550009196
0.38888888888888884 0.7333333333333333 0.44248725131078076 0.09686330783607829
0.01403859298596144 0.7366666666666667 0.07632028268970947 0.14176439010564618
0.9711538461538461 0.5766666666666667 0.9791666666666667 0.3155740320280375
0.9886363636363636 0.36 0.9827586206896552 0.8406004499500329
0.15447324414715724 0.7166666666666667 0.18776766939114903 0.16791228569095337
0.9564364207221351 0.4066666666666667 0.9452457264957266 0.6989970122075662
0.6561827314039703 0.47 0.6847480832420592 0.638072838786386
0.9366169544740973 0.6066666666666667 0.9374523264683448 0.2920391223669714
0.9635430038510912 0.6133333333333333 0.959790881161849 0.27569492648995797
0.4257425742574258 0.7066666666666667 0.5111408199643493 0.1158348367808095
0.25128664130678 0.7466666666666667 0.27845656498673743 0.10493634538510918
0.19801251380198748 0.73 0.23501116665169722 0.18220928355948998
0.15296019397858152 0.7233333333333334 0.23121686223381138 0.18346070424313443
0.8166806020066889 0.65 0.8132095869957179 0.2298092685110686
0.6907632451126375 0.47333333333333333 0.6551034643106255 0.6420061017206214
0.8
0.33187414500684 0.7233333333333334 0.4246153846153846 0.09462972304678625
0.8258624251187772 0.4266666666666667 0.7768329388387247 0.7448535382434053
0.9897959183673469 0.42333333333333334 0.993006993006993 0.683767787739605
1.0 0.64 1.0 0.22003472432698915
0.2779753761969904 0.7333333333333333 0.30691757835209554 0.09044030087358026
0.9107418279516394 0.46 0.8876227835183059 0.6307827974281165
0.9468599033816425 0.44666666666666666 0.9575567033460588 0.6502997322608973
0.10698970840480282 0.7333333333333333 0.1369994272215754 0.1717247432711825
0.9560439560439561 0.6233333333333333 0.958743169398907 0.2667715138386665
0.8719362745098039 0.6333333333333333 0.8746628823124332 0.27291782083428323
0.8401826484018264 0.5366666666666666 0.8809523809523809 0.507237226762199
0.12711466165413532 0.7566666666666667 0.10677559912854034 0.1797454080178244
0.9523809523809523 0.6333333333333333 0.962962962962963 0.23552521481311686
0.9139784946236559 0.63 0.9375 0.25834288073572864
0.967391304347826 0.67 0.9682539682539683 0.24483462415273294
0.38745465061254536 0.7166666666666667 0.4511332919345412 0.10501850286639748
0.9273156089193825 0.59 0.9127119663661094 0.3259793394911595
0.9446333171442447 0.64 0.9400430783122331 0.23473812332208663
0.9100469903781607 0.38 0.8955476085910868 0.8278884738333583
0.8216329170605502 0.45666666666666667 0.7689782767907768 0.6790345547568858
0.7056330392784979 0.48 0.6534289444197167 0.6543978240216335
0.11348684210526316 0.7466666666666667 0.15206496103363415 0.12733709637553636
0.18649407182541955 0.7133333333333334 0.2706444498897329 0.15836670535027272
1.0 0.36666666666666664 1.0 0.7932286723280287
0.2690217391304348 0.6866666666666666 0.30038638262322476 0.3077415574570161
0.16690042075736322 0.74 0.2013842512832354 0.11862141037126998
1.0 0.39666666666666667 1.0 0.7427170743004117
0.06957637997432609 0.7866666666666666 0.04425684792234394 0.13571709752780872
0.9465201465201466 0.61 0.9473185839751823 0.30716596793766765
1.0 0.3933333333333333 1.0 0.7617219823025766
0.989247311827957 0.38666666666666666 0.9857142857142858 0.7450098055150215
0.1307581078289609 0.7266666666666667 0.2382265077917252 0.17953381678641891
0.10999999999999999 0.74 0.11405830252142343 0.14773780290891209
0.9518072289156626 0.64 0.9549808429118773 0.23842867526536854
0.11677938122370735 0.7366666666666667 0.10439723378764698 0.13851221550009196
0.40542328042328046 0.7266666666666667 0.46003914386267325 0.10077939360195368
0.018823281981176665 0.7333333333333333 0.06670489807432484 0.14226423788873943
0.9711538461538461 0.5766666666666667 0.9791666666666667 0.3155740320280375
0.9886363636363636 0.36 0.9827586206896552 0.8406004499500329
0.16534280936454848 0.7133333333333334 0.20389670164921353 0.16842073583273584
0.9615384615384616 0.4033333333333333 0.9487179487179487 0.7055420447205457
0.7940684046878738 0.4 0.8116557137641476 0.7718508554176878
0.9366169544740973 0.6066666666666667 0.9374523264683448 0.2920391223669714
0.9635430038510912 0.6133333333333333 0.959790881161849 0.27569492648995797
0.42071744862928506 0.7033333333333334 0.507491184927853 0.119465212097436
0.2604609532333855 0.7533333333333333 0.2847065649867374 0.0977415656886313
0.21378621378621387 0.73 0.24618127284284122 0.18220928355948998
0.18326934734289757 0.7233333333333334 0.2654606692742285 0.18346070424313443
0.8492892976588629 0.64 0.839071655961235 0.2421247871404855
0.6959988472068783 0.47 0.6587799348988608 0.6482832763056469
0.8500000000000001
0.33187414500684 0.7233333333333334 0.4246153846153846 0.09462972304678625
0.8210080561867383 0.43 0.7735649649825156 0.7379422640076708
0.9948979591836735 0.42 0.9965034965034965 0.6902395580527491
1.0 0.64 1.0 0.22003472432698915
0.2897400820793433 0.7366666666666667 0.3216234607050367 0.09010276166130303
0.9107418279516394 0.46 0.8876227835183059 0.6307827974281165
0.9565217391304348 0.44666666666666666 0.9691780821917808 0.6556753134225697
0.10227272727272729 0.7366666666666667 0.12880270591009998 0.1711062499620178
0.9560439560439561 0.6233333333333333 0.958743169398907 0.2667715138386665
0.8719362745098039 0.6333333333333333 0.8746628823124332 0.27291782083428323
0.8721461187214612 0.5133333333333333 0.9047619047619048 0.5461960668310226
0.13157894736842102 0.76 0.10971677559912857 0.1758071764228133
0.9523809523809523 0.6333333333333333 0.962962962962963 0.23552521481311686
0.935483870967742 0.6233333333333333 0.953125 0.2667715138386665
0.9782608695652174 0.6666666666666666 0.9771825396825397 0.24901619391842303
0.3764656396235344 0.7133333333333334 0.4355082919345412 0.1053317989713397
0.9273156089193825 0.59 0.9127119663661094 0.3259793394911595
0.9446333171442447 0.64 0.9400430783122331 0.23473812332208663
0.9100469903781607 0.38 0.8955476085910868 0.8278884738333583
0.8316831683168316 0.45 0.7759712837837838 0.6921083442491387
0.6963678478143019 0.47333333333333333 0.6364730618737418 0.6722025189929265
0.11348684210526316 0.7466666666666667 0.15206496103363415 0.12733709637553636
0.19554384558107574 0.7133333333333334 0.2830546026300743 0.16171507662879317
1.0 0.36666666666666664 1.0 0.7932286723280287
0.3219063545150502 0.65 0.3365705931495405 0.35855854273422466
0.17064048620850858 0.74 0.21209327211693874 0.11218127463217328
1.0 0.39666666666666667 1.0 0.7427170743004117
0.06957637997432609 0.7866666666666666 0.04425684792234394 0.13571709752780872
0.9516483516483517 0.6133333333333333 0.9507432415094288 0.3027563388062953
1.0 0.3933333333333333 1.0 0.7617219823025766
0.989247311827957 0.38666666666666666 0.9857142857142858 0.7450098055150215
0.14625077463334024 0.7266666666666667 0.25042300694474606 0.1795338167864189
0.10999999999999999 0.74 0.11405830252142343 0.14773780290891209
0.9518072289156626 0.64 0.9549808429118773 0.23842867526536854
0.12801533627988704 0.74 0.12002223378764698 0.13801180119818762
0.40542328042328046 0.7266666666666667 0.46003914386267325 0.10077939360195368
0.018823281981176665 0.7333333333333333 0.06670489807432484 0.14226423788873943
0.9807692307692307 0.5733333333333334 0.9861111111111112 0.32000627557912203
0.9886363636363636 0.36 0.9827586206896552 0.8406004499500329
0.16534280936454848 0.7133333333333334 0.20389670164921353 0.16842073583273584
0.9564364207221351 0.4066666666666667 0.9452457264957266 0.6989970122075662
0.8562544845730686 0.36666666666666664 0.8561518802482657 0.845217153347357
0.9366169544740973 0.6066666666666667 0.9374523264683448 0.2920391223669714
0.9635430038510912 0.6133333333333333 0.959790881161849 0.27569492648995797
0.4257425742574258 0.7066666666666667 0.5111408199643493 0.1158348367808095
0.2604609532333855 0.7533333333333333 0.2847065649867374 0.0977415656886313
0.22814028077185977 0.74 0.25549804302917667 0.17047306932811898
0.1984239240250556 0.7166666666666667 0.2816145154280747 0.18800593165664228
0.9023829431438127 0.62 0.8891794145819247 0.25959742067521785
0.70647005139536 0.4633333333333333 0.6661328760753313 0.6609546603100677
0.9
0.33187414500684 0.7233333333333334 0.4246153846153846 0.09462972304678625
0.8258624251187772 0.4266666666666667 0.7768329388387247 0.7448535382434053
0.9948979591836735 0.42 0.9965034965034965 0.6902395580527491
1.0 0.64 1.0 0.22003472432698915
0.2779753761969904 0.7333333333333333 0.30691757835209554 0.09044030087358026
0.9107418279516394 0.46 0.8876227835183059 0.6307827974281165
0.9516908212560387 0.44333333333333336 0.9609813608803054 0.6565784558735783
0.10227272727272729 0.7366666666666667 0.12880270591009998 0.1711062499620178
0.978021978021978 0.6166666666666667 0.9751366120218579 0.27526877886415746
0.8872549019607843 0.6333333333333333 0.8856664482828865 0.27291782083428323
0.8721461187214612 0.5133333333333333 0.9047619047619048 0.5461960668310226
0.12711466165413532 0.7566666666666667 0.10677559912854034 0.17974540801782438
0.9523809523809523 0.6333333333333333 0.962962962962963 0.23552521481311686
0.946236559139785 0.62 0.9609375 0.27101149959428267
0.9782608695652174 0.6666666666666666 0.9771825396825397 0.24901619391842303
0.38745465061254536 0.7166666666666667 0.4511332919345412 0.10501850286639748
0.9273156089193825 0.59 0.9127119663661094 0.3259793394911595
0.9446333171442447 0.64 0.9400430783122331 0.23473812332208663
0.9222421123293802 0.37666666666666665 0.9140661271096053 0.8290306852424051
0.8316831683168316 0.45 0.7759712837837838 0.6921083442491387
0.7111527278103593 0.48 0.6523207277214077 0.6642353100209732
0.11348684210526316 0.7466666666666667 0.15206496103363415 0.12733709637553636
0.20006873245890378 0.7166666666666667 0.29248856489422526 0.16123107470174342
1.0 0.36666666666666664 1.0 0.7932286723280287
0.36998327759197325 0.6233333333333333 0.38570384294068505 0.40097292952016306
0.1803023219573009 0.7333333333333333 0.22747788750155412 0.11299619632185272
1.0 0.39666666666666667 1.0 0.7427170743004117
0.06957637997432609 0.7866666666666666 0.04425684792234394 0.13571709752780872
0.9611721611721612 0.61 0.957989618321023 0.30716596793766765
1.0 0.3933333333333333 1.0 0.7617219823025766
0.989247311827957 0.38666666666666666 0.9857142857142858 0.7450098055150215
0.14625077463334024 0.7266666666666667 0.25042300694474606 0.1795338167864189
0.09999999999999998 0.7366666666666667 0.10090040778458131 0.1482750526352024
0.9518072289156626 0.64 0.9549808429118773 0.23842867526536854
0.14872996432184882 0.7433333333333333 0.1353301113246267 0.13427278320308925
0.4100529100529101 0.73 0.4633071177188824 0.09720839378966568
0.023607970976392 0.73 0.057089513458940255 0.14275164779709468
0.9807692307692307 0.5733333333333334 0.9861111111111112 0.32000627557912203
0.9886363636363636 0.36 0.9827586206896552 0.8406004499500329
0.16534280936454848 0.7133333333333334 0.20389670164921353 0.16842073583273584
0.9564364207221351 0.4066666666666667 0.9452457264957266 0.6989970122075662
0.8606792633341306 0.36333333333333334 0.8591639284410368 0.8528490839328077
0.9417189952904238 0.6033333333333334 0.9462242562929062 0.29247360563451613
0.9635430038510912 0.6133333333333333 0.959790881161849 0.27569492648995797
0.4257425742574258 0.7066666666666667 0.5111408199643493 0.1158348367808095
0.2650481091966883 0.75 0.29332725464190984 0.09815785617422171
0.23912929176087072 0.7433333333333333 0.2727394223395215 0.1698250220026109
0.2083249141240655 0.7233333333333334 0.30084528465884397 0.18678451247407704
0.9180602006688964 0.6133333333333333 0.9056126042370971 0.2641877993544227
0.7117056534896008 0.46 0.6698093466635666 0.6673498312312606
0.9500000000000001
0.33187414500684 0.7233333333333334 0.4246153846153846 0.09462972304678625
0.8258624251187772 0.4266666666666667 0.7768329388387247 0.7448535382434053
0.9948979591836735 0.42 0.9965034965034965 0.6902395580527491
1.0 0.64 1.0 0.22003472432698915
0.2826265389876881 0.73 0.315846149780667 0.09076817886539379
0.9107418279516394 0.46 0.8876227835183059 0.6307827974281165
0.9565217391304348 0.44666666666666666 0.9691780821917808 0.6556753134225697
0.10698970840480282 0.7333333333333333 0.1369994272215754 0.1717247432711825
0.978021978021978 0.6166666666666667 0.9751366120218579 0.27526877886415746
0.8872549019607843 0.6333333333333333 0.8856664482828865 0.27291782083428323
0.8721461187214612 0.5133333333333333 0.9047619047619048 0.5461960668310226
0.12265037593984962 0.7533333333333333 0.10383442265795212 0.18369892552818082
0.9523809523809523 0.6333333333333333 0.962962962962963 0.23552521481311686
0.956989247311828 0.6166666666666667 0.96875 0.27526877886415746
0.9782608695652174 0.6666666666666666 0.9771825396825397 0.24901619391842303
0.38745465061254536 0.7166666666666667 0.4511332919345412 0.10501850286639748
0.9273156089193825 0.59 0.9127119663661094 0.3259793394911595
0.9723166585721225 0.6366666666666667 0.9726574992005117 0.23884050213399946
0.9222421123293802 0.37666666666666665 0.9140661271096053 0.8290306852424051
0.8217821782178217 0.44666666666666666 0.7681587837837838 0.6987086022516726
0.7263811542062983 0.47 0.6628841080030978 0.68372368667283
0.11795112781954886 0.7433333333333333 0.15518996103363414 0.13104873951196658
0.21725184718483304 0.71 0.30975046965613 0.16554974872392378
1.0 0.36666666666666664 1.0 0.7932286723280287
0.3735367892976588 0.61 0.3866436925647452 0.420942036031947
0.1803023219573009 0.7333333333333333 0.22747788750155412 0.11299619632185272
1.0 0.39666666666666667 1.0 0.7427170743004117
0.06957637997432609 0.7866666666666666 0.04425684792234394 0.13571709752780872
0.9516483516483517 0.6133333333333333 0.9507432415094288 0.3027563388062953
1.0 0.3933333333333333 1.0 0.7617219823025766
0.989247311827957 0.38666666666666666 0.9857142857142858 0.7450098055150215
0.15688907250568063 0.7233333333333334 0.26324351976525884 0.1801374835849487
0.10999999999999999 0.74 0.11405830252142343 0.14773780290891209
0.9518072289156626 0.64 0.9549808429118773 0.23842867526536854
0.1582086373076309 0.75 0.14186605903704497 0.12683507883986964
0.4100529100529101 0.73 0.4633071177188824 0.09720839378966568
0.023607970976392 0.73 0.057089513458940255 0.14275164779709468
0.9807692307692307 0.5733333333333334 0.9861111111111112 0.32000627557912203
0.9886363636363636 0.36 0.9827586206896552 0.8406004499500329
0.18102006688963213 0.7066666666666667 0.22327248715403125 0.1727801520626726
0.9564364207221351 0.4066666666666667 0.9452457264957266 0.6989970122075662
0.8651040420951925 0.36 0.862175976633808 0.8605378152241538
0.9513343799058085 0.6 0.9534706331045004 0.2968194477501434
0.9635430038510912 0.6133333333333333 0.959790881161849 0.27569492648995797
0.42071744862928506 0.7033333333333334 0.507491184927853 0.119465212097436
0.27422242112329376 0.7433333333333333 0.31056863395225465 0.09895853168171971
0.2706766917293233 0.7433333333333333 0.2950796347218096 0.1698250220026109
0.25873913922004443 0.7133333333333334 0.3545762711864407 0.19533211916634868
0.9228678929765887 0.6166666666666667 0.9090848264593194 0.25998817510747063
0.7117056534896008 0.46 0.6698093466635666 0.6673498312312606
1.0
0.33187414500684 0.7233333333333334 0.4246153846153846 0.09462972304678625
0.8365007229911176 0.42333333333333334 0.7919844539902399 0.7461451892213979
1.0 0.4166666666666667 1.0 0.6967519651829951
1.0 0.64 1.0 0.22003472432698915
0.2826265389876881 0.73 0.315846149780667 0.09076817886539379
0.9206428180506493 0.45666666666666667 0.9015116724071948 0.6316895623324092
0.9565217391304348 0.44666666666666666 0.9691780821917808 0.6556753134225697
0.10698970840480282 0.7333333333333333 0.1369994272215754 0.1717247432711825
0.978021978021978 0.6166666666666667 0.9751366120218579 0.27526877886415746
0.8872549019607843 0.6333333333333333 0.8856664482828865 0.27291782083428323
0.863013698630137 0.52 0.8979591836734694 0.5349127903684325
0.10949248120300759 0.7566666666666667 0.09403050108932465 0.17974540801782438
0.9523809523809523 0.6333333333333333 0.962962962962963 0.23552521481311686
0.967741935483871 0.6133333333333333 0.9765625 0.2795434891596759
0.9782608695652174 0.6666666666666666 0.9771825396825397 0.24901619391842303
0.38745465061254536 0.7166666666666667 0.4511332919345412 0.10501850286639748
0.9273156089193825 0.59 0.9127119663661094 0.3259793394911595
0.9723166585721225 0.6366666666666667 0.9726574992005117 0.23884050213399946
0.9222421123293802 0.37666666666666665 0.9140661271096053 0.8290306852424051
0.8217821782178217 0.44666666666666666 0.7681587837837838 0.6987086022516726
0.731457296338278 0.4666666666666667 0.6664052347636612 0.6903041282929886
0.11795112781954886 0.7433333333333333 0.15518996103363414 0.13104873951196658
0.2344349619107623 0.7033333333333334 0.32701237441803477 0.16986842274610414
1.0 0.36666666666666664 1.0 0.7932286723280287
0.3626672240802676 0.62 0.3783939014202172 0.413507338280129
0.1899641577060931 0.7266666666666667 0.2428625028861695 0.11376809009464159
1.0 0.39666666666666667 1.0 0.7427170743004117
0.06957637997432609 0.7866666666666666 0.04425684792234394 0.13571709752780872
0.9516483516483517 0.6133333333333333 0.9507432415094288 0.3027563388062953
1.0 0.3933333333333333 1.0 0.7617219823025766
0.989247311827957 0.38666666666666666 0.9857142857142858 0.7450098055150215
0.15688907250568063 0.7233333333333334 0.26324351976525884 0.1801374835849487
0.10999999999999999 0.74 0.11405830252142343 0.14773780290891209
0.963855421686747 0.6366666666666667 0.9642401021711366 0.24254866061873637
0.16294797380052184 0.7466666666666667 0.15048674869221734 0.12733709637553636
0.41468253968253976 0.7333333333333333 0.4665750915750915 0.0936495431192058
0.028392659971607337 0.7333333333333333 0.06027422683473643 0.139000254993015
0.9807692307692307 0.5733333333333334 0.9861111111111112 0.32000627557912203
0.9886363636363636 0.36 0.9827586206896552 0.8406004499500329
0.18102006688963213 0.7066666666666667 0.22327248715403125 0.1727801520626726
0.9615384615384616 0.4033333333333333 0.9487179487179487 0.7055420447205457
0.856015307342741 0.36 0.8485213581599124 0.8672025229635703
0.9513343799058085 0.6 0.9534706331045004 0.2968194477501434
0.9635430038510912 0.6133333333333333 0.959790881161849 0.27569492648995797
0.42071744862928506 0.7033333333333334 0.507491184927853 0.119465212097436
0.27422242112329376 0.7433333333333333 0.31056863395225465 0.09895853168171971
0.29743940270256053 0.74 0.33080219682785333 0.1737221048483856
0.29399878763386544 0.71 0.3921534115601912 0.1993198906025917
0.9228678929765887 0.6166666666666667 0.9090848264593194 0.25998817510747063
0.7117056534896008 0.46 0.6698093466635666 0.6673498312312606
