0.05
0.32230975809327983 0.684494867639114 0.29318835074204413 0.18870351103657415
0.31118314424635335 0.6607239330091842 0.29759276371288895 0.21997709518841632
0.12357506325155643 0.6618044300378174 0.09256158024891131 0.22799207035516686
0.38166048551563403 0.662344678552134 0.3690954449998902 0.2349215984174773
0.086388694774439 0.6537007023230686 0.10731061202170603 0.24861564446966783
0.1990615455221637 0.6569421934089681 0.17898004449153532 0.2263350244655253
0.02869093908330389 0.6482982171799028 0.010919371826574431 0.20042192097602782
0.19604137195334065 0.6726094003241491 0.1748363765410619 0.21024116034686138
0.2095480776437083 0.6434359805510534 0.19813332277863752 0.22331667520679538
0.19937698809056337 0.678011885467315 0.1749663069237089 0.2009125835959194
0.31672558835673 0.6618044300378174 0.30185030764365717 0.21866664064564237
0.02674375301596632 0.6672069151809833 0.0040942648037905205 0.1731704215595837
0.20932304498055443 0.6666666666666666 0.1858846349886465 0.18690985687131578
0.2795760756050077 0.6645056726094003 0.26682442448386423 0.19863842767127823
0.3078921881274655 0.6574824419232848 0.2911828352425886 0.21398377686678574
0.24296668188041992 0.6693679092382496 0.22500069714335488 0.22512457032428174
0.18230706963846344 0.6693679092382496 0.15659407005460366 0.20838801810432395
0.12009672009672001 0.653160453808752 0.09193373172973585 0.1987530252553325
0.23400108704091926 0.6774716369529984 0.19989840005257245 0.21640163839553964
0.420914741536465 0.6655861696380335 0.3997957371786602 0.22976152615478693
0.1305254500351538 0.6704484062668827 0.10990524819388492 0.19733971272086118
0.09676128083637914 0.6504592112371691 0.07726265541716854 0.2048713058273404
0.20243651338366508 0.6720691518098325 0.1797107427673808 0.20114089339825295
0.2903351459755486 0.6553214478660183 0.27217669391865307 0.214834918209016
0.2352935068171671 0.6736898973527823 0.20545629083040104 0.18553697264054175
0.22286281199224545 0.662344678552134 0.2073529769879474 0.19428010019937164
0.11485899721193837 0.6796326310102647 0.08520038408640901 0.22291904983635272
0.16428365786917576 0.6628849270664505 0.15674965551657227 0.1901928799155
0.21743058010290245 0.6612641815235009 0.203149415939236 0.2239843047937949
0.017184555014264635 0.6342517558076716 0.05073229266820531 0.2641340760551471
0.22513031585466559 0.681793625067531 0.2056697502651599 0.17329169268240044
0.09934355628058733 0.6639654240950837 0.07864402609803273 0.20216267959113618
0.20529187196998722 0.6618044300378174 0.18772740493732218 0.18801072236331043
0.016719171211836192 0.6504592112371691 0.022290015621341974 0.22483321534189063
0.221105383808763 0.6645056726094003 0.20474696012012972 0.250360928327283
0.16541302237722355 0.6612641815235009 0.1464404746073986 0.20075168127054635
0.20758695040282105 0.6753106428957321 0.1731090071141099 0.22017512289929528
0.2467501861872497 0.6699081577525662 0.2246104039613216 0.2094658873801885
0.225121284062758 0.6634251755807672 0.18712313474289824 0.22251577263159167
0.37680448875088524 0.671528903295516 0.35814255891179864 0.21787274315265148
0.3943261233009003 0.6493787142085359 0.380542143462613 0.25642824363433375
0.2504051863857374 0.6655861696380335 0.22931144493274447 0.21756810353162026
0.19090187310472295 0.6612641815235009 0.15847759071743142 0.22807009596721342
0.1809110679672048 0.6677471636952999 0.15542553200163645 0.2224731202810534
0.012451193627001422 0.6672069151809833 0.038435819904752894 0.20636962514163681
0.2997353318833364 0.6677471636952999 0.2736380051430338 0.20918104321127717
0.09418893650477556 0.6580226904376013 0.07380055131475965 0.20693055309877342
0.2984895888685266 0.6618044300378174 0.27203968966579795 0.2116924775393089
0.1935462532782357 0.668827660723933 0.16642409309374162 0.19696729060741638
0.23352388782549494 0.6666666666666666 0.20759278127914324 0.22959633581586783
0.1
0.3231135786668905 0.6855753646677472 0.2945820681040109 0.18743255546936627
0.20583468395461912 0.6731496488384657 0.1908267657306447 0.19756924512675134
0.13256208214561682 0.6650459211237169 0.10047526261596407 0.22809785581730027
0.3314474917125331 0.6655861696380335 0.3173592607963412 0.23034326165698846
0.09926236509045738 0.6537007023230686 0.11968734406461085 0.24743103522193888
0.20152241687635508 0.6650459211237169 0.18049416787526287 0.21996328472956492
0.019794980558501152 0.6526202052944354 0.009309102397419305 0.19706513653315352
0.1560376614642518 0.6758508914100486 0.13299385439906525 0.20577626606041624
0.2126014673844221 0.6428957320367369 0.2009747866304641 0.22219284881637566
0.18555028765545645 0.6785521339816315 0.16155458162999214 0.20083770531601655
0.3145153798513626 0.6618044300378174 0.29827994445475414 0.22041292492993353
0.011353146046199414 0.6645056726094003 0.01880367489364429 0.17286693821236687
0.18920730101179128 0.6661264181523501 0.16513501799644448 0.1852532994670003
0.2534173102461289 0.6661264181523501 0.23994715908019273 0.19844434102834446
0.28601800014173334 0.6601836844948676 0.26891010153646944 0.20957397579552603
0.2574493056008345 0.6736898973527823 0.23946983578347925 0.22215128483126323
0.15622370224327387 0.6639654240950837 0.1295739742122907 0.2177916600421422
0.13212823212823221 0.6477579686655862 0.10584846425056624 0.20223093383817214
0.21394129979035642 0.6742301458670988 0.1818850383507879 0.21746969191646287
0.39969282028570546 0.6650459211237169 0.3770313047642595 0.225190325785309
0.07504344480851122 0.662344678552134 0.05334315644177867 0.199469903195067
0.1040450631705907 0.6509994597514857 0.08468377867152121 0.20539729550721605
0.20732273903173004 0.6720691518098325 0.184027769258422 0.20114089339825292
0.31816884569401055 0.6574824419232848 0.29912376370904326 0.21398377686678574
0.3024475342935172 0.6731496488384657 0.2719366062660101 0.19585600968665837
0.24797657432387965 0.655861696380335 0.23339149255294322 0.19904436595039263
0.13720157837804897 0.6736898973527823 0.1091516994367325 0.22906157743091812
0.166094457553833 0.6618044300378174 0.15816035173029935 0.1897352400830811
0.19962295275126662 0.6574824419232848 0.1843566020055708 0.22450391717815443
0.020194555735222997 0.6315505132360886 0.05301104673306464 0.2675677215699763
0.21466246903385633 0.6871961102106969 0.19414993023470153 0.1687409829337134
0.10335921696574224 0.6612641815235009 0.0827811589456775 0.20364418025474762
0.21904598354050797 0.6634251755807672 0.20157068896974895 0.19013366472755405
0.02073929534198482 0.6520799567801189 0.018980085011234632 0.22345029199319397
0.1985668155880922 0.668827660723933 0.18122576067191093 0.24609980417511826
0.17426527723634877 0.6580226904376013 0.15638296061425624 0.20170464056619
0.22613477644359709 0.6726094003241491 0.19185910870445488 0.2269298711071458
0.25806854815609515 0.671528903295516 0.23580868427817897 0.20981790715580764
0.23438274153592076 0.6618044300378174 0.1971312834823772 0.22857585035163913
0.36069541397209315 0.6677471636952999 0.3418589512550084 0.21900013366594917
0.42743455415831616 0.6472177201512695 0.41457560986491115 0.26215344295190696
0.2763371150729335 0.6672069151809833 0.25607127605905605 0.21618448784042002
0.17525106613488262 0.6618044300378174 0.14383045152014845 0.22915973587267224
0.18603951901168775 0.6726094003241491 0.1592630718276185 0.2234708231238393
0.020539294043657175 0.6655861696380335 0.047359370383858485 0.2071555649405917
0.3102604753544195 0.6655861696380335 0.2856201544611439 0.21177858725231735
0.10623443395860444 0.6574824419232848 0.08614695963759905 0.20815794967001722
0.29142484622423137 0.6639654240950837 0.2632569929306172 0.21199252762361648
0.1814800115175994 0.6747703943814155 0.1542226991572721 0.19223107254846536
0.23330036098300422 0.6634251755807672 0.20748539966739868 0.23008737486269637
0.15000000000000002
0.3182591842729161 0.6855753646677472 0.2885895051749491 0.18743255546936627
0.3144246353322529 0.6585629389519179 0.2998905651251894 0.222602963415115
0.14584426290939068 0.6650459211237169 0.1134617813997715 0.225190325785309
0.30795518074945477 0.6677471636952999 0.29470325155784877 0.22652944468399408
0.0871379765509745 0.6526202052944354 0.10692749634978807 0.24996979321841825
0.16978825428476474 0.6628849270664505 0.14783082596602035 0.22142793804295094
0.006896822591414331 0.653160453808752 0.02390656439735861 0.19817154912427903
0.13355441664154355 0.6753106428957321 0.11044025422189849 0.2041373527082422
0.21887105986091115 0.6439762290653701 0.2082165973729531 0.22029274662892723
0.1692845114073902 0.6747703943814155 0.14643800820042277 0.20364010208318029
0.2944054500412882 0.6601836844948676 0.2783554789746483 0.21946669504508073
0.004817678282944771 0.6601836844948676 0.03422657106979973 0.1767054002864908
0.1869024930662081 0.6634251755807672 0.16346827871446468 0.18783723058496407
0.2521357383220949 0.6693679092382496 0.23776606109680845 0.19919434720309578
0.25849022433247504 0.6601836844948676 0.2389479407979784 0.21015485618105254
0.24623198800286894 0.671528903295516 0.22843712326019336 0.2247920438872093
0.11754145528279358 0.6574824419232848 0.09331386385097418 0.22157749494720647
0.14600054600054602 0.6509994597514857 0.11851671309184605 0.20422881757901545
0.2344436679866449 0.6677471636952999 0.2026421754537249 0.22826928249373213
0.39327114210087233 0.6672069151809833 0.3688520989601193 0.2231319845216102
0.093034238488784 0.6672069151809833 0.07090404118616037 0.19659029514869403
0.07979195173447684 0.6509994597514857 0.06128024849751504 0.20364481716950364
0.22364183517237735 0.6742301458670988 0.20164290883185834 0.19857118653404343
0.350869682594778 0.6504592112371691 0.33531851950709546 0.22012094054994397
0.34370099998961595 0.6726094003241491 0.3140836466472515 0.20221489488022498
0.2777749657067944 0.6515397082658023 0.26691289381971556 0.2024197477506741
0.14358517299693768 0.6758508914100486 0.1149960322920992 0.2281302664190121
0.1691510228462112 0.6645056726094003 0.16110425051381436 0.1900143056523049
0.1535799850752131 0.6618044300378174 0.1348261029594948 0.22157770216787495
0.029200096814394505 0.6347920043219881 0.054820887249172334 0.26284143437456414
0.19573441370767963 0.6839546191247974 0.17458740473106366 0.1724779380548371
0.10332789559543232 0.6628849270664505 0.08246359845748386 0.2017156630885229
0.2320775154885668 0.6596434359805511 0.21559626777911592 0.19284811587981937
0.0328545232273838 0.6537007023230686 0.009329922735497653 0.22324317127325413
0.1929790096248169 0.6666666666666666 0.17566048408632254 0.24822861119958664
0.177519955836837 0.6580226904376013 0.15964091994940985 0.2028649348698145
0.2377759603180083 0.6736898973527823 0.20602622028381315 0.223302205777462
0.2726145897891266 0.6682874122096164 0.2505443652413837 0.2137230818945064
0.2871026011560694 0.6618044300378174 0.24792516334057402 0.23032781993706417
0.36290943898396094 0.671528903295516 0.3445733231895197 0.213842809474389
0.43130263444824035 0.646677471636953 0.41945354285530345 0.2604431623901055
0.27795786061588335 0.6655861696380335 0.25799047035482037 0.21872737653690782
0.18508128116751732 0.6596434359805511 0.1540546931664022 0.23064319693326069
0.2527858492595694 0.6677471636952999 0.2278229972507001 0.23175136562639154
0.011674222373627474 0.6704484062668827 0.039333124183633605 0.20192483476223425
0.29163543932286895 0.6699081577525662 0.2653828272568616 0.20658996407585012
0.11125436107784903 0.6591031874662344 0.09150997986811082 0.2097070789458527
0.2699662250608493 0.6650459211237169 0.2394910546138714 0.21300784853887159
0.1956357637024413 0.6747703943814155 0.16764732650850211 0.18881776353927945
0.2357899875390208 0.6693679092382496 0.20857584934001103 0.22686067178436448
0.2
0.3125773660910979 0.6861156131820637 0.28291727170666303 0.18511180620500325
0.31037277147487846 0.6585629389519179 0.2969235201951975 0.22201844622493297
0.15565568411177766 0.6612641815235009 0.12454487956547872 0.23040722158393856
0.29013220576539966 0.6661264181523501 0.277484179608964 0.22561209971322144
0.09604394751145279 0.6542409508373852 0.11675764733908606 0.24734734456447066
0.16982781813290282 0.6607239330091842 0.14874904453830434 0.22114293775832736
0.0069439534975059836 0.6504592112371691 0.02380317065808571 0.2025345330226985
0.09670848697077217 0.6720691518098325 0.07336321350867453 0.21089149195509999
0.22365466071580864 0.6428957320367369 0.2123644727594483 0.221007331351154
0.15384230208698446 0.6753106428957321 0.13054127186835351 0.20299480235095418
0.2929319777043765 0.662344678552134 0.27537434362319413 0.21917521881543994
0.008114260537523843 0.6628849270664505 0.021787617293251377 0.17359227588367523
0.15031221432002362 0.6666666666666666 0.12349104953980725 0.1863378921035996
0.22469540103918206 0.6666666666666666 0.2098310833694446 0.20471013737641952
0.2309427633288451 0.6607239330091842 0.2112440955596534 0.2060262822772137
0.2501727847688596 0.6709886547811994 0.23185753597872436 0.2231436333085456
0.12535564585286885 0.6639654240950837 0.09989128179209297 0.2218579787774215
0.16135876135876137 0.6526202052944354 0.13523985659990406 0.2052195857008753
0.18765432098765428 0.6704484062668827 0.1562762795662229 0.2301632314691718
0.15263458745738623 0.6726094003241491 0.1216498204783504 0.2062253123927485
0.1076714909197034 0.6639654240950837 0.08635191950363488 0.20043196064599195
0.07330221679194382 0.6504592112371691 0.055040497268524224 0.2025345330226985
0.23011720606092612 0.6726094003241491 0.20779201224754176 0.2010700955403562
0.34434417061976935 0.653160453808752 0.3279013081762314 0.21685543789448103
0.37997398780905706 0.6704484062668827 0.3510582860806277 0.20709236273628964
0.2750454290067371 0.6537007023230686 0.26401402283778846 0.1992772244211691
0.15617715617715622 0.6753106428957321 0.1276215728188829 0.22879476818302727
0.16926402966159848 0.6639654240950837 0.1618080727091358 0.18950007913533012
0.10269038922273277 0.6628849270664505 0.08300667184212601 0.22084614841530506
0.03634917038303476 0.6315505132360886 0.05606368796215924 0.2651277912098361
0.20068899669694473 0.6828741220961643 0.18016056252025425 0.1748489218177487
0.09284959216965738 0.6634251755807672 0.07385479803928305 0.20107361461485576
0.24672065098215346 0.6612641815235009 0.23018695792342428 0.19267184938559406
0.03288195097486046 0.6488384656942193 0.006955866607679578 0.22739920355033458
0.1447690590368938 0.6661264181523501 0.127962908607689 0.2477397946453742
0.17267718245299168 0.6591031874662344 0.15474045074927487 0.20216051700339174
0.2540733522042306 0.6699081577525662 0.22240713919072438 0.22735555829250595
0.2806193395170069 0.6726094003241491 0.2588411932431172 0.21024116034686138
0.2984852394715111 0.6650459211237169 0.25956328769813297 0.23042564407514046
0.35267200522961273 0.6736898973527823 0.33233149421292385 0.21467882893915674
0.43751492715548124 0.6477579686655862 0.42464215074761635 0.25668304892589
0.2763371150729335 0.6672069151809833 0.25607127605905605 0.21618448784042002
0.1678266249595055 0.6580226904376013 0.13575213814556641 0.23263599065326312
0.2555814188584951 0.6655861696380335 0.23214363344713057 0.23849684262380452
0.005987788579963849 0.668827660723933 0.03288068221480353 0.20500738152976547
0.3013954036843898 0.6693679092382496 0.2746412435401405 0.21126724783653936
0.1229895075505808 0.6607239330091842 0.10316831373405194 0.20602628227721367
0.2714113155118471 0.6634251755807672 0.24164401719109535 0.21206315207015428
0.21320010272453482 0.6747703943814155 0.18589394404813941 0.18824932199300815
0.24054571380856338 0.6704484062668827 0.21350874587337795 0.22611495131038928
0.25
0.30123733294169486 0.684494867639114 0.27165697631667185 0.1847626893955116
0.3047001620745543 0.6607239330091842 0.2917355655245891 0.2193943542210334
0.15969628915587925 0.6645056726094003 0.12683519657561046 0.22876060513644025
0.22938763297348796 0.671528903295516 0.21558642340925957 0.21844884156815875
0.11550197996738881 0.6477579686655862 0.13377729004534664 0.24832597869056836
0.15927613983446487 0.6596434359805511 0.13652302236344205 0.2207055735705077
0.00845607006794713 0.6547811993517018 0.03891421813893073 0.19683906690399053
0.08205592016264307 0.6699081577525662 0.0595885059577963 0.2163794190208237
0.22777667225744103 0.6445164775796867 0.21728258765165645 0.2214146802235581
0.14080754360951597 0.6747703943814155 0.11644433053509493 0.20478350858503147
0.26960802023121394 0.655861696380335 0.25063315972553435 0.22120417251173385
0.008088034743931272 0.6628849270664505 0.03752343921902157 0.1713131092876432
0.1359720479090163 0.6699081577525662 0.10682480337353126 0.18426467022754792
0.18797849434638536 0.6699081577525662 0.1732578850771696 0.20142071245618093
0.21719068654083895 0.6553214478660183 0.19778580119220496 0.21249756065005132
0.25588707048314535 0.6704484062668827 0.23754527547304058 0.22553696294208297
0.11283290455467121 0.6596434359805511 0.087866319301906 0.22654721542493989
0.18229788229788224 0.6520799567801189 0.15653687511691028 0.2070313682187844
0.1731345601366565 0.671528903295516 0.14066152310203667 0.22767881457614625
0.13959039271626172 0.6726094003241491 0.10841360805003392 0.2033601588826227
0.10677341045063216 0.6655861696380335 0.08471384433438103 0.2008121182299879
0.06923386854133362 0.6520799567801189 0.0497081300795979 0.20003094198946056
0.24150256058286257 0.671528903295516 0.21941749357032161 0.20235739001249697
0.34102742103436307 0.6542409508373852 0.32461878561404783 0.21496679947416328
0.3757554438687034 0.6720691518098325 0.3469216086296738 0.20285919811893915
0.2667859547177833 0.653160453808752 0.25534371610188034 0.19759023368008438
0.17417005652299772 0.6758508914100486 0.146284894945313 0.2321550775932938
0.17039544313470145 0.6628849270664505 0.16314979359113638 0.18789536647328542
0.09299713286987943 0.6628849270664505 0.07305146474606763 0.2208461484153051
0.04598168766028454 0.6320907617504052 0.0581057275612423 0.26383292615045695
0.18461885838150294 0.6888168557536467 0.16102840395603005 0.16966213030902155
0.10411223491027732 0.6650459211237169 0.08298355890731371 0.1997257485414989
0.25730703689515333 0.6618044300378174 0.24147484068530956 0.19261247399196868
0.023999279042066335 0.6488384656942193 0.015763681219040093 0.2268081886067025
0.13845659465183863 0.6645056726094003 0.12304393764006427 0.2509461011087459
0.17748071131995002 0.6569421934089681 0.1590043710519217 0.2018269917008601
0.2735784425667961 0.6693679092382496 0.24370233503228692 0.23033522505452098
0.2838040528928031 0.6682874122096164 0.26335364413701523 0.21256886058722937
0.2815893373245251 0.6618044300378174 0.2414101543397087 0.2309120166886267
0.3380181946941221 0.6758508914100486 0.31837472695129193 0.20977839783913704
0.40534366205958405 0.6493787142085359 0.39213417959848906 0.25344678472492765
0.27390599675850885 0.6677471636952999 0.2536550046588275 0.214953087040487
0.1587983345459567 0.6564019448946515 0.1261638224538453 0.23404442680333737
0.307178276207979 0.6618044300378174 0.2845485755482533 0.24672073455631643
0.005987788579963849 0.6731496488384657 0.03343847646026929 0.20214313698199707
0.25520950708838863 0.6731496488384657 0.23080992759362465 0.20099895912880508
0.13452163275651152 0.6607239330091842 0.11470422737624042 0.21008750095782888
0.2777865620844555 0.6661264181523501 0.24871096145735697 0.20997297439575954
0.2185736853983299 0.6731496488384657 0.19171845965306084 0.18616910168684514
0.22970980049586986 0.6634251755807672 0.20386116722412395 0.2330040877936178
0.30000000000000004
0.29557911797410985 0.684494867639114 0.26520143476496094 0.18532533335188434
0.31280388978930307 0.6618044300378174 0.2991791645355174 0.22157770216787498
0.1733855024073065 0.6650459211237169 0.13947862556674412 0.2298435536802653
0.1880762840652288 0.6693679092382496 0.1728914468759229 0.2164568258998859
0.11632502523487848 0.6547811993517018 0.13652035623699427 0.24312534101288466
0.15683505040434254 0.6596434359805511 0.13529633378891617 0.2207055735705077
0.01658615136876007 0.6526202052944354 0.048666375189164 0.1953218535664902
0.07801689818572544 0.6677471636952999 0.056347821493282546 0.2172650407129417
0.22843826157070612 0.6428957320367369 0.21793774232235516 0.221007331351154
0.1318115573452946 0.6747703943814155 0.10732757256712719 0.20764389613471007
0.2649205202312139 0.6564019448946515 0.24615629750776746 0.22171953599640407
0.011329542831966077 0.6661264181523501 0.018049893899422825 0.16930107102767242
0.1171074853964269 0.6661264181523501 0.08890391590381094 0.18925997212102647
0.1627390054279857 0.6693679092382496 0.14743842859412887 0.20378729652216165
0.1961393396798401 0.6580226904376013 0.1764814621813058 0.21100314523997954
0.25343809089130864 0.6699081577525662 0.23576676100174096 0.2250420043823633
0.1175374480055782 0.6645056726094003 0.09197160607375973 0.22585084138697878
0.1998595998595999 0.655861696380335 0.17471397674328654 0.20311061862006413
0.18855112974609833 0.6758508914100486 0.15531164391543426 0.2275555542249215
0.11315182350941888 0.6731496488384657 0.07917307879703608 0.207870806534948
0.10446121804650921 0.6639654240950837 0.08381587603719984 0.19927883239147443
0.053019342314223006 0.6515397082658023 0.03230471352656494 0.19717633358030778
0.2480254474420569 0.668827660723933 0.22642140746038872 0.20385729801771205
0.33471788345096226 0.6526202052944354 0.3184052590498606 0.21633462988317434
0.3642706202427805 0.6731496488384657 0.33397990906511854 0.1981405662024751
0.2400524394996988 0.6580226904376013 0.22718629950943744 0.19013498282732524
0.19735438853085913 0.6747703943814155 0.16810980303083184 0.23521926539804672
0.17809201445410983 0.6650459211237169 0.170424781611874 0.18479785038080196
0.07364204076823377 0.6618044300378174 0.054437220231867006 0.22332573352715138
0.06587369841286184 0.6315505132360886 0.07633432581476965 0.26390861364151796
0.18019844137076801 0.6888168557536467 0.15688805080746776 0.1730076591081986
0.10649657422512226 0.6645056726094003 0.08464795885297174 0.19921449553480888
0.2686992245809171 0.6628849270664505 0.2530374872711672 0.19249278980622112
0.006261362923954628 0.6493787142085359 0.03297835469418331 0.22614944875987864
0.10946505377043553 0.6645056726094003 0.09264276307852126 0.24919076150202993
0.16940288159405992 0.6574824419232848 0.1511125243640464 0.20118576833419363
0.28346043750033195 0.6699081577525662 0.2536729975289418 0.22909162701008198
0.2789410502523293 0.6753106428957321 0.2569401847309442 0.2069955931686459
0.2975704479768786 0.6628849270664505 0.25937254320771425 0.23075139632619862
0.35267200522961273 0.6747703943814155 0.3323530681968566 0.21394572774342968
0.36959896574282713 0.6569421934089681 0.35639176235528114 0.24043877275635928
0.25931928687196104 0.6666666666666666 0.2392751433937097 0.21568118281838608
0.1718880279558357 0.6591031874662344 0.13949618286493204 0.23247920589051724
0.31624540875971063 0.6607239330091842 0.29382497035327104 0.24044297588576555
0.021375226016089766 0.6704484062668827 0.0494094781415603 0.20192483476223425
0.28679672964544956 0.6726094003241491 0.2607077433298512 0.20565205690655472
0.12824219790564806 0.6618044300378174 0.10814070821740696 0.21053188346161855
0.2644126711751761 0.6650459211237169 0.23404592698555318 0.21358682949817806
0.21465536696783638 0.6774716369529984 0.18651188264023322 0.1845174638534569
0.23684338990018378 0.6655861696380335 0.21238013068966582 0.23150700964985987
0.35000000000000003
0.28990516753036943 0.684494867639114 0.25986750472530773 0.1842001575267166
0.3176661264181524 0.6601836844948676 0.30437346525926307 0.2235506596715912
0.1859246873602845 0.6672069151809833 0.1518791170347409 0.22603110053358821
0.16377688013291447 0.671528903295516 0.14685556976182157 0.21326750864816357
0.12784765897973444 0.6493787142085359 0.14867828680200448 0.24273509572804472
0.16335121619269177 0.6612641815235009 0.1409040847822442 0.2193216617078816
0.01899375515494295 0.6542409508373852 0.049633966645918376 0.1951551476532992
0.0771897683263375 0.6726094003241491 0.053829637558324706 0.2136874305272996
0.2180466575525848 0.6423554835224203 0.206602885263744 0.22106815948232272
0.10822855365835016 0.6731496488384657 0.08358389490179943 0.20901765319485152
0.2713485755573906 0.6564019448946515 0.2527360292356382 0.22230520852259747
0.00889447789690112 0.6634251755807672 0.02061257607671349 0.17012425048387697
0.10697795131625842 0.6661264181523501 0.07845013369724851 0.19155269058393892
0.17072497775944095 0.6677471636952999 0.15568323397912082 0.2051476010067289
0.18156442176710064 0.662344678552134 0.1607996538445268 0.20814480635107255
0.24864575862293803 0.671528903295516 0.22983790724680028 0.2247920438872093
0.15231259968102073 0.6666666666666666 0.12595968833630544 0.22263142623978163
0.22878592878592874 0.6585629389519179 0.20358670011656285 0.20222277604709885
0.17822035872350334 0.671528903295516 0.14795143822927645 0.2311455885747922
0.10931400821892412 0.6720691518098325 0.07460583008716729 0.20974270254690167
0.10861732751416098 0.6639654240950837 0.08781289362033998 0.19812625756460234
0.03442267391207654 0.6553214478660183 0.016669093629046255 0.19330462564292739
0.2593395280080249 0.6693679092382496 0.2388746365018152 0.20666186036572715
0.32116163369200507 0.6547811993517018 0.3037280393879887 0.21431617631001265
0.3341515145221753 0.6758508914100486 0.30406484830240144 0.18925310801062997
0.19926503712777321 0.6628849270664505 0.18333692349143874 0.18273490092562003
0.21938083702789585 0.6709886547811994 0.19038139793142908 0.24223532341385445
0.1822799932195911 0.662344678552134 0.17454955886525608 0.18623085830404232
0.04449943050155136 0.6596434359805511 0.023856625846972512 0.22128920142686886
0.051374712904122766 0.6337115072933549 0.06415635664476346 0.2642116626036361
0.18240864987613536 0.6877363587250135 0.1589432246539802 0.17202440066653704
0.09438694942903747 0.6607239330091842 0.07378147051944459 0.20081465582249766
0.2654760174898615 0.6628849270664505 0.25034725196274477 0.19134253751079097
0.001018744906275404 0.6488384656942193 0.04260317246167583 0.22562657827438692
0.1126447040089093 0.6655861696380335 0.0960256153335983 0.2478338910141415
0.16854996742705097 0.6569421934089681 0.15098749012322074 0.19950594496354304
0.29745561533109927 0.6699081577525662 0.26881304047096943 0.22793416346161635
0.27902698282910876 0.6709886547811994 0.25685098945583984 0.21161806132675612
0.28792836498761354 0.6645056726094003 0.24869311820719814 0.22876060513644025
0.33814270928178425 0.6758508914100486 0.31741838273842377 0.21149508309273995
0.325239353693108 0.6537007023230686 0.31122584527217395 0.23796886629058822
0.24311183144246357 0.6650459211237169 0.22268983536374026 0.2170631816600508
0.17364721689671103 0.6618044300378174 0.14027029585982528 0.22857585035163916
0.32242236040944655 0.6607239330091842 0.29889235065992537 0.23751163268292882
0.02702628337831825 0.6704484062668827 0.05577330165820851 0.20249852867906812
0.26571106627184815 0.6720691518098325 0.23974085084446073 0.20114089339825295
0.1378165256724918 0.6596434359805511 0.1172211009962334 0.2119662283774177
0.265168265554487 0.6650459211237169 0.23368504368490967 0.21300784853887159
0.22192001494175062 0.6758508914100486 0.1946818922170977 0.1864144396189572
0.23114602469072365 0.6645056726094003 0.2062156466440095 0.2310901874981091
0.4
0.2834195287749408 0.6861156131820637 0.252843726634596 0.18174303792190238
0.3176661264181523 0.6601836844948676 0.3045023303028439 0.2217996716852486
0.196977880691671 0.6693679092382496 0.1619642245178184 0.2233892867344081
0.10789061331191585 0.6704484062668827 0.09220511225977798 0.21054257749617353
0.13091854957683047 0.646677471636953 0.1509663558757878 0.24609709921993392
0.15844925540837806 0.6618044300378174 0.1370793050419335 0.21983071183074063
0.0190408860610346 0.6547811993517018 0.05058332481853192 0.19220202213316995
0.06536258435565034 0.668827660723933 0.04281776792792419 0.217111359021415
0.2020470503712395 0.6434359805510534 0.19100674921109373 0.2197618697740702
0.09197858989529506 0.6720691518098325 0.06669801033917733 0.20916846834281502
0.27300010322047896 0.6585629389519179 0.25455856136579946 0.22143405195259905
0.008072299267775862 0.6628849270664505 0.03854312283928907 0.1730222370624633
0.10367762128325508 0.6650459211237169 0.07515521386455418 0.19110162637308525
0.1891762612653266 0.6693679092382496 0.17433760993548372 0.2055116762563215
0.17589902282695136 0.6612641815235009 0.15525029150088498 0.20943953401329202
0.24055291126035078 0.671528903295516 0.22232830913424054 0.22363792757777248
0.15781859857501224 0.6693679092382496 0.13329136868003252 0.21472599824429178
0.2528489528489528 0.6650459211237169 0.22616438109948583 0.19799841537329524
0.21407717990527209 0.668827660723933 0.18586519989969086 0.23216014193533926
0.07138645422430034 0.6753106428957321 0.03346216208977909 0.20928405020999236
0.10776700317047605 0.6650459211237169 0.08660139135753406 0.19799841537329524
0.022335362710906526 0.6580226904376013 0.01385872006825159 0.19244396609734327
0.2618063988173803 0.6709886547811994 0.24081448391203228 0.20472286228672898
0.31276177253268533 0.6520799567801189 0.29559556451822566 0.21229632829193937
0.2896166706472415 0.6763911399243652 0.26002563073758134 0.18181589856083472
0.17077004064567403 0.6618044300378174 0.15420940950586656 0.18169944183370773
0.243547846489023 0.6720691518098325 0.21593002743273215 0.2408872511491378
0.17967680050799262 0.6596434359805511 0.17220522271234748 0.18881353174417617
0.020313420525509662 0.6601836844948676 0.010467020376629832 0.22355065967159116
0.06120806855283073 0.6320907617504052 0.07332631478946985 0.26261498222215673
0.17678184351775383 0.6839546191247974 0.1541996760429496 0.1814576354353532
0.09043393148450252 0.6591031874662344 0.07445211178185546 0.20389990281285758
0.26797664495845497 0.6596434359805511 0.2526945832729287 0.1916946025681272
0.009521346624036142 0.6493787142085359 0.028695023830651034 0.22733071526477172
0.1055139090182895 0.6655861696380335 0.08747408118570141 0.24958646220375239
0.1645012414348842 0.6591031874662344 0.14666077521012613 0.19752858821043254
0.3031726474665024 0.671528903295516 0.2747374845727355 0.22710129521504901
0.2837610866044133 0.6720691518098325 0.26246778916456903 0.20916846834281502
0.2795816990090835 0.6628849270664505 0.24209033134941613 0.22608626126347467
0.3307535467202079 0.6796326310102647 0.31010345381121707 0.20637472311425284
0.3017998255469829 0.6564019448946515 0.28750074007728876 0.2328683885241433
0.21231766612641811 0.6672069151809833 0.18991770260242166 0.21329428934762706
0.1514256732714807 0.6574824419232848 0.11896054947333626 0.2333011054300827
0.3330382670319786 0.6693679092382496 0.30791970203332275 0.23439259133095972
0.041589580985823216 0.6699081577525662 0.06954544004328922 0.20199459047194124
0.2705615680930793 0.6699081577525662 0.24474637851020592 0.2025685909895196
0.15390305152602168 0.6601836844948676 0.13184460890950747 0.2130612551806629
0.26523436386211113 0.6677471636952999 0.23323700351602392 0.21206563524170716
0.22836364485326743 0.6769313884386818 0.20133494495910262 0.18628282994818474
0.23258224888557733 0.6634251755807672 0.207057097820612 0.23067052334683416
0.45
0.26887208106917315 0.6850351161534306 0.23918125418286454 0.18412991489276342
0.3225283630470016 0.6591031874662344 0.30941865783321776 0.22253006913578596
0.2025044773573642 0.6650459211237169 0.16961168626028164 0.22577163090863206
0.07629587634548296 0.6704484062668827 0.060390537634346486 0.20709236273628964
0.1276263685068717 0.646677471636953 0.14587919261936383 0.24729016046076852
0.18039927835540992 0.6580226904376013 0.16209959636169993 0.2232604665863233
0.03763010093869057 0.6472177201512695 0.068064966722433 0.19644142168670564
0.0644388271762405 0.6677471636952999 0.053439303344541556 0.21668688953148715
0.17408844105265064 0.6455969746083198 0.1608771136508506 0.2177444603358398
0.07816770194519918 0.6753106428957321 0.051516973912407976 0.20642373517678528
0.2600549649050371 0.6591031874662344 0.2402676622184606 0.2190267468136398
0.009729769422822776 0.6612641815235009 0.01972803201512152 0.17431667358021735
0.09181270239700023 0.6612641815235009 0.06267285027074873 0.19440081209562174
0.18210956537435052 0.668827660723933 0.16758884070122218 0.20673341354890948
0.16943046795644057 0.6596434359805511 0.15023378985071995 0.2125479463529381
0.24541566147225669 0.6699081577525662 0.2267792116146545 0.22562026091708987
0.18493584349178105 0.6699081577525662 0.1597788230595528 0.21522609463041245
0.27148317148317147 0.6655861696380335 0.24347732116751128 0.2008121182299879
0.22687708673033624 0.6693679092382496 0.19634813839219722 0.23207362384291136
0.06423738065566009 0.6720691518098325 0.027150944987317654 0.21146604553179701
0.10852181526338833 0.6650459211237169 0.08695974780744406 0.19914983434189146
0.023962702011150694 0.6569421934089681 0.012268894949014758 0.19371405995113727
0.2536706087323795 0.6693679092382496 0.2327859799342097 0.20551167625632144
0.29599676038412587 0.6515397082658023 0.27911006983140974 0.21177308079396331
0.2671143082626348 0.6763911399243652 0.23684018565470552 0.18068398399203484
0.1297700457074018 0.6628849270664505 0.1118855778708871 0.186173824932782
0.25463153404329875 0.6742301458670988 0.22587224062514352 0.23992739717447614
0.17809201445410983 0.6618044300378174 0.17030414980277384 0.18686181220877202
0.01463807391697114 0.6601836844948676 0.007603906989602449 0.22238321609682313
0.07686058727199696 0.6304700162074555 0.089369226034756 0.26588991015492675
0.1876303158546656 0.6904376012965965 0.16370987392389638 0.17447673280443252
0.0999712887438825 0.6612641815235009 0.07799039972718913 0.19901788458612882
0.26550375820662875 0.6569421934089681 0.25066168468227823 0.19429254781091376
0.011884051156667352 0.6493787142085359 0.025384615537970695 0.22555902390792198
0.08629549931176961 0.6661264181523501 0.06586815142554397 0.25007505988200995
0.16853034516860754 0.6585629389519179 0.15012252178224542 0.19758860071614523
0.3055266414228585 0.6704484062668827 0.27656177488262523 0.22958465961807273
0.27326038612371173 0.6742301458670988 0.25150370908951547 0.20657476253947965
0.2755419075144509 0.6650459211237169 0.23525973365712946 0.22402802311364817
0.3276562463521117 0.678011885467315 0.30535193746225064 0.20889203985977886
0.27285152802151585 0.6628849270664505 0.2551808375043272 0.22666903977050354
0.20907617504051867 0.6655861696380335 0.18628254830192728 0.21235701222089737
0.1308597587853232 0.6526202052944354 0.09891550896323767 0.23812371883672603
0.27772953609356416 0.6628849270664505 0.2524651326082522 0.23717623288635237
0.029451534288933767 0.671528903295516 0.05777934745784885 0.20178431210971215
0.2665116218128456 0.6731496488384657 0.24105105735361068 0.19985524732206486
0.15794407992572257 0.6591031874662344 0.1370589272103876 0.21436270852037018
0.2636570767958651 0.6682874122096164 0.2311536701826906 0.21199191817690521
0.22690838060996588 0.6774716369529984 0.19846053676886025 0.18791675023951054
0.2469611911154504 0.6682874122096164 0.22153879742424992 0.22818607321711157
0.5
0.2696916371189393 0.6807131280388979 0.24025758055346777 0.1880721596749376
0.3330632090761751 0.6580226904376013 0.31931551245937473 0.22970297021865158
0.22031570215042373 0.6628849270664505 0.18852385077796102 0.23016789733214796
0.030945125552169772 0.668827660723933 0.019693566842034882 0.20673341354890948
0.13077102259492202 0.6455969746083198 0.1493196081342959 0.2486398791088742
0.18772254664577703 0.6580226904376013 0.16752195771460282 0.22326046658632331
0.04005341502690385 0.6504592112371691 0.07007152801743516 0.19437643505147245
0.08259316806196515 0.6677471636952999 0.06112680625461486 0.21553091187243284
0.15561562694632602 0.6461372231226364 0.14141473849716604 0.2159135708322173
0.06755620679567897 0.6709886547811994 0.042025689093728114 0.21161806132675612
0.256104201073493 0.6618044300378174 0.2356123312218663 0.21750304804261775
0.0040138577093342676 0.6580226904376013 0.03385543021070361 0.17748184616830276
0.09181270239700023 0.662344678552134 0.06266740412226496 0.19370418176340068
0.17742937816686222 0.671528903295516 0.16223982461957318 0.20579831852498603
0.15808392192064502 0.6574824419232848 0.13942683547107143 0.21165178232531728
0.2381391406402817 0.6736898973527823 0.21822131399754327 0.22215128483126323
0.2110953491540638 0.6720691518098325 0.18607277123504753 0.21606617734611872
0.2755274755274755 0.6677471636952999 0.24720387227449794 0.19997066341184358
0.2464942930351735 0.6672069151809833 0.21501626371304952 0.22951317146574413
0.037497553891629676 0.6731496488384657 0.024370750844736694 0.2130349022788004
0.11017470782537175 0.6634251755807672 0.08895617942660786 0.19991963000129914
0.017492589327061214 0.6569421934089681 0.016530326394807726 0.19313572975059673
0.25288791510479913 0.6693679092382496 0.23242099214446024 0.2043619692650261
0.3001426973658837 0.6520799567801189 0.2826584465847778 0.2128820769056428
0.23224836709899177 0.6731496488384657 0.20256305457479346 0.17652087102091885
0.12040078760484108 0.6628849270664505 0.10228511494957265 0.186173824932782
0.2880578027636851 0.6747703943814155 0.25989051577632993 0.24213816257383602
0.1832983998773069 0.6618044300378174 0.1759788344689577 0.18513960987829625
0.0138250657868898 0.6596434359805511 0.007726809682930769 0.22245682026553826
0.06183504475090895 0.6304700162074555 0.07421423517081047 0.26527941795638055
0.18754128819157723 0.6866558616963804 0.16394370373219425 0.17607039131918473
0.10160261011419247 0.6634251755807672 0.07970804998164105 0.1981896954315047
0.25741799976222246 0.6585629389519179 0.2428065940766766 0.19123243676232965
0.009439063381606161 0.6455969746083198 0.02890403389406307 0.2272099953245883
0.07511988738521902 0.6682874122096164 0.055172390198370336 0.24968801079882044
0.1661482029935718 0.6585629389519179 0.14790625763022355 0.199325300384554
0.3048282766055752 0.6699081577525662 0.2760682455720358 0.22793416346161635
0.2594460734020446 0.6758508914100486 0.2369590360122354 0.20234990278837137
0.2583544075144509 0.6634251755807672 0.21684462759351172 0.2283385265247336
0.31817757336632974 0.6769313884386818 0.29608202312904514 0.21133594963189686
0.2469509662412644 0.6672069151809833 0.2290935275850326 0.21965634665282663
0.18719611021069693 0.6677471636952999 0.1620827531267505 0.2109114498005429
0.1301096140671386 0.6547811993517018 0.09886884291308931 0.2354540864937788
0.24654279930220918 0.6639654240950837 0.22137429457928884 0.23642240234740736
0.032700925028170125 0.6769313884386818 0.06151596541948254 0.19707477577415503
0.2673239694976547 0.6736898973527823 0.24106427052010246 0.19978439056081393
0.15084092184586417 0.6639654240950837 0.12902670359982835 0.21199252762361645
0.265168265554487 0.6672069151809833 0.23367694148921467 0.2115615320431805
0.22450758371660484 0.6753106428957321 0.1970836973733082 0.1893198821839639
0.24281181352208936 0.6677471636952999 0.21589877455873296 0.22710929889895873
0.55
0.2688878165453287 0.6796326310102647 0.239773515561048 0.18934261300394495
0.32739059967585094 0.6574824419232848 0.3135808332615184 0.22801964703526367
0.24077328419654376 0.6661264181523501 0.20911110059038948 0.22503148442645382
0.00988984165229645 0.6655861696380335 0.011827842112182324 0.20831058061260857
0.13406320366488078 0.6423554835224203 0.15208576101935822 0.24969908696462823
0.1885296491477948 0.6585629389519179 0.17011459347998245 0.22318760274372482
0.023824673029338994 0.6482982171799028 0.05452225343909145 0.19983772525539328
0.06838122183313622 0.6693679092382496 0.05162852523994044 0.21530283513117668
0.13161621617430808 0.6455969746083198 0.11652022591652542 0.21538424747482096
0.06266224268474907 0.6693679092382496 0.038004241372548486 0.21357264561790523
0.25206440957886045 0.6607239330091842 0.23256274421726467 0.21764686191001287
0.005687063340536702 0.6596434359805511 0.02488520096228597 0.1756121316793817
0.0848130587706658 0.6655861696380335 0.05386612555801373 0.19333616574736837
0.16265520042289294 0.6699081577525662 0.14715885392051317 0.2100414135721921
0.1386743202702383 0.6564019448946515 0.11890763696252668 0.21762346551307268
0.23416313490252333 0.6693679092382496 0.21553177171175145 0.22628188199695665
0.23813244852652415 0.6720691518098325 0.21078752254804894 0.21779286781848697
0.27307047307047305 0.6618044300378174 0.2456031207065994 0.20300094543600114
0.2562233092631415 0.671528903295516 0.22428641704088545 0.22825641456621418
0.023098987568619833 0.671528903295516 0.026493642946266216 0.21326750864816357
0.11041348845230359 0.6639654240950837 0.08984560733481481 0.19524727434596065
0.0078266648178138 0.6585629389519179 0.015396326285852802 0.19296408303617943
0.24067235098463657 0.6704484062668827 0.21884376637868377 0.2036462778034257
0.2873076478074743 0.6509994597514857 0.2695735428102304 0.21242128445562425
0.21935649681727087 0.6720691518098325 0.18938050691411867 0.17607136562146605
0.07959440375377735 0.6601836844948676 0.06024691387840189 0.19394325342196359
0.29191614485732137 0.6753106428957321 0.26238475313079257 0.24146336818475075
0.1938255228583191 0.6601836844948676 0.18648704495389004 0.18818147514577283
0.013043478260869601 0.6591031874662344 0.010228230255435178 0.22428337339311333
0.06567286004140366 0.6326310102647218 0.07695188634379363 0.26497462042483577
0.17963976052848885 0.6834143706104808 0.15639452453324126 0.17871478616119285
0.10878694942903744 0.6580226904376013 0.08771014203346345 0.19996530960497474
0.24524775102046203 0.6585629389519179 0.23024490660126967 0.18950220256440464
0.012699047081687675 0.6509994597514857 0.02557071827464294 0.2247649357383741
0.0789305238616878 0.6666666666666666 0.05998566331584754 0.24706201219391885
0.16854996742705097 0.6591031874662344 0.15044079623098952 0.19810706064354314
0.3120973780782488 0.668827660723933 0.2838644845455969 0.23042064269955562
0.23685231575274335 0.6720691518098325 0.21422243660774504 0.20285919811893915
0.2740684351775392 0.6650459211237169 0.23449605365463586 0.225190325785309
0.31072615351092225 0.6769313884386818 0.29003840972716455 0.20790747891130812
0.2221628020477462 0.6661264181523501 0.202289971656254 0.22097001738311592
0.1645056726094003 0.6634251755807672 0.14110522566965902 0.2126428361070486
0.11461414680000215 0.655861696380335 0.08329529406710126 0.23353341974092162
0.24387942631853166 0.6628849270664505 0.2185171442388814 0.23367036232815008
0.0311351903776107 0.6774716369529984 0.061641304323495405 0.19302394766189862
0.2592240769371872 0.6736898973527823 0.2327800543297671 0.19864176502973227
0.16684985995411972 0.6661264181523501 0.14481922237061678 0.21112859344119397
0.2467320219083488 0.6682874122096164 0.214949443589822 0.21026177338803984
0.2110483350064981 0.6747703943814155 0.18292545675747418 0.19166187436258983
0.24137558932723557 0.6666666666666666 0.21428565674351813 0.22901540432425954
0.6000000000000001
0.2664527516102637 0.678011885467315 0.23730641029789012 0.18954969402568797
0.3338735818476499 0.655861696380335 0.32052968111709557 0.22883024330511034
0.24638128735976766 0.6655861696380335 0.21490516003471416 0.2256920505991894
0.01035047520059218 0.6720691518098325 0.028165133418859595 0.20457855184768683
0.13563553070890594 0.6439762290653701 0.1549086114710143 0.2488713172015811
0.1966402380161104 0.6574824419232848 0.17833590167451416 0.22508957132641608
0.033549349986253474 0.6482982171799028 0.06286626310714702 0.1980861494012258
0.06526595703562843 0.6704484062668827 0.04784064645206165 0.21514899548367272
0.11594223498308553 0.6488384656942193 0.09916534781198647 0.21619446277170304
0.05939959994412913 0.6682874122096164 0.0353232762250954 0.2148777465137767
0.2624432287365813 0.6601836844948676 0.24319691371621088 0.21830093824760843
0.008933816587289978 0.6585629389519179 0.020834551818842723 0.17743122844029854
0.067997644834906 0.6639654240950837 0.045511724668983594 0.19352159134248512
0.1495339152409072 0.6726094003241491 0.13384053950347818 0.21196383298541116
0.14594996810998506 0.6547811993517018 0.12735714312171956 0.21607114758754087
0.22209428180217772 0.6682874122096164 0.2048598324072217 0.2270268010518303
0.24116195010138414 0.6731496488384657 0.21354575095516054 0.21993282917301982
0.273019773019773 0.6655861696380335 0.2470310299296136 0.19966047051585487
0.28114760462768845 0.6699081577525662 0.24983845208043476 0.23140753913342835
0.05345133016798331 0.6774716369529984 0.025144718768016355 0.2106845295050941
0.10540705464096678 0.6639654240950837 0.08460099878282937 0.19697424116117115
0.015090824893581933 0.6596434359805511 0.019998880479199843 0.1922712822560096
0.23251280291431287 0.6704484062668827 0.2111198033425327 0.2042203315585052
0.2747965598364765 0.6515397082658023 0.2564016314216501 0.21353119762526526
0.1937479880790438 0.6682874122096164 0.162673989970837 0.17874609103426553
0.04127206280591811 0.6607239330091842 0.03560222939985502 0.1933073583835075
0.308191264073617 0.6704484062668827 0.28077299593285965 0.244070326397245
0.18873214425050922 0.6596434359805511 0.18151618248302756 0.18938943381146545
0.004178940340128001 0.6601836844948676 0.016676445391671346 0.22471857087489658
0.06825672293574203 0.6326310102647218 0.07985706678445639 0.26314816692669635
0.18367955202312136 0.6855753646677472 0.15957369179098108 0.17788557375829456
0.11361827079934739 0.6591031874662344 0.09188710479319182 0.19926445300177967
0.2419690624958719 0.6585629389519179 0.22688295071454007 0.19007878953554294
0.008001065763902027 0.6450567260940032 0.029832092710588787 0.23321403903442323
0.06862007863259423 0.6655861696380335 0.04878160927405145 0.25017076869201216
0.16533453334344972 0.6580226904376013 0.14706592149576977 0.1993858311004108
0.2983093198510863 0.6699081577525662 0.27019516453322445 0.22735555829250595
0.22243517298488102 0.6747703943814155 0.19911636054576387 0.20192581396682355
0.2725059351775392 0.6645056726094003 0.2322669900928501 0.22585084138697878
0.3090841173861275 0.6769313884386818 0.28752743783762524 0.20733640526855882
0.21571686690688574 0.6682874122096164 0.19583146483348124 0.21892246927796166
0.14181523500810367 0.6699081577525662 0.11404883572091853 0.20716491848340293
0.2761661099220912 0.6537007023230686 0.24780917147074014 0.23206940712586627
0.2003672992231505 0.662344678552134 0.17501976074357783 0.22966429856083034
0.04324965278687665 0.678011885467315 0.0725341801504103 0.1935215314031167
0.2495230732947249 0.671528903295516 0.22348834305044335 0.20006579621732334
0.16684985995411972 0.6650459211237169 0.14329088364374704 0.21185024589362494
0.24282185339654577 0.6682874122096164 0.21033746461915542 0.2114150889846743
0.2015074047268851 0.6763911399243652 0.171830627304785 0.19145801640341578
0.23352388782549494 0.6634251755807672 0.2082886853329014 0.2318371133392297
0.65
0.23243265216205444 0.6850351161534306 0.20102851708675185 0.18075889835817582
0.31523500810372773 0.6612641815235009 0.30170176082249467 0.22106927423471126
0.24786727898135918 0.6655861696380335 0.21722054401963342 0.22453023006521916
0.031386073906093714 0.6682874122096164 0.04993781622714086 0.210838373795335
0.1371340942619768 0.6450567260940032 0.15735278560530888 0.24931539601488165
0.2055579293864439 0.6601836844948676 0.18591212731850068 0.22471857087489655
0.03029731746592823 0.6450567260940032 0.059723647064462454 0.20133106193531247
0.06370832463687459 0.6677471636952999 0.0458546044307149 0.2172650407129417
0.08782081266943531 0.6499189627228525 0.0702527032404772 0.21313184025322543
0.05944703739916246 0.668827660723933 0.035215298143185025 0.21191785060305213
0.26795649256812554 0.655861696380335 0.24974512760240672 0.22061844282765392
0.0008326689465623094 0.6553214478660183 0.029278282611893858 0.1783052727403237
0.07772819535474673 0.6650459211237169 0.045523052657829854 0.1945474791106654
0.156786271450858 0.6709886547811994 0.14154446555331066 0.21391996047604156
0.14838305813431596 0.6574824419232848 0.12910811081108112 0.21515058977281096
0.21410706135489344 0.6666666666666666 0.19608701039975238 0.22959633581586783
0.23701441818342112 0.6661264181523501 0.21211929528953508 0.22503148442645382
0.25935025935025935 0.6655861696380335 0.2323379142619374 0.19908484818550173
0.27388772420218954 0.6661264181523501 0.24463805959962132 0.233168747699242
0.05209695858609786 0.6736898973527823 0.019658503652245862 0.21525308240363691
0.10540705464096678 0.6650459211237169 0.08396123611779324 0.1962723199656674
0.006238570034456714 0.6596434359805511 0.020906264519264334 0.1934251029005554
0.21949078718124704 0.6709886547811994 0.19742488065776617 0.20357525925588127
0.25316441050561145 0.6569421934089681 0.2330306337863391 0.2082221218771603
0.16016967632734858 0.6677471636952999 0.1275018556570909 0.17994213054984254
0.027799008913702572 0.6580226904376013 0.035892264084740305 0.19764829912147028
0.3312003900239194 0.6720691518098325 0.3029758886976287 0.24436060237949767
0.20107006691617857 0.6612641815235009 0.1939916200523318 0.18921800186097992
0.006617964730371906 0.6596434359805511 0.015003155101443844 0.22596252457032723
0.08887612907212666 0.631010264721772 0.1001135555476742 0.2645937902344965
0.1510696222130471 0.681793625067531 0.12861817622246505 0.18060165445343193
0.11518694942903751 0.662344678552134 0.09195890115329161 0.1960087341635433
0.22087951282017415 0.6612641815235009 0.2053284017843521 0.18519551540991389
0.010363770296533126 0.6450567260940032 0.028567854690164596 0.23143104714281915
0.07189340105485281 0.6634251755807672 0.05264673787347382 0.25289369023585767
0.1661482029935718 0.6585629389519179 0.14790625763022355 0.199325300384554
0.29414435705295355 0.6709886547811994 0.26359486929667486 0.22776431429046487
0.1830142543916755 0.6747703943814155 0.1591375394708669 0.2007835119570243
0.27645669900908343 0.6650459211237169 0.23756263815444514 0.225190325785309
0.2948661079074546 0.6742301458670988 0.2727323399912276 0.2117310746426944
0.19561712754800054 0.6661264181523501 0.17545310575509626 0.21923095807287193
0.1280388978930308 0.6682874122096164 0.09977361494099085 0.2068046242975476
0.26072242255585587 0.6553214478660183 0.23194269610238866 0.22890426326766386
0.18843849876486884 0.6618044300378174 0.16334597711394255 0.2309120166886267
0.044874348156494825 0.678011885467315 0.07416261626967899 0.19295377479064638
0.25844710568381324 0.671528903295516 0.23210169699392386 0.202357390012497
0.1717921993280901 0.6650459211237169 0.14898408365377958 0.21358682949817806
0.24522083314972687 0.6693679092382496 0.2132364189857888 0.21069117548017305
0.2087097954069681 0.668827660723933 0.1817895581723944 0.19639395766884774
0.23197590020939585 0.6693679092382496 0.20563105444057492 0.22801851447262295
0.7000000000000001
0.23891829091748318 0.684494867639114 0.2071637291776871 0.18251324143211473
0.3160453808752026 0.6601836844948676 0.30274778317101253 0.22296687902614526
0.09173866188392732 0.6542409508373852 0.05995826617945468 0.23376241396887015
0.03140575910046539 0.6720691518098325 0.05186727530849314 0.20400531862155305
0.14618759220436367 0.6412749864937871 0.16596645380691305 0.2486492317081597
0.19335248223583223 0.6580226904376013 0.17351606778141612 0.22618710303709985
0.027858293075684326 0.6509994597514857 0.05862346209860697 0.19839606730000905
0.061226935058710796 0.6682874122096164 0.05153031154084817 0.21603284795957053
0.08806503216202743 0.6482982171799028 0.0698905735955637 0.2168455669021858
0.056944711646158774 0.6709886547811994 0.0321457577889816 0.21391996047604162
0.2599659372419488 0.6607239330091842 0.24075502145479444 0.21706461055946627
0.002463913308016763 0.6580226904376013 0.028037903501150235 0.1780552487393826
0.08580858085808574 0.6650459211237169 0.05381565183880202 0.1956972328008164
0.15348048632689104 0.668827660723933 0.1381831210154955 0.2142249912625879
0.12410333939637319 0.655861696380335 0.10340448859700788 0.21886204311249224
0.2157397144161179 0.6655861696380335 0.19764222035309612 0.23092508980707457
0.22895979098042046 0.662344678552134 0.20542164603134885 0.22558098871024948
0.23912873912873922 0.6645056726094003 0.21197915907238316 0.19691105425008035
0.26437999844708443 0.6699081577525662 0.23444730261711713 0.23140753913342837
0.011058984684786721 0.6682874122096164 0.027000686070034308 0.22123603153435165
0.10375416207898325 0.6612641815235009 0.08313606371058338 0.19901788458612882
0.006682033075278815 0.6591031874662344 0.029963305253524197 0.19348351076021258
0.19911567499076077 0.6677471636952999 0.17741583400082933 0.20629940700019683
0.25139804851710446 0.6596434359805511 0.2304788437462266 0.2049961887605177
0.16163513359155146 0.6682874122096164 0.12953819253326052 0.17760806644427368
0.005328733910032857 0.6585629389519179 0.028034645707746247 0.20280271231297897
0.34091670856376743 0.6720691518098325 0.3129137431256699 0.24204483112886893
0.19710810178147176 0.6607239330091842 0.1904026890665033 0.18812486092394773
0.002584344684026574 0.6591031874662344 0.01847376668965084 0.22662276820778562
0.07084058583008046 0.6326310102647218 0.08123106022600737 0.26132289972579414
0.15528746903385626 0.6828741220961643 0.13184283074172504 0.18215637251253056
0.11600261011419255 0.6618044300378174 0.09460484603521976 0.19664686481655116
0.20048480205017105 0.6612641815235009 0.1826934877562749 0.18576968837909685
0.007158642091404932 0.6461372231226364 0.03307235919466911 0.23129483854223415
0.06703025351335734 0.6661264181523501 0.04752781465110231 0.2500750598820099
0.1564822784843244 0.6591031874662344 0.13767012938114334 0.19984337176736386
0.2736820023685986 0.6704484062668827 0.24230994221257207 0.2278494303262848
0.15891407263125557 0.6736898973527823 0.13316919594465246 0.20149920341862465
0.27902301816680425 0.6618044300378174 0.24055407059575853 0.22915973587267222
0.29872216904411714 0.6790923824959482 0.27624195307389743 0.20645357816550852
0.18043945545736806 0.6682874122096164 0.16028049578683967 0.2183443349177921
0.11912479740680704 0.6650459211237169 0.09088349116438851 0.2083803660879198
0.25505717032135405 0.6618044300378174 0.22594935288398055 0.22332573352715138
0.15212331092903109 0.6580226904376013 0.1275914568248546 0.22911670348130844
0.04407379261549749 0.6758508914100486 0.07299306677673315 0.1938014422738987
0.257599381567569 0.6736898973527823 0.23115522921955353 0.19807062935792308
0.17591081547306542 0.6655861696380335 0.15386822217513885 0.21467189541745163
0.24433304215516766 0.6682874122096164 0.21285668482783204 0.21026177338803984
0.2137604183690145 0.6742301458670988 0.18528359449884438 0.1962885800093168
0.22710841051860797 0.668827660723933 0.20030409133294197 0.22752316066320477
0.75
0.2202730629628853 0.6866558616963804 0.1886708089563869 0.17718999204172659
0.31685575364667745 0.662344678552134 0.30432028694056806 0.21917521881543992
0.20316606667062936 0.6699081577525662 0.1681859897698975 0.22099676845877447
0.04921692296789737 0.6699081577525662 0.06891748263344294 0.2060151263151686
0.1446152651603385 0.6428957320367369 0.16546461372661866 0.24722633015931864
0.19904176359809467 0.6596434359805511 0.17951551949141853 0.22537794857904558
0.028702721809826803 0.6472177201512695 0.05866796953819667 0.1987772233599097
0.045457356431127915 0.6661264181523501 0.04103557370375019 0.2186514871575955
0.08080822438215052 0.6488384656942193 0.0625516990336134 0.21560621710532069
0.044780957551384004 0.6699081577525662 0.019153091567773173 0.2129207090796668
0.25353788191577215 0.6618044300378174 0.23349099480602623 0.2157585700116818
0.003982386757023337 0.6537007023230686 0.03184065749906834 0.18363768834725783
0.08498349834983498 0.6699081577525662 0.05212944861460919 0.19225588696982876
0.11979989943399383 0.6736898973527823 0.103216324528632 0.21582743098786458
0.12409940235749883 0.6520799567801189 0.10526049642001231 0.22051007532279657
0.20927952011475515 0.6645056726094003 0.19168783219388003 0.23109018749810908
0.20758497431335304 0.6601836844948676 0.18391269114007405 0.22647130016970488
0.22530712530712538 0.6628849270664505 0.1979165396875773 0.19479506044184824
0.23062349561301337 0.6704484062668827 0.19937163584259082 0.2284277580451467
0.017906800696239733 0.6677471636952999 0.020436300670188284 0.21900013366594917
0.10450897417189553 0.6601836844948676 0.08345833145445389 0.2008773086378283
0.0025744403077816447 0.6607239330091842 0.026569557518344222 0.19561463768539386
0.18936698167995358 0.6704484062668827 0.16648177678867726 0.2036462778034257
0.23618342396544412 0.6553214478660183 0.21516260775569468 0.20666418961980249
0.15132111816076677 0.6677471636952999 0.11944114359674982 0.1793724799154202
0.019189009976665394 0.6601836844948676 0.03996366549798128 0.20261411081564404
0.34495025671496266 0.6666666666666666 0.3180452226509045 0.2464788004539505
0.1994852808622959 0.6612641815235009 0.19240581439520255 0.18864289556023517
0.01870311456737761 0.6585629389519179 0.01018483461835809 0.22494224567933568
0.06690235135385664 0.6331712587790383 0.07787172260548078 0.2606400365787108
0.14968517753922383 0.684494867639114 0.12741133843705468 0.18082735907036318
0.11920261011419253 0.6628849270664505 0.09622385913615145 0.19537099267867317
0.17847848773464026 0.6601836844948676 0.16004203669892997 0.18645597271628492
0.01840401855683027 0.6482982171799028 0.021947993469949884 0.2286504168672583
0.06394427545866849 0.6672069151809833 0.04595411804906374 0.2516319415038457
0.15404126953395825 0.6596434359805511 0.13525250618044346 0.19862479792820234
0.2811064435439757 0.6699081577525662 0.25014470315759507 0.22735555829250595
0.13068261714172624 0.6726094003241491 0.10471492107506139 0.19992576674818052
0.27498322667217173 0.6650459211237169 0.23473317552598758 0.22635303737282586
0.3083876139113923 0.6774716369529984 0.286629373215939 0.20840022503939507
0.169071453048255 0.6661264181523501 0.14861623985393851 0.2174928736163582
0.10048622366288495 0.6693679092382496 0.06998948111317871 0.20666186036572715
0.25084042762232006 0.6612641815235009 0.22024700812500303 0.22573469317654873
0.1385511250968794 0.6596434359805511 0.11188910344726993 0.22830196881987297
0.03757501113702477 0.6769313884386818 0.06640127377728874 0.19536794531319607
0.26166111999161445 0.6720691518098325 0.23519551326696517 0.20056836170535697
0.17403060577925256 0.6682874122096164 0.15042287856920344 0.20968528853633206
0.23802389389018347 0.6661264181523501 0.2069702959933614 0.2128629159936768
0.1991688651273551 0.6704484062668827 0.17069472871970515 0.19619468801903356
0.2215228087303932 0.6672069151809833 0.19527503546622213 0.2283521127323149
0.8
0.21946924238927468 0.6877363587250135 0.18640961196441422 0.17705368738526348
0.3192868719611021 0.6580226904376013 0.30581997979159625 0.2256015353855677
0.1865048701760189 0.6661264181523501 0.15307984806336197 0.2244509687927117
0.05327207300844883 0.6693679092382496 0.07375905579007339 0.2049367627528824
0.14626135569531795 0.6439762290653701 0.16789247037184904 0.24587972153436574
0.19583313551409265 0.6601836844948676 0.17599013885186007 0.22296687902614526
0.03522249715250769 0.6488384656942193 0.06621437663654883 0.19453525024492554
0.05115063812682141 0.6682874122096164 0.04223204841345732 0.2183443349177921
0.07676761933804899 0.6434359805510534 0.059764011011130214 0.218578201656007
0.04964329669229173 0.6682874122096164 0.02350562233427078 0.2148777465137767
0.2448105904211395 0.6601836844948676 0.2243457506557264 0.2171356773147684
0.01126397834798476 0.6537007023230686 0.04068233423718934 0.18363768834725788
0.08085808580858078 0.6672069151809833 0.05212458946522561 0.19257463491544594
0.13393329121594622 0.671528903295516 0.1175083334442372 0.2155693247894068
0.1330207324467122 0.6569421934089681 0.11280494131284474 0.22047836394570247
0.20924431114298758 0.6682874122096164 0.19020150079175546 0.22760639225833967
0.2004880863648386 0.662344678552134 0.1764681828964887 0.2215029990249627
0.20365040365040366 0.6628849270664505 0.1756678423713239 0.19479506044184822
0.2106374718534047 0.668827660723933 0.17943253277109972 0.2292613924342229
0.019562429835312534 0.6666666666666666 0.02130634669318357 0.22031297438828676
0.09719034795643577 0.6618044300378174 0.07607231798125444 0.1989554446952507
0.010671892292115182 0.6564019448946515 0.032960201001495965 0.19724582021925485
0.1836505464336624 0.6704484062668827 0.16021300585463943 0.20422033155850522
0.23391183616799716 0.6537007023230686 0.21334962415137243 0.20860028879807715
0.13702220122324793 0.668827660723933 0.10302244119016388 0.18039627677102207
0.01684669545102524 0.6580226904376013 0.03798649018249961 0.20402581586770097
0.34677468500997916 0.6704484062668827 0.3195489768455454 0.24116997781797575
0.20684283173554252 0.6574824419232848 0.20005768081832093 0.19192316638919557
0.0033973528141078013 0.6585629389519179 0.017698572891201247 0.22728343123010175
0.07166840039961686 0.6320907617504052 0.08286773386493607 0.26139757448096207
0.14464156688687035 0.681793625067531 0.12270517915642729 0.18003859583801282
0.11753996737357253 0.662344678552134 0.09511416455466076 0.19428010019937164
0.16066762658353262 0.6650459211237169 0.14132424488029288 0.1796537541389907
0.009521346624036142 0.6418152350081038 0.02879732167947341 0.2324273857100654
0.07261805947663263 0.6693679092382496 0.052435224199513325 0.24716646176906562
0.15001216580023502 0.6580226904376013 0.1316873744056627 0.19996530960497474
0.2648090516577534 0.6726094003241491 0.23291113913644698 0.22404712483233563
0.11699720328522845 0.6682874122096164 0.0916313386454499 0.2022018429987099
0.2629528798513625 0.6645056726094003 0.22309932603255903 0.2258508413869788
0.29392057525739507 0.678011885467315 0.2720743810217624 0.20718052853840832
0.16110165003478671 0.6628849270664505 0.14166830899257438 0.22026447283097858
0.09400324149108585 0.6655861696380335 0.06351562873680502 0.20946609345576692
0.24416613116512742 0.6596434359805511 0.2124058811270285 0.22888711074829537
0.10880947875652236 0.6526202052944354 0.08339780359408677 0.23103771840243498
0.03193574591860804 0.6763911399243652 0.06043503437871858 0.19430074782444118
0.25682241031419506 0.671528903295516 0.23128333084836605 0.20178431210971215
0.17508709224407037 0.6661264181523501 0.15305916068646575 0.21401971810802467
0.22760628219052387 0.6655861696380335 0.19534884870678126 0.21293555628851757
0.2025151946707756 0.6709886547811994 0.174372549900303 0.19784444506656768
0.22533689606001828 0.6682874122096164 0.19897634448729976 0.22644730054975426
0.8500000000000001
0.22511958961878187 0.68827660723933 0.19434615482658638 0.1753084430589421
0.3249594813614262 0.6585629389519179 0.31258678428489745 0.22377236342558454
0.17050526299467372 0.6650459211237169 0.1366486901385512 0.22460912289254245
0.058941408987472355 0.6677471636952999 0.07826505892205018 0.20572344266670756
0.14618759220436367 0.6412749864937871 0.16685584891368194 0.24864923170815972
0.19660067416797233 0.6596434359805511 0.1782888309168927 0.22537794857904558
0.04902792506185927 0.646677471636953 0.07979412411567971 0.19182835098670925
0.0542659029243292 0.6682874122096164 0.042803236484645374 0.21776630475948588
0.07206542498068214 0.6439762290653701 0.0545951058422251 0.21910933567095223
0.028451931363273397 0.6650459211237169 0.007926944393767343 0.21996328472956495
0.2391192712634187 0.6569421934089681 0.2187059349046872 0.21813926190231503
0.01689859010133654 0.6553214478660183 0.045949740924013355 0.18579081722314175
0.06594849625807653 0.6661264181523501 0.04419178700755877 0.19557039877016366
0.1463209602764275 0.6720691518098325 0.12949129807903068 0.2120407039288906
0.14192237734155388 0.6537007023230686 0.12389045532233539 0.22148142766310663
0.20374127925930757 0.6677471636952999 0.1850195308678614 0.2311708019858759
0.18908337540974407 0.6618044300378174 0.16617420956057546 0.2204129249299335
0.18834288834288837 0.6596434359805511 0.16110294366744726 0.1957345740262312
0.19955741905427438 0.6699081577525662 0.16709132006487915 0.22967048341323532
0.01075772712759926 0.6666666666666666 0.0266707254957588 0.21973362274590677
0.08840985368053811 0.6682874122096164 0.06722490530272904 0.19073086288527347
0.012747927235433054 0.6574824419232848 0.012843911800152846 0.19712853517366197
0.1640818858560794 0.668827660723933 0.14105360229555597 0.20615794961708078
0.2111612480234487 0.653160453808752 0.18871147703224309 0.2110001728604219
0.13784254576795674 0.6704484062668827 0.10446109027722991 0.17965205179370486
0.03181675533126471 0.6601836844948676 0.05407266484477602 0.20551162335351256
0.3301491536785655 0.6709886547811994 0.3039676136377333 0.23991719856669164
0.21363400321262238 0.6596434359805511 0.2066072154306783 0.18938943381146545
0.02842779152429209 0.6618044300378174 0.016044837907935705 0.22449165522165887
0.07021360963200224 0.631010264721772 0.08212163666252795 0.2609365955547557
0.13287830305532622 0.6828741220961643 0.11086100165510451 0.18103080801563023
0.11923393148450245 0.6645056726094003 0.09666924475956007 0.19518493909701712
0.14841415569147043 0.6612641815235009 0.12880732204865739 0.18290040188314038
0.017616450379286608 0.6450567260940032 0.023436333214762295 0.23143104714281915
0.07902419604547262 0.6709886547811994 0.058784199844662766 0.24571413158609903
0.1395129493824221 0.6553214478660183 0.1214894085605086 0.20142680775360894
0.2574881702841787 0.6753106428957321 0.22538798943316632 0.2213234036282863
0.1049041461166288 0.668827660723933 0.08058208921344365 0.20098424694323389
0.26725975433526017 0.6607239330091842 0.2302640752221934 0.2316561360451054
0.2884224779959378 0.6785521339816315 0.26529301360656043 0.20824229798641866
0.15377695974081262 0.6639654240950837 0.13471007182787514 0.21779166004214218
0.08427876823338731 0.6672069151809833 0.05282008515896794 0.20925282148089208
0.23443947593429526 0.6596434359805511 0.20340778937115808 0.22713202031104446
0.09126102610494335 0.6547811993517018 0.0660387699269602 0.23015433513548567
0.03761038756845991 0.6774716369529984 0.06569795241689633 0.19245600395879237
0.2535494352873352 0.6726094003241491 0.22659537248997647 0.19821016850360076
0.18309156129819815 0.6677471636952999 0.16022111539424858 0.21322027828538892
0.21807646148542337 0.6607239330091842 0.18736837787735908 0.21706461055946627
0.19385753974739106 0.6661264181523501 0.16582554254181692 0.20304962398482881
0.21914494559562192 0.6672069151809833 0.1917041210510181 0.2283521127323149
0.9
0.20732538866626105 0.6871961102106969 0.17561707669109147 0.17656243144202516
0.30794165316045374 0.6569421934089681 0.2956416817252885 0.2257488008361576
0.14848028282943138 0.6591031874662344 0.11756615334956105 0.2318930676301549
0.05246104300033849 0.668827660723933 0.07227599712141142 0.20558260536569845
0.13667986644925845 0.6482982171799028 0.159250606546673 0.24288879518890752
0.21368830017882856 0.6607239330091842 0.1939271244367831 0.224643293379724
0.041710851891127554 0.6472177201512695 0.0709109480166433 0.1941083871678558
0.04555398375114983 0.6666666666666666 0.034285599330825006 0.21915437734245832
0.08146981369541573 0.6472177201512695 0.06320685370431209 0.2152026506470276
0.0292754982909339 0.6672069151809833 0.006890322731735565 0.2179199334050256
0.24085982658959537 0.6607239330091842 0.2202913128846509 0.21706461055946627
0.008821045674842098 0.655861696380335 0.0386545535516426 0.1840089519710996
0.07377322239266182 0.6677471636952999 0.05126830361635201 0.19308449309532036
0.13007955028944962 0.6747703943814155 0.11299965349704191 0.21451920502877198
0.13949322435609735 0.6580226904376013 0.11961446865934158 0.2185842607642145
0.20693616743822124 0.6677471636952999 0.18690169089898528 0.23059032361669807
0.18078831157381814 0.6607239330091842 0.15729752868095673 0.2217260377873517
0.1723684723684723 0.6607239330091842 0.14421211882849036 0.19619183057899675
0.18893159406786242 0.6655861696380335 0.15819258054269744 0.22976152615478693
0.005521767789644971 0.6655861696380335 0.041957571966067864 0.2239494721033323
0.09492591167769915 0.6661264181523501 0.07378990071353111 0.19269990523612548
0.011465939683793835 0.6574824419232848 0.03410315225314284 0.19712853517366197
0.15921941819333718 0.6682874122096164 0.13716398104170668 0.20565319394725962
0.20175093524624943 0.6547811993517018 0.17878161031103776 0.2108100588084502
0.124892264877831 0.6709886547811994 0.09017933543145285 0.17732174861198838
0.042947494697840205 0.6574824419232848 0.06320177388470913 0.2099042351572697
0.3058069381598793 0.678011885467315 0.27739850867306454 0.2346518422060032
0.2211045609012562 0.6596434359805511 0.21433236954422918 0.18938943381146542
0.02354974274380428 0.6618044300378174 0.010828713191152861 0.22274294209215448
0.07249621496915326 0.6315505132360886 0.08450440750386479 0.261471869226504
0.12901656688687035 0.6839546191247974 0.10588782646916342 0.1814576354353532
0.12321827079934744 0.6677471636952999 0.0988082183103216 0.19193869159301363
0.12237883251212 0.6553214478660183 0.1042412694092753 0.18521398984190032
0.025629270892107092 0.6423554835224203 0.013198157089629126 0.23176548500268074
0.07911786822925743 0.6720691518098325 0.05882600512383221 0.24667712359406446
0.1378659878237345 0.6569421934089681 0.11899546055195648 0.19892606236478727
0.24765795525154416 0.6699081577525662 0.21599173811240197 0.22504200438236333
0.08484930550853853 0.6645056726094003 0.06089597300892807 0.20440520806405643
0.28324086498761347 0.6639654240950837 0.2450814127703202 0.23000647727132495
0.2931618144888287 0.678011885467315 0.27164370151454387 0.20775093701477712
0.15547605943863507 0.6634251755807672 0.13516857865064796 0.21960847933363656
0.0794165316045381 0.6655861696380335 0.04780747403961047 0.21293555628851754
0.2214015624253174 0.6628849270664505 0.19002065284578173 0.22375622054732472
0.07804784480635785 0.653160453808752 0.05324636985122422 0.22566467021525358
0.027897591782186093 0.6769313884386818 0.057042039533148486 0.19366215208299173
0.25520950708838863 0.6709886547811994 0.22836151239549426 0.20242812857325854
0.1943909232683062 0.6661264181523501 0.17358639945299306 0.21575578634407833
0.2219866299972264 0.6639654240950837 0.19034771014950128 0.21373100678671708
0.18349559140538052 0.6672069151809833 0.15468030140354533 0.20291385859250544
0.2198630576930488 0.6682874122096164 0.19363029862411688 0.2270268010518303
0.9500000000000001
0.20732538866626105 0.6904376012965965 0.17386103106130918 0.17447673280443252
0.3022690437601296 0.6585629389519179 0.28853737966678306 0.222602963415115
0.13718287000545293 0.6564019448946515 0.10648674686153459 0.23228053864966133
0.05166182410885123 0.6677471636952999 0.07106349620117272 0.20399628858078622
0.1276263685068717 0.6455969746083198 0.14866310292265195 0.2480423549052177
0.2079792368924971 0.6585629389519179 0.189087422598601 0.22669795924466138
0.05141981854601152 0.6423554835224203 0.08141467460086754 0.19631487276032192
0.05261164320555334 0.6693679092382496 0.03470040596946097 0.2164568258998859
0.07206542498068214 0.6472177201512695 0.054144608892406354 0.21696999252107585
0.030906819661243867 0.6645056726094003 0.008055173773533403 0.21945854444889087
0.21322899463253508 0.6612641815235009 0.19190973492869823 0.21118075527331232
0.016906457839414246 0.6547811993517018 0.04716680575751031 0.18526608459925067
0.07690311284649598 0.6634251755807672 0.05050185506299487 0.19530929200354338
0.15770554789133712 0.6709886547811994 0.1426569304826862 0.2150715369769925
0.13139473539161728 0.6553214478660183 0.11234177296871986 0.22010205103868932
0.18837191106474532 0.6704484062668827 0.16887053358565268 0.22727118597606236
0.16459891162350837 0.6580226904376013 0.14425192380440074 0.22033689378662963
0.13468663468663478 0.655861696380335 0.10733332091206532 0.19962479944196465
0.17560369593912567 0.6677471636952999 0.14457403675104155 0.23117080198587592
0.0033395816382231214 0.6666666666666666 0.041515635545813695 0.22147199298069475
0.08349893211997406 0.6672069151809833 0.06215759119256395 0.19142854499957634
0.007130728718352519 0.6537007023230686 0.015288378144563075 0.20102227359631938
0.14294783802333555 0.6682874122096164 0.12048952704902216 0.20507766072662642
0.18094797331173584 0.6564019448946515 0.15734973854385306 0.20828596605587632
0.12418874154993198 0.6661264181523501 0.09024281911964382 0.18182478813059477
0.05362014770121626 0.6585629389519179 0.07545947482974924 0.21035491094198353
0.28128951658363427 0.678011885467315 0.2540354953249907 0.2335041587745846
0.220991554085869 0.6612641815235009 0.21366875795194112 0.18921800186097995
0.018734535171438638 0.6596434359805511 0.011321452278889782 0.22596252457032723
0.0827557084444811 0.6283090221501891 0.09346194653424242 0.2643547080606654
0.13756580305532617 0.6855753646677472 0.11417984355662361 0.1784462482703663
0.1208339314845025 0.6650459211237169 0.09794150939060337 0.1945474791106654
0.12071174753305769 0.6585629389519179 0.10250261425134274 0.1843201097398758
0.011993762146573883 0.6428957320367369 0.02901313005552511 0.23348603089384617
0.08306901298140346 0.6699081577525662 0.06319188933147368 0.24706943902507728
0.13387612860689813 0.6553214478660183 0.1153651059784403 0.20200813277556554
0.24113899849705522 0.6731496488384657 0.20841979768019958 0.2222350683297484
0.07770518355719203 0.662344678552134 0.05374861969499645 0.2075655325589528
0.27984878199834845 0.6634251755807672 0.2403123228398671 0.2283385265247336
0.3013097378189714 0.6742301458670988 0.2802579623116258 0.21230450482826305
0.14820977975306593 0.6682874122096164 0.1273003335853907 0.21545524304235592
0.07050243111831445 0.6699081577525662 0.03662090003665516 0.20773998878183864
0.21638289510719771 0.6585629389519179 0.1862813113308999 0.22845472144612256
0.0685180241012574 0.6569421934089681 0.04218700235228842 0.22399086403686067
0.04003563847907554 0.6796326310102647 0.06936592636405461 0.19104141787601694
0.2462854746993003 0.6742301458670988 0.21898525694360255 0.19800035731966267
0.18854727292006657 0.6672069151809833 0.16747404710545524 0.21213900248917555
0.21327850197906106 0.6639654240950837 0.1823604603573457 0.21489059953836867
0.18425435217394692 0.6661264181523501 0.1566707060444935 0.2030496239848288
0.21118148067263598 0.668827660723933 0.184632331529348 0.22694392560188817
1.0
0.1943698466315591 0.68827660723933 0.16131538862761619 0.17474980317751132
0.3103727714748784 0.6564019448946515 0.29803541296868497 0.2269951204014761
0.1204402670133119 0.6585629389519179 0.08807453158734299 0.23079866333045246
0.04842557815415871 0.6666666666666666 0.06781494212295475 0.2041339336218176
0.14529078344591972 0.6434359805510534 0.16536076687814474 0.24834879552927858
0.20961322382060166 0.6601836844948676 0.19137064862821462 0.22530269979992715
0.0595813204508856 0.6445164775796867 0.08857636088123402 0.1902767470761632
0.050957383486777474 0.6672069151809833 0.04111873499308841 0.21734134291823237
0.07453863190566146 0.646677471636953 0.057260693742608115 0.21821129320489893
0.052066560020240016 0.6699081577525662 0.026118862752389227 0.2146495890871573
0.21626496696944675 0.6628849270664505 0.1964330650303712 0.2086561180346282
0.012855884019050468 0.6569421934089681 0.04249441893886943 0.18448004161791026
0.06833852399324436 0.6639654240950837 0.04879807285643242 0.19697424116117113
0.1639457975013215 0.6709886547811994 0.14768890912229457 0.2139199604760416
0.13706800840951505 0.6542409508373852 0.11844189565155344 0.22199943447239873
0.1908560996283497 0.6693679092382496 0.1708637754365695 0.2297559217172362
0.15622370224327387 0.6553214478660183 0.1346192207300519 0.22361948709887317
0.12424242424242415 0.6564019448946515 0.09643086483327556 0.1989853708532937
0.17613168724279832 0.6682874122096164 0.14624801576339158 0.22760639225833967
0.0014264674075370465 0.6666666666666666 0.03656201869645617 0.22147199298069475
0.09015825849329429 0.6655861696380335 0.06872277999263762 0.1904670890259759
0.011446317425350405 0.6537007023230686 0.03460487404003093 0.20044043277931498
0.1315149675307533 0.6661264181523501 0.10930137739684925 0.20766319363002023
0.1521038219753944 0.6542409508373852 0.12784482688893475 0.2137966420898143
0.11205880520451506 0.6672069151809833 0.07814854002338062 0.1794293312319589
0.04041156908499155 0.6580226904376013 0.06322112563073465 0.210420927741486
0.26315568962627783 0.6801728795245813 0.23496242142910323 0.23140447629204813
0.22438713982440894 0.6580226904376013 0.21737621553375316 0.19071199162160812
0.00983857664663601 0.6618044300378174 0.01149643209406262 0.22390863818040238
0.06773016592339304 0.6315505132360886 0.07882523935110342 0.261471869226504
0.11763392857142863 0.6828741220961643 0.09373849745813226 0.1799057235492553
0.11926525285481249 0.6628849270664505 0.09606128908659886 0.19709965501742732
0.09545448540970392 0.6569421934089681 0.0762901290168701 0.18505594646218956
0.013514043006707999 0.637493246893571 0.0249383315728319 0.234141711848096
0.0832095212570807 0.6672069151809833 0.06332990213481476 0.2516319415038457
0.12818044105604376 0.6569421934089681 0.10909113694902489 0.19892606236478727
0.22965315432534777 0.6704484062668827 0.19769407152715132 0.22438124895102712
0.0737457749816417 0.6612641815235009 0.050552254482067654 0.20943953401329202
0.2668146160198184 0.6666666666666666 0.22688321315392898 0.22321129619219282
0.28520066304017927 0.6790923824959482 0.26240964180098436 0.20759296269286293
0.14574874611893962 0.6666666666666666 0.12549170271990404 0.21568118281838608
0.07455429497568888 0.6693679092382496 0.041795172404603426 0.20781251565115713
0.20163757255824577 0.6585629389519179 0.1708020586166749 0.22845472144612256
0.07584715997604907 0.655861696380335 0.04915143233177377 0.22648151455767976
0.03198291449385493 0.6753106428957321 0.060207345658773614 0.19159424900705113
0.2544089515473913 0.6731496488384657 0.22709486334258888 0.2015709901679263
0.18787872518161997 0.6709886547811994 0.16375691499617112 0.21104285258729483
0.21068122730300753 0.6634251755807672 0.1807732177145895 0.21264283610704857
0.18115705180585062 0.6666666666666666 0.1529433179503702 0.2041339336218176
0.2079737420191925 0.6661264181523501 0.1816763143515202 0.22851663916157763
