0.05
0.10111638825199257 0.8491928945234761 0.07215401936750664 0.1257195170242022
0.056561893559258114 0.8410112773641926 0.12258178920728792 0.13501706947939687
0.039334183002941114 0.8360728237635439 0.1339715038531719 0.13058448015047522
0.1220510858183259 0.8452863566005749 0.027983405396510317 0.1335147138545021
0.07359683596635266 0.8413798186776738 0.09749550366457549 0.13441779654166458
0.07576180560468651 0.840569027788015 0.09306177782871562 0.135402910842314
0.11187855261265897 0.8460234392275374 0.05588604772473655 0.12925188627464906
0.06819323483875145 0.8404216112626225 0.11173792521050155 0.13575009612049832
0.07969352632079132 0.8452863566005749 0.09198691887556447 0.1333380236518052
0.08527269018702222 0.8431488169823838 0.09835197401432967 0.12667174940999196
0.1306318327106559 0.8485295201592098 0.06614332805237913 0.11958927319967369
0.1168780143989585 0.8453600648632712 0.0708121830982455 0.12792842996561168
0.043230578837936545 0.8356305741873664 0.12828948123644196 0.1392570413509549
0.08111481858522038 0.8485295201592098 0.08682156434571262 0.12906007591628077
0.07216566314770737 0.84204319304194 0.07457813109613029 0.13425584728549672
0.07786589616538049 0.8398319451610525 0.08521985053412519 0.14500559735497603
0.03610990279660961 0.8362939485516326 0.15514503824445852 0.15092191161248109
0.11283321832626968 0.842927692194295 0.06674857442931183 0.13253440746069872
0.04904146098627185 0.8393896955848751 0.12071819842470334 0.13663133070476377
0.08481990966400499 0.8426328591435099 0.08106842241424336 0.13701779761012584
0.09795577794232947 0.8441070243974349 0.08290342925265398 0.13273340289769642
0.09495570433216549 0.8432962335077763 0.07394510301261872 0.13146090487703077
0.0243606534649487 0.8303972875359328 0.15972595817949709 0.15642928170870707
0.07189071706963246 0.8410112773641926 0.09273685349769982 0.13899361745722297
0.06369478447888138 0.8421906095673325 0.10716633302259512 0.1375831177464181
0.0448840934991841 0.8372521559666839 0.12436029233393103 0.14343235943835275
0.07294595869692147 0.84322252524508 0.09223622113495106 0.13492560662935424
0.05324746868708907 0.8370310311785951 0.10839167186730259 0.1423780907057847
0.10360064126162986 0.8425591508808138 0.08775642757381727 0.13461696551948868
0.025375407836409264 0.8326822436795165 0.15036085043751937 0.14990375652861593
0.05899353983255218 0.8449178152870936 0.10327750354541633 0.13769246718751793
0.08806182149772715 0.8449178152870936 0.0922984426088593 0.13133685979263227
0.06879595239052996 0.841158693889585 0.10354907301764722 0.13639490206662305
0.07044591474297943 0.84145352694037 0.1120847226899645 0.13290307077404862
0.0745138550056609 0.8408638608388 0.10973530985123875 0.13863003370801272
0.061918781332332834 0.8389474460086975 0.10450327426797895 0.13456316801397103
0.09641215653497931 0.8464656888037149 0.07936002244037957 0.12709147457088352
0.07095287082117635 0.8469816466425887 0.10495707572980889 0.13146573535048536
0.07995420797410932 0.8427802756689025 0.08697191105810467 0.13394947044010316
0.03719145342550165 0.8320188693152503 0.142120983324358 0.14881995107425214
0.05777406440382943 0.8385051964325201 0.11367939886617942 0.14086193869862446
0.05591195118474915 0.8393896955848751 0.12392335997549508 0.13758579286996908
0.04036943531509693 0.8376944055428613 0.13454643945699898 0.13958797864547337
0.07633374645287441 0.838210363381735 0.08813872304848058 0.13432274354836576
0.0816740229900801 0.8390211542713938 0.09107022184294923 0.14264032089285258
0.07987624188621392 0.8346723667723152 0.08025538009116119 0.13739812560389825
0.11429676311289855 0.8460971474902337 0.07017497974907777 0.12423672237562017
0.09608717366310786 0.8470553549052848 0.0783388194785897 0.1298517750612788
0.05350022215654199 0.8366624898651139 0.12364320959666278 0.14256372243921983
0.09544594950258523 0.8449915235497899 0.09599878029420834 0.12787031601510743
0.1
0.06337550125242516 0.8457286061767524 0.10976286574804414 0.1330105009645033
0.06829779683645767 0.8441070243974349 0.1070073377027348 0.1363917259725504
0.050171226166542654 0.8422643178300288 0.12033145747709902 0.1347755470482597
0.055957658627586004 0.8369573229158989 0.10166770437066713 0.1462033484403354
0.08268191099743027 0.8424854426181175 0.09293867054666799 0.13369202365157284
0.04076640622085084 0.8359991155008476 0.13163648492735228 0.146184251255947
0.05538050554087748 0.8413061104149775 0.10861356998306612 0.13995468453240378
0.030483543717539474 0.8303972875359328 0.15905519376828917 0.15159874156184677
0.05694004466654523 0.8439596078720425 0.11712290171658712 0.13890792119508844
0.054644583632775356 0.8398319451610525 0.12458368963347075 0.13277527626266253
0.06282808005453175 0.8399056534237488 0.11970352700116671 0.13520566985656807
0.07425302306984974 0.8406427360507113 0.10552757724630693 0.13633098295675528
0.04314508995089247 0.8356305741873664 0.12608814988249833 0.14387115185580587
0.0620462089679365 0.8449178152870936 0.10306989187093052 0.13352252854379618
0.06404420978039418 0.8413061104149775 0.08430634127060456 0.1349781134710637
0.05251381115776414 0.8370310311785951 0.10892950404775752 0.1498902768078603
0.026321856550067024 0.834303825458834 0.17182561905619526 0.1556439679104184
0.0907786264792363 0.8399056534237488 0.07916252607926287 0.1366378461796195
0.031506673156923515 0.8388000294833051 0.14387430014020172 0.14200675027942003
0.05957473179480122 0.8354094493992776 0.10415904368299858 0.14561659651207826
0.08365330168133114 0.8428539839315987 0.09453923633304756 0.13516899258552975
0.04483842952631559 0.8341564089334415 0.1311978437079776 0.1458699439787057
0.022742172664340365 0.8202992555465468 0.2230862906444242 0.17074705585146926
0.03763452955616978 0.8370310311785951 0.13869239855202867 0.14859685903233713
0.050103459058232325 0.8404953195253188 0.12455959265658274 0.14517782158024745
0.05042065503806162 0.8365150733397214 0.11109318605866605 0.1454104251608472
0.08058735144742848 0.8445492739736125 0.07938866459958574 0.13729474120840768
0.06458351101282267 0.8367361981278101 0.09464706022905295 0.14050819242805657
0.04559383468109923 0.8321662858406428 0.13606418281640328 0.1485893951634848
0.022284677251405732 0.8303972875359328 0.1541484346289938 0.15321388205835973
0.023219444209920198 0.8384314881698238 0.14899199950520592 0.1486771780303326
0.06970321921476147 0.841748359991155 0.10852740870650028 0.13974177076131286
0.0620281352162981 0.8388737377460014 0.11546924558399035 0.13781859823670292
0.02797666097272139 0.8350409080857965 0.16327004572804216 0.14496873204914446
0.06992602903916856 0.8397582368983563 0.11197633290252938 0.14131934835097687
0.06966977276264869 0.8407901525761038 0.09411924347562303 0.13503121842976343
0.045522769044806066 0.84145352694037 0.1308891494999928 0.14049260768334645
0.07706323797924619 0.8477924375322473 0.09824666260939416 0.13253607568462764
0.06265600635149574 0.8412324021522812 0.10510445203634747 0.1388583230935039
0.03359970845733917 0.8312817866882878 0.14122212176218765 0.15111045323808667
0.051921372622155904 0.8368836146532026 0.12184015169808733 0.14385693743704409
0.07069428739000602 0.840569027788015 0.10668222760769086 0.13635575402258115
0.008780808614096275 0.8320925775779465 0.17689614785748273 0.15148200903375217
0.05171873738916702 0.8340827006707452 0.11201594508172816 0.14247767139413062
0.050325668732650417 0.833419326306479 0.12328911474509746 0.153734521072069
0.057489273662704926 0.8329770767303014 0.10953361594855215 0.14139720558114524
0.04821547876565857 0.8378418220682539 0.1318454731454439 0.13816352191703626
0.08083305042112235 0.8441070243974349 0.08668885509346906 0.1341523706952253
0.07141088658219819 0.8387263212206089 0.1022302659716347 0.13852437801747836
0.0822953863172077 0.844696690499005 0.099341602799857 0.13129236346896728
0.15000000000000002
0.0657035744199719 0.8459497309648412 0.10420652263098701 0.13375782692165192
0.04027200806023337 0.8400530699491413 0.14771143558049954 0.1448091005408829
0.05371585662672865 0.8407164443134075 0.1144777597242532 0.13696013274133312
0.04840674713608735 0.8344512419842264 0.11161201534214558 0.15129418110274662
0.06337619159827357 0.8393159873221788 0.10902652430545907 0.14028715261023733
0.022077809566408535 0.8337141593572639 0.16265544319601424 0.1502541132311659
0.04653659698467491 0.8379892385936464 0.11535706651884234 0.1441840162520106
0.007859194245174672 0.8253114174098917 0.19002206431857546 0.16136765099884626
0.03559674682622019 0.8397582368983563 0.144583311720053 0.14491451393504737
0.07775927668842694 0.8418957765165475 0.09632585989812721 0.13060752283165997
0.042638638185419964 0.8386526129579126 0.14053767246799903 0.1414052921521213
0.030882335092969226 0.8345986585096189 0.15094448102298802 0.14970287408967536
0.0632934944630274 0.8402741947372301 0.09852566123402659 0.13776339784512934
0.040167120513202315 0.8407901525761038 0.1330418220441878 0.13806276097701567
0.06890889996002214 0.8427065674062062 0.0799710250045109 0.13326172425945784
0.05329048645869691 0.8362939485516326 0.10728340970090894 0.15256393045851077
0.01803078094884425 0.8186039655045331 0.2281903386362243 0.1761620736280785
0.09794038920982047 0.839979361686445 0.07158410056050618 0.13703014687585569
0.004239828336913776 0.830765828849414 0.17928788407586288 0.1578938984737278
0.05450190264056995 0.8344512419842264 0.11030300584751311 0.1489246864541567
0.06713593597795184 0.8415272352030663 0.10536131810617534 0.13916994989944087
0.02588959598296195 0.8275963735534754 0.15531090583946328 0.1577946699996239
0.020772471957604177 0.8197095894449767 0.218309780542257 0.17168518463080693
0.01690231756272126 0.8324611188914277 0.1660299095931702 0.15738531612526818
0.04439857588029067 0.8373995724920764 0.12997289724491778 0.1469918078619073
0.044035514924732594 0.8354094493992776 0.1225600672999784 0.14633067950858217
0.047800071227542346 0.8412324021522812 0.11732539165431669 0.14344914683567592
0.08633760425240736 0.8393159873221788 0.08440152505446376 0.13641700858624353
0.024050090019105547 0.8294390801208815 0.16795715809738584 0.15397025699715278
0.03352992949016731 0.8326085354168202 0.13870844846919209 0.15076390424402547
0.017304327706992972 0.8365150733397214 0.15349217307569998 0.1521896731248934
0.02693965570604248 0.8353357411365814 0.16645359870428822 0.15068048095987824
0.03241474489144744 0.8331244932556939 0.15367333280926004 0.14837707076167386
0.0014176379139675954 0.8283334561804379 0.20763924028283937 0.15925797188527305
0.05131246529890099 0.8379155303309501 0.12955763511670815 0.14680779067799832
0.04313577279943609 0.8358516989754552 0.12175779284123048 0.14373575038996111
0.042252833560038006 0.8402741947372301 0.13538235421102074 0.14125808851576258
0.0647070647948611 0.8456548979140561 0.11451741695180957 0.13626363663841545
0.07083310465352108 0.8430751087196875 0.09656502232694254 0.13627574085030547
0.024204226810300572 0.8285545809685265 0.15352836310776063 0.15613757687779622
0.03723468854904885 0.8323874106287315 0.13887982657720588 0.15125875525146373
0.019042372666717322 0.8335667428318715 0.16630335245519196 0.1515522449340414
0.01842576421965017 0.834303825458834 0.1596257489921774 0.150281817594028
0.05104696837432096 0.8348197832977077 0.11585234971555103 0.1419305939035545
0.029098828422310694 0.8264907496130316 0.15353221133625067 0.16509879964016116
0.06616139996591794 0.8354094493992776 0.096633185134132 0.1404724958692295
0.07212336508802436 0.8400530699491413 0.09325455714085187 0.13366198203668303
0.048881926995724884 0.8413061104149775 0.1273300204475064 0.1388920179712041
0.03995853675680741 0.833419326306479 0.13753625260327368 0.147319176905258
0.055213861362729516 0.8375469890174688 0.12141795321650371 0.1430334325938122
0.2
0.03917573661839069 0.8403479029999263 0.1421319452429137 0.14046445140313368
0.02360822004834154 0.8359254072381515 0.16404930444738292 0.15152623778615018
0.04452095292467656 0.8389474460086975 0.12925895696235967 0.13785355186207607
0.056619614146140515 0.8363676568143289 0.0970072215386861 0.14960118616937718
0.060682664739940245 0.8390211542713938 0.11657908909063744 0.13931822223606952
0.02321625798476684 0.8329770767303014 0.15692532177048385 0.15229675128476905
0.03879991020345083 0.8369573229158989 0.1266244077858192 0.14738528979711962
0.003799058809479533 0.8244269182575367 0.19391939963598565 0.16402136539949824
0.037577166604629814 0.8395371121102676 0.14685686867136238 0.14346319882863934
0.07212488059906444 0.8421169013046362 0.10217421176343323 0.13190917174722896
0.0018746039551512383 0.8301024544851477 0.1891588038053019 0.15736695517924448
0.020049444061428695 0.8317977445271615 0.16677244905038316 0.15503261409384997
0.05989142137125272 0.8403479029999263 0.10711847835389374 0.13761958718849157
0.03261051895789849 0.8394634038475713 0.1391102659636016 0.1411848056810443
0.03562580766885837 0.8351146163484927 0.12341347274852744 0.1448837173927514
0.03385839045404759 0.831060661900199 0.13500938564331288 0.1597297454769728
0.018133801718460324 0.8298813296970591 0.1774492171380432 0.16164218016552087
0.08111521714155988 0.8386526129579126 0.09101877620152493 0.14021698923682957
0.004415167832835382 0.8282597479177416 0.17926022549506251 0.1590468438951413
0.06229462363601135 0.8344512419842264 0.10314798125858389 0.14827116374518637
0.05647907443632244 0.8386526129579126 0.11367608219658869 0.1422948493486275
0.03548659710467772 0.8306184123240216 0.14367322617895523 0.15397082005636303
0.02483069539651797 0.8297339131716666 0.15340870250926103 0.1625793055513848
0.017526646401202717 0.8327559519422127 0.1636318680755602 0.15815576887954066
0.034107418896020175 0.8371784477039876 0.14234008667411077 0.15054040790580647
0.04604529192323473 0.8348197832977077 0.11446833224420365 0.1487945047728278
0.04088555821546838 0.8378418220682539 0.1288958850423455 0.14759931620993727
0.06074746868708908 0.8376944055428613 0.1015414382159799 0.14286372020230803
0.01596187154159287 0.8266381661384241 0.17008849573016027 0.15939396790473392
0.028893684857740715 0.8306921205867178 0.14332724504496433 0.15293066098707545
0.006568480290375045 0.830470995798629 0.18866380106564432 0.16018550099965545
0.030080459322720632 0.8366624898651139 0.16067953659380044 0.1497301040570393
0.02256041691807792 0.8301024544851477 0.1651176959124072 0.15289924019761209
0.015442908313884895 0.8233950025797891 0.22852912594017297 0.1686929325629848
0.02102686129487996 0.8294390801208815 0.17468071307296532 0.15754854762998394
0.0333432290120467 0.8357779907127589 0.13549922593321836 0.1470924973931903
0.051729957743044536 0.8403479029999263 0.12230644263823376 0.13862880106785466
0.04176557300642755 0.842338026092725 0.14507343070774198 0.14281906131793787
0.035038861798117715 0.8377681138055576 0.14333812817063668 0.1457397046504597
0.05196181672430425 0.8333456180437827 0.11571344504331704 0.15109736988674338
0.017106253885366157 0.8298076214343628 0.17043378528731726 0.15688025580145915
0.01942965773802874 0.8331982015183902 0.17180319360489432 0.1522767788186739
0.0135596813096652 0.8264907496130316 0.20631368986270657 0.1616560455750411
0.040986921622326894 0.8323874106287315 0.12823819592508684 0.147614664745049
0.043240750404043196 0.8297339131716666 0.13085925063573373 0.16157991055627266
0.062492822798288494 0.8337878676199602 0.10347475810778281 0.1420343293735181
0.05820670136031286 0.8375469890174688 0.1132284322179434 0.13939852910827674
0.041093602947930435 0.8388000294833051 0.1379119206348907 0.14277654682411062
0.02874619470677106 0.8321662858406428 0.15866221733719443 0.15032310375414099
0.03092999917446665 0.8348197832977077 0.1551588181744859 0.15021603721211133
0.25
0.046702077573277406 0.8419694847792437 0.12961066246197805 0.13830877327937566
0.018698401353960364 0.8360728237635439 0.1732583034550744 0.1506495564914531
0.058120855396007365 0.8410112773641926 0.10888543890983625 0.13590972476964042
0.027468120006037572 0.8289968305447041 0.1397817924017881 0.16020147006598498
0.043896036062688965 0.8361465320262401 0.13722786161280354 0.14512294906000664
0.026734024374464982 0.8350409080857965 0.15324126367471128 0.14924947121086804
0.019788425440007973 0.8320925775779465 0.1469173232678239 0.1563436618205993
0.013220924365805325 0.8180142994029631 0.21789004226119296 0.17267654881242384
0.013133518519985093 0.8345249502469226 0.17560549795808222 0.15421298895318467
0.07074130816316507 0.8413798186776738 0.10389544695632161 0.13423913508985963
0.009984303130978145 0.8268592909265129 0.2077249400982804 0.16348101213487484
0.03917286653892457 0.838210363381735 0.13649001194937677 0.14581894818876007
0.07047615936467194 0.8404216112626225 0.0934661518599825 0.1373569390501744
0.025093065921566987 0.8386526129579126 0.15418577732951189 0.1428278853840301
0.023554763453670136 0.8317977445271615 0.13531819077459017 0.15426214546118555
0.04110635882654923 0.8309132453748065 0.12119176215020211 0.1578987487791546
0.0051081630732932315 0.8255325421979804 0.19596641504081147 0.16847252509731428
0.0768489410254244 0.8398319451610525 0.09080337494971327 0.14188470987716578
0.03227792532943706 0.8193410481314956 0.23168464791821597 0.17301942036937612
0.05344415310328096 0.8337141593572639 0.10896849143242751 0.14912475191050248
0.046842084161591524 0.8362939485516326 0.1208728723369843 0.14768012023816554
0.028240709876115128 0.8295127883835778 0.1517365840541403 0.1553186205395085
0.011750376978353155 0.820962629910813 0.20401729415992204 0.17460027880185286
0.011842513328010895 0.8238372521559667 0.20103068524942463 0.1713633804515035
0.023272810756650136 0.8345249502469226 0.1546874825175864 0.15403678447642544
0.011488469383249295 0.8271541239772978 0.16119914357506168 0.16093732633124885
0.021960219328640368 0.8326085354168202 0.15532438045883765 0.15532856689790944
0.03149377212729454 0.8322399941033389 0.13907301726074284 0.15256013323277948
0.05449604916831005 0.8340827006707452 0.11932218263598596 0.14726854251664398
0.04124790503485823 0.8322399941033389 0.12427795040394947 0.14975994425175496
0.014779410647633093 0.8266381661384241 0.20210002502069552 0.16822382450928428
0.03277782944441987 0.8365887816024177 0.15581661351428766 0.14869677102670426
0.01951226961417496 0.8271541239772978 0.16959694845795864 0.15699381236984183
0.012279222158389641 0.8229527530036117 0.22111800770315468 0.1676089113404479
0.0059822899070141045 0.8239846686813592 0.1922146443691393 0.1660933609022583
0.03435678615781121 0.8330507849929977 0.13351968380404305 0.15060777128430156
0.0351540226049136 0.8373995724920764 0.14336326299951205 0.14616539034127624
0.05260051002661481 0.8421169013046362 0.12954139824990088 0.13955435194945556
0.03857961214723557 0.8361465320262401 0.1333228937320831 0.1465478872827172
0.032018624874498774 0.8303972875359328 0.14509414589401132 0.15500271636872298
0.02568969290065895 0.8312817866882878 0.15658915100611018 0.1533178200176337
0.02165059372785408 0.8339352841453527 0.16868598484480984 0.15248462498946305
0.008299472464671831 0.8262696248249429 0.19779898322184142 0.1604833406570595
0.03439485084370961 0.8302498710105403 0.13394489846047558 0.14936796909337727
0.029477401047934282 0.8262696248249429 0.14630841044737228 0.1677191967030931
0.0410460991230194 0.831355494950984 0.13079402692409683 0.14688501660581027
0.058898782138091105 0.8387263212206089 0.10981720708992354 0.1388820978725274
0.012662208345135734 0.8308395371121102 0.17107912994355284 0.1524009735906583
0.06910528077981504 0.8395371121102676 0.10269644347697146 0.14086321367746604
0.04026127116406089 0.8376206972801651 0.14833320401688496 0.1460280657087629
0.30000000000000004
0.03889916476588537 0.8402741947372301 0.1387442177110912 0.14113999028553423
0.008063459448191673 0.8312817866882878 0.18487149696834423 0.15864705516056382
0.059310783238332304 0.8415272352030663 0.10677181390338875 0.13502305219212868
0.028574859516554557 0.8285545809685265 0.13233245237283753 0.1604236986847492
0.03764403679908698 0.834303825458834 0.14741648478715527 0.14903608013524308
0.010203111062801418 0.8305447040613253 0.17723888736651777 0.15756102269180164
0.027855857953206026 0.8344512419842264 0.13528076692977434 0.15158958543442994
0.0034074438701561516 0.8228790447409154 0.2075425478046427 0.1667409431124753
0.009450359945829934 0.8314292032136803 0.18076881127551958 0.157944377828979
0.05198020124507738 0.8376206972801651 0.12340048503028794 0.14050820748586235
0.011448619615039402 0.8235424191051817 0.21081579280118398 0.1660780657688912
0.019223526251906486 0.8314292032136803 0.16521641097535794 0.15463218849139074
0.05005912544294133 0.8397582368983563 0.11418666810925833 0.14167407096217396
0.028610068219562856 0.8388737377460014 0.1416743993282838 0.1452297288199352
0.01820381956767833 0.8293653718581853 0.14577896435157217 0.1526177684487451
0.033844801713441716 0.8323137023660352 0.13641760002319678 0.15849733286470488
0.02311521031285821 0.8292179553327929 0.17233448317145234 0.16300952690791262
0.03203715513144573 0.8340089924080489 0.14074143965720196 0.15304815280395798
0.021881220212995087 0.820078130758458 0.21500132745104283 0.17470434841279778
0.012034367045483163 0.8258273752487654 0.161141059507158 0.16398263385785677
0.035241676500170266 0.8360728237635439 0.14121195259395533 0.1495305446156306
0.013430835058562324 0.8277437900788679 0.17555074592756745 0.15971049167019874
0.014154937953967744 0.8202992555465468 0.206034568915091 0.17568563661547945
0.0022607961353331985 0.8298076214343628 0.18268927918626984 0.16237524020217337
0.01774115940414947 0.8331244932556939 0.1642849221029341 0.15578721932223877
0.010322383948377284 0.8283334561804379 0.16691176061176047 0.15961461266571514
0.024134656034527663 0.8321662858406428 0.1517495744162804 0.1548989215730074
0.02613041343951128 0.8315029114763764 0.14857782005378228 0.15549487071163748
0.028414436600408377 0.8286282892312228 0.15490927874468408 0.1552140280926388
0.049211549332090404 0.833419326306479 0.11258720907198097 0.15000185593189017
0.02824870660917543 0.8248691678337141 0.22516762186713443 0.17160886680226453
0.015529655546585697 0.831945161052554 0.18527069121421505 0.15698760159631023
0.019473906118940232 0.8293653718581853 0.16854191264948712 0.15596777665056832
0.00506439216771859 0.8241320852067516 0.2098400897386078 0.16657437987911491
0.013164747117232173 0.8180880076656594 0.21767964313362495 0.17534542254183483
0.05235235149609016 0.8380629468563426 0.10979437532903064 0.14267694508915402
0.005459982032475635 0.8332719097810865 0.18238827510567804 0.15479093127818105
0.04788145822679041 0.8433699417704724 0.1361900050653647 0.1398774130097773
0.0250609714475796 0.8330507849929977 0.15745464019831157 0.1526259154029856
0.028302512696172455 0.8290705388074003 0.14686847622134971 0.1568484176239333
0.00564413775954245 0.8240583769440555 0.1965837918572801 0.16558925629267096
0.012230033973420179 0.831060661900199 0.17752097104827735 0.15577373177395015
0.017007177672406337 0.8236898356305742 0.20375819621721827 0.1654864156609734
0.046926410420317366 0.833419326306479 0.11913337869623876 0.14934732465853487
0.03573874960416991 0.8283334561804379 0.13872580108291527 0.16487308106569737
0.07648190478675657 0.8351883246111889 0.08460602048775483 0.13861952828474164
0.033807906767628626 0.8321662858406428 0.14649085435581488 0.14733057894755566
0.02325461911531501 0.8342301171961377 0.15567402339621955 0.1480512336236412
0.0338391315634505 0.8314292032136803 0.14859649921962936 0.15189484080539836
0.03260013375717638 0.8337141593572639 0.15465121914406516 0.15096613046272842
0.35000000000000003
0.04388756390677384 0.8385051964325201 0.12845258336335333 0.14074304815175245
0.005706064531498939 0.8277437900788679 0.20436458141572117 0.16374184568521252
0.05212278788290295 0.83968452863566 0.11443353395497118 0.13879547929710156
0.024493975602891765 0.8264907496130316 0.14472830985047924 0.16284604954604479
0.03279349809123755 0.8332719097810865 0.15100166174552548 0.15177622011153874
0.005998794578259525 0.8251640008844991 0.18990707340083673 0.1664259444063691
0.036371588489217066 0.8347460750350114 0.12559559442407034 0.15148321470979154
0.008763052263245336 0.8188250902926218 0.21123903164692093 0.17345279180597542
0.008749252587729378 0.829586496646274 0.17571337841460546 0.16027894737247092
0.05705325006089074 0.839979361686445 0.1200464502748852 0.13988144297121036
0.004002876509967834 0.8290705388074003 0.19215302649972862 0.15803881980332463
0.03394724230135865 0.8336404510945677 0.13995794787997004 0.15122956866083162
0.0023094986420178765 0.8268592909265129 0.185478906442266 0.15745813983498183
0.03235998817107888 0.8384314881698238 0.13637659358265877 0.14491492155419758
0.015617802083174759 0.829291663595489 0.15568191970769107 0.15676891411797605
0.025105789084135133 0.8303235792732365 0.1489853455298798 0.16112310378104575
0.001142462401037797 0.8214048794869905 0.19986461307905035 0.17537302967398347
0.0379524556064012 0.8326822436795165 0.13240361711457332 0.15364691377145498
0.012604005511458793 0.8231001695290042 0.20453196681070948 0.16910095818878731
0.0018747769040859952 0.8232475860543967 0.17382881000427847 0.16570871643998245
0.04724727070777468 0.8380629468563426 0.12424508588186955 0.14587129141913813
0.015726939488745595 0.8270067074519054 0.16966389253512562 0.15973919944126516
0.024110503141038728 0.8146974275816319 0.22093626223009005 0.1823789695906993
0.005838482337974238 0.8293653718581853 0.17811811583966816 0.16283622643828474
0.019501664448403233 0.8320925775779465 0.16254179746620212 0.15834516513409905
0.024960494595263727 0.8306184123240216 0.14977732768305604 0.15414958165218828
0.02672127543757838 0.833419326306479 0.15171892911825702 0.15414752820453384
0.024075959221317556 0.8317240362644652 0.14838225688550283 0.15606524422702278
0.024337619969117347 0.8273015405026903 0.15396910532870653 0.15969220576974175
0.04668455031387289 0.8334930345691752 0.1158407332815102 0.15264430891704464
0.027501051623310416 0.8211837546989017 0.21887066005221434 0.17504635428806084
0.018839275376830583 0.8332719097810865 0.1740479138503745 0.15543869610138597
0.0038845211615026187 0.8234687108424854 0.1930253209038932 0.16365161607601322
0.019991316371064882 0.8200044224957618 0.23105783102685304 0.1725901772246829
0.005337266395128576 0.8236898356305742 0.1886133207544295 0.16929315600826333
0.056238762289908845 0.8373995724920764 0.10616305596327325 0.14284660997858312
0.013601634458712208 0.834303825458834 0.17173559690689 0.1525282325264252
0.012618626022196405 0.8360728237635439 0.18355577905396978 0.1522352559205458
0.013073772402507178 0.8298076214343628 0.16474194697852967 0.1608455835266965
0.01994630726088173 0.8257536669860691 0.16025096465038233 0.1625214638143885
0.007249185627253518 0.8271541239772978 0.1842934629270876 0.16105634288864895
0.024334871349446507 0.8211837546989017 0.22158729279236491 0.17172724793130406
0.03309560932393309 0.8178668828775706 0.22908427579230856 0.17441189040024457
0.05139664278891837 0.8337141593572639 0.11263734051501409 0.14781406539741201
0.03224752937752853 0.8258273752487654 0.14028941256240532 0.16877128786658555
0.02988957791131952 0.8279649148669566 0.1433099633992224 0.1528023243620758
0.03551522185576397 0.8339352841453527 0.1424305439879081 0.14654360409096848
0.005652768499474103 0.830176162747844 0.17890131412181523 0.1549031206345906
0.04210642361942252 0.833419326306479 0.1412708291485291 0.14988291061531156
0.04298310753009574 0.8362202402889364 0.14066521411601332 0.14752879947991704
0.4
0.023554182620448727 0.8357779907127589 0.16129568353143584 0.14804055592810875
0.0035679436974831724 0.8292179553327929 0.19082179761250562 0.1601789972993663
0.042552416594481335 0.8404953195253188 0.12765861053141736 0.13869700961394069
0.026380542689043385 0.8273752487653866 0.14383330934765176 0.16210388406461426
0.031016752063562136 0.8314292032136803 0.15435305093270346 0.15219307941412583
0.01042553015194364 0.8216997125377755 0.2004053928708096 0.16950743137634136
0.04145546218322996 0.8371047394412914 0.11743514289645501 0.14798141951656069
0.005906488604680182 0.819783297707673 0.20606445211884578 0.1697392502463366
0.01711715167618337 0.8226579199528267 0.21715390983425523 0.17175848278766434
0.05292102548990718 0.8385789046952163 0.12323740138855964 0.1393490745142145
0.024356633263969252 0.822436795164738 0.22778995490536313 0.16964801473500812
0.02143708268098135 0.8323137023660352 0.16031697413595844 0.15199890590246645
0.02064620307963788 0.8320188693152503 0.15732392076717727 0.15305496404852764
0.0209928074278678 0.8375469890174688 0.1540363378707458 0.14575877396390793
0.02188364501106002 0.8173509250386969 0.19856736408751316 0.17382486684889395
0.019413386869032573 0.8298813296970591 0.15477949690744 0.16334442442721972
0.009170046411755159 0.8182354241910518 0.21101535188562118 0.17986321787573728
0.03745900926461018 0.8312817866882878 0.1289780819938628 0.15521932410202885
0.043315216233636614 0.8127073044888332 0.24832326865004717 0.18189015822591278
0.034008848107096784 0.8299550379597553 0.13243943689118803 0.15664867761116907
0.027239068971798314 0.8324611188914277 0.14980044228693787 0.1528967324293338
0.004772971993993874 0.821847129063168 0.19584253107138275 0.1671206892271775
0.022837623125874063 0.8144763027935431 0.22004234774127776 0.18192815275066482
0.010058110512396135 0.8289968305447041 0.16989330972929093 0.16450258565003653
0.010930320138420047 0.821552296012383 0.2045978887341572 0.1723000885829377
0.028544137149865506 0.831060661900199 0.14620816868727973 0.15375376694444715
0.010703826172375586 0.829586496646274 0.17162183810530754 0.16086913428367935
0.007149285480527956 0.8256062504606766 0.1754588613981486 0.16519303934662583
0.02200009885993834 0.8278912066042603 0.15821821562872285 0.15661264852898305
0.044320933784226024 0.8329770767303014 0.11654364325048887 0.15294855975806898
0.030796088185432377 0.8227316282155229 0.22679191012114644 0.1744413745155306
0.030826736922735465 0.8334930345691752 0.16077293670053963 0.15293993215800727
0.02607230314560796 0.8295127883835778 0.15902812833302984 0.15561690992118563
0.022473188695826596 0.8202255472838506 0.2334839413483012 0.17244703473386297
0.009128080126860755 0.8204466720719392 0.21238448593150913 0.17420670500551413
0.0397744230262225 0.833419326306479 0.12642788320193366 0.14958542976650416
0.014206784453770854 0.8340827006707452 0.17715433906041034 0.15308032841733843
0.026336528882621946 0.8384314881698238 0.16712857999949446 0.1487357326802554
0.00416371841833435 0.8254588339352842 0.19263190178542305 0.1667886340200642
0.017381401783450712 0.8255325421979804 0.16156029896080623 0.16450789684681552
0.023134800447594167 0.8290705388074003 0.16086654350143703 0.15708672457388814
0.014292922295174926 0.8238372521559667 0.21059803867881396 0.1671007219674378
0.0016573893609961865 0.8279649148669566 0.18692982398206387 0.16129311081426845
0.036380176599938724 0.830765828849414 0.13946422914496234 0.1511109821264129
0.03281800609219804 0.8254588339352842 0.14124863780205757 0.1670843025542257
0.02086856366228962 0.8250902926218029 0.15509602369038372 0.15832306196028662
0.04318897761108079 0.8361465320262401 0.13205857459755807 0.142799484123988
0.005995198336012475 0.8271541239772978 0.19359607066734408 0.15992451579392167
0.03747197263202773 0.830470995798629 0.1467721512877506 0.15199217011331756
0.036916921321528046 0.8348934915604039 0.1501729758099068 0.14953876321008422
0.45
0.025526695252198056 0.8361465320262401 0.15943450435662923 0.14613267285182854
0.010759145932907499 0.8326085354168202 0.18521027110668392 0.15662494419983325
0.02743114891549514 0.8366624898651139 0.14744695950212042 0.14683987450544536
0.019283996286268645 0.8262696248249429 0.151674575141583 0.16334364755037067
0.03253608090070495 0.8335667428318715 0.1489583457085137 0.1500686862604456
0.012162840680811776 0.8311343701628953 0.17393266301667118 0.1553319028222757
0.02620127338940889 0.8342301171961377 0.140045802646588 0.15396874294204702
0.02023777893689177 0.8284808727058304 0.17186489098339092 0.15777574619744542
0.010483867774354755 0.8312817866882878 0.17384326127287408 0.1595882188390187
0.061731010364953404 0.8397582368983563 0.11589703224359246 0.13894862117955295
0.02270573842749457 0.8204466720719392 0.22207970601070437 0.17307787729519802
0.007102236986336635 0.8256062504606766 0.19862924161469547 0.16251568034383881
0.005201785241725987 0.8257536669860691 0.18017901936167885 0.1609686415090235
0.022417621106079116 0.8376206972801651 0.15231417690648458 0.1453190088408943
0.012878187312678924 0.8216997125377755 0.18939046350689068 0.16813312878428585
0.010678903819927893 0.8264907496130316 0.16934338651302805 0.16716380184605692
0.022421392382602365 0.814402594530847 0.23260112726079493 0.18487319909794703
0.01992590205784145 0.8309132453748065 0.1576267292612796 0.15907848044797906
0.028751683377500212 0.8176457580894818 0.22798413031071996 0.17730421548130157
0.017413472619818487 0.8242057934694479 0.1486696099390493 0.16773483494614064
0.039361898011388397 0.8338615758826564 0.1332716493203888 0.14972681489834358
0.013719404808050784 0.8191199233434068 0.2100927099459438 0.17244443930483627
0.04432620974695657 0.8068106434731334 0.24653121425131616 0.19350144065404107
0.01594277182171011 0.821847129063168 0.20999240422833684 0.1750233085939835
0.02796112320394145 0.8160241763101643 0.22655485078521426 0.18108701875446434
0.004008167509862104 0.823910960418663 0.17790731872140023 0.16695424717531915
0.004459826667785605 0.8273752487653866 0.1800791710751629 0.16417550666500857
0.016203600860795142 0.8261959165622467 0.15172816021709645 0.16337089067719388
0.012318858221814666 0.8242057934694479 0.17886098421711624 0.16188551567833148
0.03919374832650713 0.8323874106287315 0.12527870643254357 0.1536940301339204
0.025823584803924854 0.8228790447409154 0.2183942427152809 0.1736194383513864
0.00845358703008156 0.8272278322399941 0.1849768257588359 0.1639944867535689
0.019175390947605647 0.8270067074519054 0.1708733143947329 0.1571059721077965
0.03271866616820279 0.8162453010982531 0.2445078595151472 0.17867728919420858
0.01588423590381463 0.8185302572418368 0.22175739559774238 0.17636889753012058
0.007372832782082728 0.8229527530036117 0.18869966555138512 0.16623561896178168
0.0031844432426365865 0.831060661900199 0.18679673566835053 0.15819854166257377
0.022151004730753043 0.8362202402889364 0.17000846020415475 0.15323475583272245
0.003481367365610527 0.8260485000368541 0.19255368425726238 0.16668372787734106
0.003875197529523866 0.8220682538512567 0.18248930654128448 0.16895222364033385
0.01369203033693897 0.827817498341564 0.1748156888337907 0.16081331313820654
0.02478684050172003 0.8202992555465468 0.22623172302822736 0.17438199560773207
0.013498090639824045 0.8265644578757279 0.2033487874306931 0.16240277843912718
0.02455606154309309 0.8287757057566153 0.15130855150143255 0.15677531435642383
0.03490522980080436 0.8270067074519054 0.14122198611905665 0.16649598779080746
0.023103119743462297 0.8250165843591066 0.15378918915816883 0.15738376491886516
0.03338565906624094 0.8332719097810865 0.14735718838144432 0.14862415766576698
0.03283932470853135 0.8177931746148743 0.22703163711223096 0.17293898993397677
0.027767948711753587 0.830176162747844 0.15569614531928563 0.15627168437680428
0.03342220471020935 0.8349671998231002 0.1555160676954663 0.1491572057100454
0.5
0.02158763934356714 0.8362202402889364 0.15893068979154684 0.14705525272504893
0.004997468769077279 0.8294390801208815 0.1876506556098485 0.16280835046854628
0.0006879536724984647 0.8276700818161716 0.1836919723275336 0.1603918801406062
0.009435193854576432 0.8170560919879118 0.1922813812255902 0.17830575827759457
0.02951486684006213 0.8329770767303014 0.15768124408501577 0.1517034659881202
0.025350775226009203 0.8188250902926218 0.22226438585353997 0.17381155707078352
0.001880054112691737 0.8268592909265129 0.17271332617104873 0.1641916194037258
0.0069035524334745135 0.823026461266308 0.18773591637473666 0.16716404669954613
0.008709357601628276 0.824795459571018 0.19788122222518423 0.16899036976680853
0.04278542712207914 0.8348197832977077 0.13925031913966907 0.14635707972179482
0.022276485780365785 0.821847129063168 0.22404914966205014 0.17111917379779015
0.005094783818770043 0.8266381661384241 0.17969629105922472 0.16058880247214083
0.010604817767063235 0.8267855826638166 0.17147121166961235 0.15784413951923143
0.020705101582389557 0.8376944055428613 0.15073230578546867 0.14635605098327042
0.03291428355115522 0.8130758458023144 0.21662934416973417 0.18090739525783517
0.02769953994727864 0.8340089924080489 0.14721917337122323 0.15890897406950588
0.018099436505339836 0.8146974275816319 0.22664471431851624 0.18410364485853473
0.003202280105372879 0.8267855826638166 0.18003533199417862 0.16599123667995616
0.03342892360089339 0.8169823837252156 0.23532205981853807 0.17791675418435726
0.021473731180705946 0.8259010835114616 0.14888164627719605 0.1638364891497323
0.0365243547505722 0.8339352841453527 0.14016323921177645 0.147975546910801
0.02892990660919434 0.8149185523697207 0.22603136657875475 0.177321528133536
0.036351260284234035 0.8089481830913245 0.2367688803036363 0.18893485217002184
0.02136019173351024 0.8207415051227243 0.2164842294456164 0.17663479023180512
0.042153676544548685 0.812928429276922 0.25130817023449853 0.1846811345298222
0.009208368745556417 0.8274489570280829 0.17047463198768406 0.16142379958447645
0.03361522873717995 0.8326085354168202 0.1332772401666277 0.15715424017218332
0.017913513888751162 0.8188250902926218 0.20365508932166987 0.1764931997876892
0.02189221364862276 0.8253114174098917 0.16146601566189217 0.1612479064603113
0.015358003510616142 0.8270804157146016 0.15737315864513435 0.16149970890077955
0.02479711577519643 0.8220682538512567 0.21584046307965793 0.17352217344212564
0.0017864360505464305 0.8259010835114616 0.19586419858143628 0.1643710901537165
0.01611912399131321 0.8247217513083217 0.17286481766154912 0.16164006381968973
0.0410237484654815 0.8125598879634407 0.2592561948801654 0.18482529993404595
0.010974722201806175 0.8195621729195843 0.2148129704350522 0.17341354840638804
0.04823992564198465 0.8351146163484927 0.1186035886710519 0.14655234474061282
0.005273925288272474 0.829586496646274 0.2002420021386903 0.16098708036670206
0.009704719618386592 0.8323137023660352 0.18348953591635964 0.16072111279241308
0.007223060878795373 0.8240583769440555 0.19404496959926942 0.16915316928081664
0.009254764759546591 0.8211100464362056 0.1695747526748389 0.17110008729635345
0.02181944548054207 0.8290705388074003 0.15842860318577937 0.15827655797916973
0.006546674592639273 0.8248691678337141 0.20504336065387166 0.1652890875297485
0.04726183396904557 0.8141814697427582 0.24545583468906057 0.1834745230916035
0.029878247745956737 0.8294390801208815 0.14751097234965063 0.15325165144565958
0.03759833843911359 0.8268592909265129 0.13666130565419624 0.16661109027844612
0.009151735182197113 0.8245743347829292 0.17000580427835496 0.15952912577778408
0.011317599770539533 0.8278912066042603 0.17392552916138185 0.1564330136800684
0.00104470328650752 0.8280386231296528 0.18730456950291322 0.1599005460630524
0.01689366121802363 0.8284808727058304 0.1731574418071134 0.1587880516128072
0.02241671746079199 0.8314292032136803 0.1646201171262179 0.15528458695787267
0.55
0.0300214213147878 0.8341564089334415 0.15340746610110864 0.1477792777658468
0.021223974231076567 0.8222893786393455 0.2272931962789073 0.1728460853134929
0.025611035446008096 0.8340089924080489 0.14850802617097103 0.14842622082247264
0.011111271614954288 0.8149185523697207 0.19028587462645882 0.17972416360686835
0.004686038493397077 0.8260485000368541 0.19273934593431447 0.16550155742956946
0.024561019535961154 0.8180142994029631 0.21895814778086087 0.17513431731274548
0.01017591515693364 0.827817498341564 0.15523096499053787 0.16424496399516006
0.004919435305758946 0.8228790447409154 0.19361601553898047 0.16697987465933567
0.008959814958540868 0.8298076214343628 0.17799071484442713 0.15996072451319435
0.04798762439998838 0.8378418220682539 0.1295428785408595 0.14275340792721294
0.03380443930044237 0.8184565489791406 0.23954212646291714 0.17592086234119342
0.002875381013515921 0.8267855826638166 0.1887081656902177 0.15724419856355437
0.02059385580904355 0.8202255472838506 0.20953478854184363 0.17011583490909332
0.02258593260258071 0.8359254072381515 0.15124388008873677 0.14745545630025936
0.029033141762759077 0.8137392201665806 0.21329348162047193 0.17721837916100222
0.032636806984691444 0.8350409080857965 0.14154917200084569 0.15671167946646197
0.024731772898100524 0.8121913466499595 0.23336440237390277 0.18931509864337676
0.010901598062398848 0.8269329991892092 0.1696144379860522 0.1645188471325525
0.01326167654537408 0.821552296012383 0.20233972533643615 0.1723000885829377
0.018387954577049948 0.8255325421979804 0.1502184244199766 0.16551714634948061
0.018942842265322446 0.8322399941033389 0.16271514894783798 0.15540415351932058
0.03458046969679569 0.812633596226137 0.2336950068688218 0.18263962260822758
0.03178122445910743 0.8102012235571607 0.228678153896056 0.18760391669579515
0.04608108770817415 0.8113805557603008 0.2515885052254448 0.18815501300013024
0.04241065636915842 0.8112331392349083 0.247763945021143 0.1875572035515115
0.0054682178088628075 0.8248691678337141 0.17142782103859905 0.1651701070765522
0.022423826018177745 0.8294390801208815 0.15145235855846276 0.16080604067475507
0.006495681148784682 0.8219208373258642 0.1907517588573344 0.17168490449233687
0.008180266425074606 0.823026461266308 0.17782042985015778 0.16483160283206716
0.022030703015758102 0.8281860396550453 0.1518191532621441 0.16121148222089768
0.03931683959612685 0.8186039655045331 0.23620571239575383 0.17883162004326325
0.0025509620444302272 0.8258273752487654 0.1970959449273807 0.16422030201901736
0.01540307990582196 0.8275226652907791 0.17954616104867369 0.15811996847787527
0.035012339880595614 0.8161715928355568 0.2514078607947404 0.17852630510084838
0.024586555745154046 0.8157293432593794 0.23169032937680684 0.1804874479283794
0.027502734826730352 0.8314292032136803 0.14447606811396319 0.15415717991190664
0.0024335616271684013 0.8301024544851477 0.19860596518601925 0.15890643604257235
0.014673118858076428 0.833419326306479 0.17611621405706201 0.15907502863309794
0.021048796436017744 0.8182354241910518 0.2154217279196072 0.17808707492567957
0.00996834343573913 0.8228053364782192 0.17059282538493703 0.17004351593230513
0.0016067885117493352 0.8228053364782192 0.1965614085643218 0.16646924357263845
0.03022534394301246 0.817424633301393 0.23155367864028747 0.17721022705531495
0.046010033868692055 0.8149185523697207 0.24749387477017182 0.18318493855890106
0.013753662247789511 0.8158030515220757 0.2014549402859797 0.17518349030681454
0.025588675842431408 0.823026461266308 0.15249081734767117 0.1726789219669732
0.03549999586672861 0.8293653718581853 0.13387343776973606 0.15159669251420368
0.0004017777760240149 0.8246480430456254 0.19554157954219398 0.1608863460399335
0.002948182026357854 0.8273015405026903 0.18724586689007017 0.16207177379394325
0.022397110684671068 0.8290705388074003 0.16603911730360396 0.15821713422063372
0.015321384484217021 0.8284071644431341 0.17627781119596408 0.1583385875654915
0.6000000000000001
0.01335649343945608 0.833419326306479 0.1714338992172349 0.15095244294005067
0.015224237280564629 0.8222893786393455 0.21769757705350284 0.17331846588084454
0.01397653134860316 0.8337878676199602 0.1652737308335603 0.151295412146976
0.018156718835001515 0.8130758458023144 0.2034441303885308 0.18300901465433714
0.0003474103790987726 0.8264907496130316 0.1961430062119381 0.16296488723943184
0.02376768474451174 0.8173509250386969 0.2196943166684564 0.1765219435697182
0.008185791799168757 0.8284808727058304 0.1610120289472166 0.16399414092576337
0.013337563346708325 0.8149922606324169 0.2152824703715959 0.17687221094582023
0.0022706483776699093 0.8267118744011204 0.19082786023378834 0.16566527073191595
0.03410454059331114 0.833419326306479 0.14530905407985265 0.15213820373708106
0.016389160414905096 0.822141962113953 0.21705077514239815 0.1688054237843107
0.00745844657295297 0.8220682538512567 0.19159072108877842 0.16662007767664602
0.009432173971158836 0.8229527530036117 0.19657725954459898 0.16491837772552698
0.02013166335174671 0.8357042824500627 0.15426510080119216 0.14593068774244616
0.03558579976942633 0.8119702218618707 0.22342900298771906 0.1820505511905567
0.019339805808034516 0.8315766197390727 0.1588776326957884 0.1627530608420293
0.037463048661091874 0.8078425591508808 0.2514050468457234 0.19296924205667387
0.003386540609953609 0.8236898356305742 0.18767839232705702 0.16964840811225765
0.027112559869858235 0.820078130758458 0.21771931909083067 0.17303923921931
0.008157934044513593 0.8170560919879118 0.1842113833095172 0.17663413554381704
0.02161640030411266 0.8301024544851477 0.15901819887065222 0.1543927962766577
0.030585012837115677 0.8124124714380482 0.22986939019061448 0.18049523693675776
0.035284025168091274 0.8079899756762733 0.23627908541792772 0.1920127621256021
0.026223735340026727 0.8178668828775706 0.22460009336725678 0.1795942158017226
0.04807024374508054 0.8084322252524508 0.25572608890201626 0.1901585512174538
0.0057568243261010565 0.8231738777917005 0.18741535939520224 0.16853841730187424
0.03110306415826314 0.8320925775779465 0.13964355099499395 0.15687431448663303
0.0015584557255769182 0.8231738777917005 0.17704114074609292 0.16722861694558952
0.019014823826425553 0.8255325421979804 0.16655146113485217 0.1614074408636701
0.020494188641074218 0.8279649148669566 0.14917374379156018 0.1595110418378459
0.027391593140203244 0.822141962113953 0.21732800016848652 0.17343459038755593
0.0026832319495157797 0.8231001695290042 0.19890522961157506 0.16785194637951203
0.0036077328887637317 0.8191199233434068 0.2000602760143591 0.17130535242588496
0.04012899277852183 0.8122650549126557 0.25584822950486813 0.1850002449587351
0.02702044151162046 0.8157293432593794 0.23287835557060702 0.1807853798330328
0.04552015504504578 0.8344512419842264 0.11879581855083235 0.14660403646947173
0.0010154779942521674 0.828701997493919 0.19603044545985943 0.16060631238045225
0.009654958520922796 0.8324611188914277 0.18753793509000397 0.15973037708868953
0.005991140599823724 0.8207415051227243 0.1952676147517189 0.1745673815555611
0.010545118180751462 0.8219208373258642 0.16938486684518703 0.17002063269653747
0.010026482655725477 0.8228053364782192 0.20460032025865024 0.16933087681572484
0.04065457806859542 0.813518095378492 0.247334864349426 0.18241881656981768
0.04372537330542277 0.8163190093609494 0.24533500889100077 0.1812685762192401
0.004409056676270923 0.820962629910813 0.1902393405529418 0.1680449441879444
0.0045059248836677585 0.8171298002506081 0.17951544075107212 0.18160033848415005
0.00786725884328357 0.8138866366919731 0.1929075326279469 0.1754066282535888
0.0062052729047983035 0.8274489570280829 0.18340666824059487 0.15880358202348696
0.006138553677794617 0.8256062504606766 0.19472833984454294 0.1640644418523748
0.02949376554367228 0.8289231222820078 0.15490408062042865 0.1574971748212237
0.009745176305778341 0.8262696248249429 0.18409093759383496 0.16149828114621614
0.65
0.02178901218620266 0.8365150733397214 0.16105436318525154 0.14659599433348602
0.015368840051021682 0.8342301171961377 0.18073109605504228 0.1574843790401073
0.002247690896581306 0.8285545809685265 0.18201951649719716 0.1596525738277098
0.013227490220402566 0.8133706788530994 0.19425759168210652 0.18079521197937218
0.007070882768261844 0.8227316282155229 0.20333333302158657 0.16816814861661084
0.013596393364032233 0.818898798555318 0.20484967057998799 0.17390323587944165
0.010071201425006698 0.8270067074519054 0.15665082367441086 0.16790557644722895
0.04158323931212857 0.8298813296970591 0.1453298154062983 0.1524977357725582
0.01725032470360896 0.8226579199528267 0.2158045807326701 0.17152184802043033
0.006330504796584896 0.8277437900788679 0.17959338849967513 0.16279642232691438
0.045360478272254964 0.8155082184712906 0.2563536944223862 0.18021511017642722
0.02294409098125677 0.8289968305447041 0.15474389649999842 0.15538264043542743
0.009913414217858352 0.8287757057566153 0.16944229889254347 0.1562380726529355
0.02843001463419495 0.8379155303309501 0.14416757799528834 0.14491964389256823
0.052095692886745704 0.8048205203803346 0.2478041471759523 0.19053152966109965
0.011494031318009856 0.8264907496130316 0.1731833298312089 0.16568978561568337
0.04063425655216338 0.8080636839389695 0.26076463909636455 0.1934775927809764
0.004990484193444139 0.8231738777917005 0.19214102673615857 0.1706736084498853
0.04197729106987466 0.8127073044888332 0.23983007500279252 0.18189015822591278
0.0032744783051009696 0.8169086754625193 0.18191539746756885 0.17800471758476702
0.03955422055294647 0.8347460750350114 0.13410277537373008 0.14745431440080792
0.02156681666129001 0.8164664258863419 0.219339711520608 0.17751662537161908
0.04936315471955417 0.8024618559740547 0.25797911145700303 0.19999236404709345
0.045693574107332366 0.8110120144468195 0.2464681314922197 0.1892548677508537
0.04143135620603938 0.8107171813960345 0.24757529468347372 0.1875213478507561
0.004519616759122963 0.8219208373258642 0.1922649171009632 0.16954400169433975
0.0074026826273296265 0.8269329991892092 0.1736418906390305 0.16499149299273583
0.028167884804188928 0.8157293432593794 0.22257623272036195 0.17953267697542372
0.0003322136584595625 0.820962629910813 0.18813696548601283 0.17020063853535825
0.00028702262066501727 0.8242057934694479 0.17799314662229343 0.16642795188553677
0.029010806628078506 0.821257462961598 0.21872920213520247 0.1763141914898838
0.002112381582284828 0.8255325421979804 0.19397262283870903 0.16575429618152815
0.008037561958907091 0.817424633301393 0.20785979092316398 0.17217208051742938
0.026398591864491394 0.8178668828775706 0.23849447134492507 0.17733825522011176
0.020757664890422994 0.8160978845728606 0.2238573240691473 0.18123648130618494
0.016908087274743938 0.8284071644431341 0.1573803072570945 0.15815988559154406
0.001225223265609976 0.8305447040613253 0.19417124859947452 0.15832980504356833
0.006557231666977054 0.8273752487653866 0.21170742461314013 0.16659014631516325
0.013792859760555998 0.8201518390211543 0.2036294084326007 0.1746166706374548
0.008144232865662765 0.8216997125377755 0.17211713445129823 0.17075869816231964
0.010298669650627895 0.8257536669860691 0.17497071646181658 0.1640693558758965
0.03932526433565599 0.8118965135991745 0.2454150333284593 0.18454456210261339
0.0343404177838674 0.819193631606103 0.227487341837734 0.17753606138616568
0.011552203835129143 0.8253851256725879 0.16980451097473756 0.1616402188756243
0.023209849230480473 0.822141962113953 0.15414172713850155 0.17420132819403242
0.02478795072702253 0.8106434731333383 0.2137015756816199 0.1803074773552147
0.006602784057824829 0.8237635438932704 0.19974125325056846 0.16366471742282415
0.007748045439203571 0.8290705388074003 0.17260732373265483 0.15881104671007354
0.043373380958541596 0.8318714527898577 0.13472469318416763 0.15292929084086956
0.006010367491931262 0.8231001695290042 0.20532665127690464 0.16677868397770684
0.7000000000000001
0.013138128989188563 0.8323874106287315 0.17139595256877313 0.15179431906320884
0.01880354670121051 0.8344512419842264 0.17385123561457594 0.15792545635445732
0.035250145272550285 0.8179405911402668 0.23305156454539264 0.17426434766881657
0.020988891037675025 0.8110857227095157 0.20387928365367225 0.18617902117069587
0.0026222905100051763 0.8251640008844991 0.20165305801114086 0.16707743544809484
0.03697094078543431 0.8133706788530994 0.2358071913018347 0.18468656289838586
0.019667204989479728 0.8180880076656594 0.19465786308356212 0.18039391687978443
0.0210680758682755 0.8256799587233729 0.16819294300664922 0.15949731547140972
0.01196342233644046 0.8239846686813592 0.20656774182813525 0.17077607772801184
0.013617269509837243 0.8278912066042603 0.17636544506013435 0.1609643354147489
0.043101798268496916 0.8112331392349083 0.25181630271485866 0.18504154598154432
0.008437036205990983 0.8219208373258642 0.19737479571771824 0.16882813404597383
0.02145314025182432 0.8202992555465468 0.2133023685843172 0.16738508062736723
0.02064639113805805 0.8373995724920764 0.15689198356841003 0.14569255281694615
0.054988379182352706 0.8034200633891059 0.24774536132851424 0.19465827770228034
0.004786092298172617 0.823910960418663 0.1786230323019274 0.1693275665288096
0.03231787497700876 0.8092430161421096 0.2492826870287019 0.1922868562140546
0.008954053743560925 0.8208152133854205 0.1970409312203213 0.17156876163666474
0.022237988751448667 0.8207415051227243 0.21803978451791695 0.17201365956639467
0.01005174282751925 0.817424633301393 0.19248852074045514 0.17649386637593276
0.02621919770489986 0.8323874106287315 0.15469411743995176 0.15030529351501937
0.035561094782274136 0.811159430972212 0.23552709568160288 0.18500996596434363
0.04551142153410151 0.802535564236751 0.2503602756764365 0.19924040780798127
0.046887443592337166 0.8110857227095157 0.25296003322466054 0.18970119777259353
0.05113155067765719 0.8054101864819047 0.2558869728376828 0.19369590916650323
0.007335949000445041 0.8259010835114616 0.17142504119600022 0.16294414175184818
0.013262472505091244 0.8278912066042603 0.16692515264646418 0.1620314176536546
0.04606714301298133 0.8090955996167171 0.24507145710081657 0.19073500707098873
0.009010714499137928 0.8170560919879118 0.203275018682207 0.17315188693542483
0.007150202802542721 0.819193631606103 0.1873782230734739 0.17450741173113637
0.028526698779469423 0.8211100464362056 0.2193691099504539 0.17501597397373686
0.015703275272242773 0.8202992555465468 0.21808459381612047 0.17212103562891562
0.0074626558066936965 0.818898798555318 0.2068069079527266 0.17114696294628995
0.013346355777554941 0.8208152133854205 0.21933031537091852 0.17180710613707115
0.04436494000196585 0.8069580599985259 0.2563491435998395 0.19296278748858206
0.01974452436364227 0.8283334561804379 0.15367221091612568 0.15872252332897058
0.0027886412270756444 0.8289231222820078 0.19837152053180854 0.16064295599012343
0.011834962639762164 0.8250165843591066 0.21802845990922987 0.16967175962457426
0.020241359984908114 0.8184565489791406 0.21618595158338258 0.1785935284279314
0.010290676327332104 0.8211100464362056 0.16764690158374582 0.1704440768592502
0.02066706452816114 0.8196358811822805 0.2202616943802864 0.17398162030456432
0.06270122211942296 0.8057050195326896 0.2776575837262951 0.19333849436274644
0.03312283472231453 0.8174983415640893 0.22754833384399667 0.17872971203416765
0.007551670064215921 0.8231738777917005 0.1689427801181641 0.16489776756108798
0.01972825646524977 0.8204466720719392 0.1573658953326012 0.17757533836658992
0.01443174041701023 0.8236898356305742 0.15880336276321871 0.16182989540431336
0.0007173599024743738 0.8246480430456254 0.19219388256682238 0.16082627911303982
0.01828241850821058 0.820078130758458 0.20933263958223552 0.17202524616666506
0.011776115025827621 0.8234687108424854 0.17845049062575624 0.1647901969714806
0.011572182009278925 0.8191199233434068 0.2111795498434823 0.17423733881712802
0.75
0.021118190452242308 0.8335667428318715 0.16681394369338257 0.15000925515488017
0.010856846483326132 0.831355494950984 0.18629096293141348 0.16254656489961447
0.020324468631580772 0.822436795164738 0.21567915918545427 0.16869538731169517
0.018027521430211108 0.8130021375396181 0.20152360157006038 0.18357644136602433
0.0008148942691534877 0.8249428760964104 0.1959132881713315 0.16739768016215
0.028518059336696405 0.8176457580894818 0.2269563313850634 0.17712543082346763
0.02674462565696739 0.8158030515220757 0.2062888736735115 0.1824208527908385
0.004254600641326239 0.8187513820299256 0.20245966490403766 0.17150192226169475
0.009021216608985583 0.8222156703766492 0.20125488566331012 0.17127601017046537
0.01373849967274371 0.8298076214343628 0.17484509733295997 0.15889665749741194
0.044883025592742945 0.8084322252524508 0.24820930944690425 0.18889566611277764
0.006942337364422041 0.8242795017321441 0.17630279152545658 0.16335757698955697
0.00996483741926757 0.8240583769440555 0.19694432675089 0.1620585366882846
0.01894366491117505 0.8358516989754552 0.15806183228472093 0.14641392273867485
0.054805113960924245 0.800471732881256 0.2507820930150813 0.1981206407792248
0.015775813942175865 0.8257536669860691 0.16204668163932315 0.16726783601462014
0.02873947549750322 0.8099063905063758 0.24061799776641313 0.19076941305956183
0.010239291945244172 0.8207415051227243 0.19834648400040691 0.17373757398694303
0.046149912507761084 0.8121913466499595 0.24677667530410194 0.18335024116028495
0.01259646674784945 0.823026461266308 0.16343523821705824 0.16525106765505973
0.0015171726631239557 0.8261222082995504 0.18754051395809412 0.16173091976662987
0.035985634600648964 0.8097589739809833 0.2379978672315497 0.1863331246952497
0.03532733715141809 0.8071791847866145 0.23208968553197373 0.1932345254907693
0.05837988972895805 0.8054838947446009 0.2698222930801841 0.19589155751026663
0.05796289614071397 0.8048942286430308 0.2700849787531237 0.19552684000892995
0.010838993087236376 0.8250165843591066 0.16654915591379613 0.16386488774856792
0.009774981854571069 0.8277437900788679 0.16947195299589649 0.16326938004917627
0.005077550898975575 0.820078130758458 0.18654418132171294 0.17274124108944444
0.015100953949220924 0.8156556349966831 0.20775192245249993 0.17746476204130318
0.019476109959637833 0.8257536669860691 0.1505015721870449 0.16222322271321307
0.025053614732539004 0.821847129063168 0.21878943127707523 0.17678585779226272
0.018670409642520647 0.8178668828775706 0.21994754336970815 0.1758476004503652
0.007216508668660082 0.8210363381735093 0.2066343851614957 0.16867746339306092
0.03202630521736041 0.8152870936832018 0.2477831749030578 0.1795231435398092
0.05061332701272771 0.8067369352104371 0.2616449840688716 0.1952070670976445
0.016426859627786672 0.827817498341564 0.16098849288226194 0.15956462886254968
0.022892701897515605 0.822141962113953 0.21841608155524908 0.17082919977555625
0.01531198237373245 0.8242057934694479 0.21993743006959404 0.1718676046850473
0.016457889374837595 0.818309132453748 0.20869640650419172 0.17615602744740932
0.010917197956409969 0.8219945455885604 0.16998848679427486 0.16939718924509173
0.012754991918438402 0.8213311712242942 0.20374576242378847 0.17297776500584813
0.05160831194164975 0.8107171813960345 0.26153682211127627 0.18710217088764267
0.04362272218902084 0.8132969705904032 0.24006423980784758 0.18501347721962114
0.02892572909492161 0.8115279722856932 0.2194854866802966 0.18161421569787892
0.003294204650351698 0.8132232623277069 0.19180185658449295 0.18730031754003618
0.005288022785380736 0.8193410481314956 0.1711273236817254 0.1693000255025386
0.0009604341005280403 0.8238372521559667 0.19143200410694888 0.16327835393035278
0.01790772632014928 0.8208889216481168 0.21231614825685163 0.1702879039557601
0.014994059635195012 0.8184565489791406 0.21404217939509312 0.17734836722425995
0.00478740092672425 0.8253851256725879 0.19336718024884628 0.16307375509921027
0.8
0.0014340817764958436 0.8289231222820078 0.19254730722929572 0.15785432106115457
0.009578053731580327 0.8333456180437827 0.18508414735370862 0.1616045849086915
0.016091167957700936 0.821847129063168 0.20822016504246466 0.1675400258305121
0.01203452083903285 0.8131495540650107 0.1924993140942435 0.1832798476233934
0.019164460817654508 0.8176457580894818 0.2195297359932411 0.17682729431063973
0.05080784486076094 0.8094641409301983 0.2556242412472939 0.18885257680891532
0.029950108137347636 0.812928429276922 0.2109974824546219 0.18557577153680216
0.009701006296598202 0.8166138424117344 0.21168789682094757 0.17440004499225129
0.013010566726591621 0.821847129063168 0.20581105769819472 0.17200958832602095
0.006014248929275545 0.8284071644431341 0.18151947504225327 0.1643161394140084
0.03266105657269533 0.8161715928355568 0.23899274581664454 0.17852630510084838
0.015089422913827977 0.818309132453748 0.20786673820998494 0.17226665099604369
0.020917429872889026 0.8202255472838506 0.21430378245339946 0.17095401605755317
0.0019183267661507797 0.831650328001769 0.1859008612033934 0.1519361312159257
0.031312490436159204 0.808800766565932 0.21201499999321688 0.18639963087028358
0.002293173829089973 0.8211100464362056 0.1891823590926306 0.17460233404493042
0.024322360173887475 0.8124124714380482 0.2392208486527875 0.18809986504354062
0.0002706840141676603 0.8253851256725879 0.1843658542780437 0.16788017997062551
0.04300243049337259 0.812043930124567 0.24290289032703993 0.18388747704014563
0.018153874905475015 0.8142551780054544 0.20191292545976572 0.18344561897013387
0.016949850121565885 0.829291663595489 0.15999766044627353 0.15664979440141158
0.048706293266508646 0.8059998525834746 0.25321050680315826 0.19201600922401588
0.04950400568714686 0.7998083585169897 0.2550461698880814 0.20377866481763637
0.06317885184670988 0.8034200633891059 0.2764576594605024 0.19924388433954976
0.05456871429786114 0.8047468121176384 0.2672934075000178 0.1967277522641452
0.015976977961813826 0.8186776737672293 0.20573696068678063 0.17512118388037615
0.007893842296923193 0.8273015405026903 0.17528677153288916 0.16384864702343885
0.019313644793081897 0.818309132453748 0.2081395701906562 0.17526142042317447
0.024161245969674575 0.8131495540650107 0.22140753097326113 0.18081918988561282
0.013895593879230839 0.8175720498267856 0.19774948285874933 0.17560085283048446
0.03179942025607059 0.8197095894449767 0.22362917335608254 0.17857310151252292
0.015579225810528272 0.819783297707673 0.22000131459775144 0.17386596083842717
0.04405976660096453 0.8110120144468195 0.2542182545813465 0.18446528743480556
0.03950396344278195 0.8133706788530994 0.25813226647497073 0.1823559265551099
0.03528881005842133 0.8116753888110857 0.2494526513831366 0.18815678911192335
0.012761247401395448 0.820667796860028 0.19921296437847708 0.17186276818671797
0.01170094053881715 0.8243532099948404 0.20342084092157992 0.16678908027183828
0.026889985603769623 0.819193631606103 0.23760977015980494 0.17795007492343728
0.031117568570010537 0.8148448441070244 0.22631795339985872 0.18196385397113599
0.0023369072332268537 0.8164664258863419 0.18425956246375974 0.17811457493321908
0.017686883003854265 0.820962629910813 0.21488612856492306 0.1715727322448723
0.05425293486946231 0.8066632269477408 0.26562168109837025 0.1907908290875663
0.045626951266783955 0.8151396771578094 0.24477229072132406 0.1836319174527772
0.009149615788923787 0.8162453010982531 0.1903994984805446 0.17375282877424206
0.010026653676541417 0.8110857227095157 0.2013922654296506 0.1921305889689336
0.013139869008163274 0.8136655119038845 0.20045307198643791 0.175730435984408
0.00041891825569601027 0.824795459571018 0.19388088502943762 0.16364762508098316
0.052655586176835384 0.8078425591508808 0.2600640001827334 0.1883398400923333
0.006678296155219754 0.8198570059703693 0.2065569307370192 0.1744327487605928
0.009128524165497837 0.8208889216481168 0.20966865734477758 0.1699890563814526
0.8500000000000001
0.036216026444687924 0.8177931746148743 0.23933537309355202 0.1729389899339768
0.00465428845113483 0.8273752487653866 0.20312717819625828 0.1674701765481858
0.020475411740631277 0.8217734208004718 0.21224625297030514 0.16870377153014357
0.026565556124197753 0.8091693078794133 0.20783877419202706 0.19022713952286124
0.02844191115600858 0.8166875506744306 0.23404228207269898 0.1801148171601138
0.04705702013528906 0.810274931819857 0.2518614236140715 0.18727517293435644
0.029733319899717406 0.8169823837252156 0.2151632573397649 0.18005911964993898
0.031105200131566965 0.8084322252524508 0.23675088774788447 0.18787062555142284
0.031742821872351876 0.8157293432593794 0.22772181418001802 0.18138061665307625
0.0025909376569251685 0.8255325421979804 0.18905472294135744 0.16450789684681552
0.05068009770938653 0.807916267413577 0.265219385357136 0.1905417109320199
0.00525078585656516 0.8211837546989017 0.18835095858363704 0.17035679445923485
0.025470318747925214 0.8163190093609494 0.21974882277837604 0.17450961649042265
0.02418298002966704 0.8359991155008476 0.14685405745957553 0.14624361190121396
0.04213845777609358 0.8063683938969558 0.22930370164085295 0.18993718955055325
0.008342206633245267 0.8210363381735093 0.19589697296892183 0.1761066360133534
0.023335377277381678 0.811749097073782 0.23701972514051656 0.18919704182696584
0.017541380737675 0.820078130758458 0.2071399087999408 0.17523821549392424
0.03995390977491062 0.8139603449546694 0.23734134661912798 0.18117009841887474
0.00415571649476279 0.8181617159283555 0.1837369032880511 0.17716513726481115
0.02061140303637471 0.8309132453748065 0.15978226063015474 0.1550554077032432
0.051810810599858675 0.8026092724994471 0.2593306683165811 0.1979442279146664
0.05025505337965744 0.800766565932041 0.2527567466497925 0.20236465904593776
0.05661845305774356 0.8058524360580821 0.267324938425969 0.19693931158129083
0.05617410583748171 0.8030515220756247 0.2675248372888177 0.19716429532202023
0.019859174705427363 0.8177194663521781 0.21383399295716005 0.17416749696663467
0.01751984036964782 0.8169823837252156 0.2105603570204483 0.17845334832852236
0.03441293870305542 0.811454264022997 0.22711188381099906 0.18657371857560187
0.033757545755305915 0.8110857227095157 0.23555783323938392 0.18689782449148962
0.016468186280829467 0.8161715928355568 0.19797984832638285 0.17786835345065724
0.02695951231576045 0.8211100464362056 0.21793134913869155 0.1766075789383566
0.017361502118645955 0.8177194663521781 0.22506329549287182 0.1767990742491491
0.03576297170338388 0.8087270583032358 0.23963195172602786 0.18817862724372483
0.04111257421161152 0.8116016805483894 0.261613198163953 0.18645604653068887
0.020359798311284497 0.8147711358443281 0.21904936055895993 0.18371830443116738
0.010965537722017388 0.8264170413503353 0.16587165914058377 0.1649489990095276
0.009958021148838925 0.8261222082995504 0.20508112238930826 0.16494100248829596
0.028067328242920866 0.8195621729195843 0.23885170895277547 0.17851351002864133
0.032671853616593374 0.8142551780054544 0.230813323456825 0.1824916909096141
0.0017546493647203343 0.8181617159283555 0.17856523789103274 0.1762124510650621
0.016640706204152672 0.8194884646568881 0.21191443365703008 0.17391851095249058
0.05856598496349631 0.8043045625414609 0.2711230566483784 0.1963036434578489
0.053609601128149345 0.8110120144468195 0.2587975057239982 0.18919533798132115
0.022770578032306504 0.8139603449546694 0.21312809827104248 0.17966905416240755
0.01946216137203434 0.8083585169897546 0.21570027902566186 0.19425154866681646
0.017538018378217834 0.812043930124567 0.20513305749977268 0.17954433206937104
0.0018612094667732615 0.8240583769440555 0.1925514047864383 0.16433545058436566
0.031834382057081084 0.8161715928355568 0.2295405795380716 0.17768874394646864
0.010274970467551964 0.8183828407164443 0.21145303063295995 0.17648505122606695
0.043185088681522335 0.8085059335151471 0.2576323823869044 0.18844526553883223
0.9
0.02824916691584388 0.8216260042750793 0.23308024764841304 0.1724498654256879
0.005823816401383741 0.8294390801208815 0.19009412364915762 0.1652107511985935
0.03538473147569286 0.8159504680474681 0.2329285552519687 0.17843150571078875
0.02329004937753333 0.8107908896587307 0.21120868500965626 0.18731281864310145
0.02479646846112886 0.8160978845728606 0.2290711438734874 0.18004657722562215
0.04705523058458835 0.8097589739809833 0.2485956240300969 0.1877768369472799
0.02010951168480042 0.8166875506744306 0.19856692169165405 0.18153857325230535
0.024155885275815178 0.811159430972212 0.22820574339023164 0.18338443997930165
0.025341656503179724 0.8179405911402668 0.22408264282529727 0.1786171083383098
0.011613639120006347 0.8214048794869905 0.20826835520685016 0.17069117793059962
0.047835721096472036 0.8107171813960345 0.2575713523361276 0.18770086725876148
0.030353324387637742 0.8147711358443281 0.22314770410195495 0.17876050830304577
0.02640440284501422 0.8172035085133044 0.22466878239704258 0.17436061068046368
0.0009606558124375941 0.8315766197390727 0.18742536883593283 0.15231978701732787
0.04737458550013579 0.8040834377533721 0.23541720988783862 0.19294347937818596
0.00238258380351114 0.8283334561804379 0.17886835374604876 0.1689065078085666
0.03982875791841144 0.8061472691088671 0.2557440972959013 0.1974153296013894
0.026285032609424303 0.8181617159283555 0.2213127534244737 0.17627205476253488
0.05159998276189884 0.8101275152944645 0.2594431709035642 0.1870325100157802
0.00907594232181358 0.818309132453748 0.19245064174245108 0.1772865847532959
0.0015342987985966505 0.8248691678337141 0.19116360115084272 0.16362064663570042
0.05302942059201317 0.801651065084396 0.25803633594958636 0.1988697419448441
0.058186690859053175 0.7963440701702661 0.26858833354436334 0.2082737256322504
0.05624268154576806 0.8044519790668534 0.2673084150921936 0.1987046067136485
0.05647185188390902 0.8039360212279797 0.26857117463680896 0.19717324465174424
0.008942361552471856 0.8194147563941918 0.19529999756959646 0.17317084187232099
0.003485958556561891 0.8234687108424854 0.18895618948275192 0.1699101460344255
0.046412799865128876 0.8093167244048057 0.24805094381887563 0.1882499154494302
0.014395064479058528 0.8168349671998231 0.21205912787095427 0.17743583349758454
0.011376379701895145 0.8275963735534754 0.1591048580867182 0.16273297916264506
0.038558027067501374 0.8164664258863419 0.2316920180452736 0.18198118745598396
0.018905385569001773 0.8162453010982531 0.22815384680201645 0.17700166053433145
0.025920686639521698 0.8131495540650107 0.22805184120960262 0.18130038427431394
0.023181770217642075 0.8186776737672293 0.2327445506375671 0.17702527813884916
0.049258416052685355 0.8051890616938159 0.2653350908524651 0.1969092665322562
0.005985369295060439 0.8259010835114616 0.17080027095139155 0.1646084942387864
0.021343561612269968 0.8211100464362056 0.21592426135578147 0.17341827652484465
0.035859250982165816 0.8166875506744306 0.24978474703735365 0.18289834800889007
0.027250789658439897 0.8157293432593794 0.22414465044397636 0.18066623204248533
0.002550674279634707 0.8173509250386969 0.1865914854369461 0.1783110708227977
0.0028550789506402996 0.822436795164738 0.188791005402519 0.16941004327313394
0.04447533388656223 0.811159430972212 0.2521942874284607 0.18627012578360924
0.03179570772571326 0.8170560919879118 0.2217412760305228 0.1818068480021236
0.045728050156640485 0.804009729490676 0.2416079816072468 0.19120681185085317
0.01900999325531813 0.8090955996167171 0.21506764936276795 0.19472127876190573
0.039161402057452874 0.8044519790668534 0.22879444810723965 0.19158562186003641
0.0026391406182756094 0.8262696248249429 0.1860572515086844 0.16149828114621612
0.028488026375804318 0.8188250902926218 0.2247265157915694 0.17560112590077648
0.013075104354293127 0.8172035085133044 0.2147488397607488 0.17836801734245733
0.017068483110423666 0.8202255472838506 0.21862268422993159 0.17185040770720258
0.9500000000000001
0.023189358438507918 0.822141962113953 0.2248890563031898 0.1663533045234822
0.0037141595072537337 0.8305447040613253 0.19305403137948138 0.16454992121265413
0.04120418256461558 0.812043930124567 0.24185869533451784 0.18430751125893705
0.03530624329814565 0.8063683938969558 0.22687944113189962 0.1934973144554479
0.029904424359510892 0.8144763027935431 0.23423980617534404 0.18180871148954106
0.04175710639163281 0.8101275152944645 0.2399029901965451 0.18631109862513212
0.04244163468846564 0.8092430161421096 0.22932058278477385 0.19127358585514143
0.032417256949227036 0.8075477261000958 0.23800843599062182 0.1900840168708159
0.017541642247899336 0.8194884646568881 0.21271850067062664 0.1770068586966071
0.0015894983306420918 0.8236898356305742 0.18753877544842215 0.16667937556885745
0.041487034716017085 0.810274931819857 0.24990969218194833 0.18601338472300194
0.023291888693286078 0.8162453010982531 0.22111682805782218 0.17640171653367112
0.008670566138728464 0.8225842116901305 0.19701987476924177 0.1664907322085671
0.011645413979183727 0.8323874106287315 0.16981184910256936 0.15000698667999152
0.047575576374128625 0.8057787277953858 0.24054550530173976 0.19173965088844191
0.01753971617158108 0.8155819267339869 0.20570545515971408 0.18345659544337048
0.04406438897927331 0.8060735608461709 0.26544408665162966 0.19631197607118053
0.001034914051221636 0.823910960418663 0.1861185739999979 0.16855760897158115
0.04137920883821508 0.8121913466499595 0.24098389353285415 0.18478958270016935
0.027056614689983383 0.8121913466499595 0.2155117297511934 0.18586593345015714
0.015993731636427005 0.8283334561804379 0.16880608250281745 0.15543794900381952
0.06118896702569229 0.7995135254662048 0.271904431196054 0.20099263883574156
0.06110251722683166 0.7947961966536449 0.27226361596369963 0.2105439384409303
0.07401174287825044 0.7963440701702661 0.29404989142143007 0.20827372563225038
0.057794193895474924 0.8028303972875359 0.2706327706517489 0.1983387105000294
0.0237937393670304 0.8159504680474681 0.21519532321307389 0.17867078135661882
0.004335825901936291 0.8225105034274343 0.1873996479881209 0.1697986198453925
0.036421997877763124 0.8103486400825533 0.23112639885585679 0.18754617980767288
0.018045799694517875 0.8155819267339869 0.21135355601240285 0.1788715983784649
0.02469510199629106 0.8127073044888332 0.21290763020776787 0.18351109467995483
0.04953032473181425 0.8122650549126557 0.2474548672697975 0.18833700886021001
0.02306564796555416 0.8158767597847719 0.2302579212722246 0.17953563317615523
0.035764933331942805 0.8113805557603008 0.24374818213301117 0.18504452929451295
0.037991476427361504 0.8110857227095157 0.2576460373705923 0.18515865143526286
0.036523438633796756 0.8090955996167171 0.2407487887628463 0.19246540536369589
0.007101006530950166 0.8253851256725879 0.16607558192852437 0.1663428711328166
0.025426430734895575 0.820667796860028 0.22384054865969483 0.1734096329980686
0.02399679656776524 0.8190462150807105 0.23284472064932665 0.17800778464381412
0.02214060729883012 0.8161715928355568 0.21441637304595484 0.18019665216793196
0.012282171703713152 0.8207415051227243 0.16512607026861634 0.17046245758576492
0.014889071242073865 0.8183828407164443 0.2098329175691715 0.17439700695907387
0.0621949233052895 0.8054838947446009 0.2784631772815467 0.19402841420728512
0.052255199322280274 0.810569764870642 0.25411060353888737 0.18972939117606782
0.046563614550060334 0.8040834377533721 0.2467386604219104 0.19306493671428845
0.012787154544725052 0.810274931819857 0.20636050211876394 0.19216577842664487
0.03597773730381029 0.8076214343627921 0.23063850008112965 0.18496427103015176
0.024963493244554685 0.8177194663521781 0.22644501533575231 0.17602315646635358
0.04405939607443152 0.8124124714380482 0.2464701788572698 0.18308497005287333
0.02818575943437983 0.8124861797007444 0.23690878962217685 0.18449519741877432
0.01377396699142755 0.8191199233434068 0.2153068417034368 0.1746546645385359
1.0
0.008977414339014583 0.8262696248249429 0.20539793340294282 0.16066259793702656
0.003553997111418822 0.8270804157146016 0.19683248237044104 0.17155348233703874
0.027252087741605965 0.8192673398687993 0.22015604042711573 0.17406209713865636
0.04382686004955834 0.8032726468637135 0.24001499127506665 0.19695566096071018
0.04109841741328554 0.811159430972212 0.24920452367091778 0.18686890215700194
0.05932515013472377 0.8054838947446009 0.2720189060606769 0.19300314201614024
0.04100863142429262 0.8090955996167171 0.22806543795875353 0.18893718883181312
0.023325588344431478 0.8092430161421096 0.2270628663538474 0.18447534440064045
0.03199889719566955 0.8139603449546694 0.23084098933358377 0.18368036528477613
0.0077212187365000295 0.8214048794869905 0.20408300597340248 0.17027392945533884
0.05439102544881752 0.807916267413577 0.2643155347124341 0.1913825912695926
0.042949600882452504 0.8113068474976045 0.24381101505394648 0.1816370725501473
0.017759560794411794 0.8185302572418368 0.2105341609176714 0.1722446056833632
0.003017642833877149 0.830176162747844 0.19119911185193486 0.15603394030249823
0.0480551454064322 0.8021670229232697 0.23940013611444508 0.19514577123038285
0.016641948452097197 0.8171298002506081 0.2046174256060918 0.18017944645062492
0.029000621169320673 0.8098326822436795 0.23814785607954636 0.19210795128481206
0.04283560818052845 0.8107908896587307 0.24539900228597739 0.1871331885595915
0.05283344877996057 0.8075477261000958 0.2624743432600586 0.19080675536749306
0.02432674666126111 0.8139603449546694 0.21233040280504842 0.18379953349314737
0.015071791175981425 0.8278912066042603 0.1700216970178802 0.1554739322228146
0.05714208017103492 0.8011351072455222 0.26648465635584856 0.19968042491505325
0.06015639156578936 0.7957544040686961 0.2663477475146997 0.20827233757240365
0.05328932418160848 0.8051890616938159 0.26611493298774097 0.1972085942612526
0.052092732519968446 0.8060735608461709 0.2645134692408811 0.19397502127288224
0.027647705560822952 0.8140340532173657 0.22072676285713563 0.18299559419687342
0.01430713818390325 0.819783297707673 0.20519440293150115 0.17446095154156532
0.05543042236480658 0.8051153534311196 0.2579946378429064 0.1966993650165562
0.030534933093708666 0.8090218913540208 0.22824126768243824 0.18848523956437158
0.012422870573301464 0.8180880076656594 0.19405023302724006 0.17534542254183483
0.037220915112767136 0.8166875506744306 0.23095292136884693 0.18419462993095725
0.03254109553155515 0.8121913466499595 0.2438819980691521 0.1841304750906222
0.016530370727933036 0.8156556349966831 0.21893031169060884 0.17794477064267536
0.05017207551478069 0.8083585169897546 0.275179810406788 0.191087523943029
0.03184976695718429 0.8092430161421096 0.2384443749987165 0.18989861797334898
0.003637502499466483 0.8254588339352842 0.1742804430176668 0.16631515720201134
0.027574836129523092 0.8211837546989017 0.2275453640532903 0.17386389302089522
0.033549621667854024 0.8168349671998231 0.24619873749538426 0.18224915051842405
0.042005260324180435 0.8104223483452495 0.243850057354179 0.1883554307756131
0.0018404602474045295 0.8172772167760006 0.18608266985579763 0.177803454670152
0.004412234240954854 0.820962629910813 0.1910282239422608 0.16978223855206867
0.07403215978284028 0.8009876907201298 0.2907256121523814 0.1992544124642255
0.040565053014175234 0.8153608019458981 0.23789058992339984 0.18389972227544085
0.04967941560502538 0.8023881477113585 0.24916563422770766 0.19463374444543646
0.016272171510148203 0.8101275152944645 0.21247192787748442 0.19222572940078267
0.04479547427695885 0.8033463551264096 0.24157895804026824 0.19243625042858545
0.02100554685652234 0.8186039655045331 0.21966964619101637 0.1744329334487554
0.04443988463298813 0.8106434731333383 0.24594238243332198 0.18550996779641843
0.010335123853455308 0.8184565489791406 0.2099603077479919 0.17514568370910538
0.04839569292197406 0.8075477261000958 0.2651801209984942 0.19110753583703866
