0.05
0.31128880773217293 0.678011885467315 0.2908905684231603 0.21403154673718724
0.21798965161962347 0.6509994597514857 0.23319599758688608 0.18678039613685224
0.19437200043209213 0.6601836844948676 0.1529296443401867 0.22296687902614526
0.6343622752499686 0.6148028092922745 0.6315522551996451 0.3344664750678056
0.24902630997639885 0.6747703943814155 0.19999795180865632 0.2300353656042425
0.25959861856389144 0.6612641815235009 0.2383166072621851 0.23157641284456526
0.18862012094557445 0.6499189627228525 0.17041817228066822 0.1996727990698489
0.39791452991452997 0.6591031874662344 0.3805451156238494 0.23247920589051724
0.20854073000998652 0.6450567260940032 0.189702010911085 0.21426441284759662
0.13948929325424753 0.6704484062668827 0.10436900786314882 0.20996726197567178
0.25378582360138746 0.6553214478660183 0.22970083162328547 0.214834918209016
0.23918829008649367 0.6704484062668827 0.23035694274151622 0.1807891484985707
0.09758529960957396 0.6618044300378174 0.05582901225837106 0.1828455322204259
0.20428904285977068 0.6564019448946515 0.16463573259463585 0.2065392158829636
0.11636833296951166 0.6607239330091842 0.09594077561873479 0.19446069844904915
0.2772699897911969 0.6753106428957321 0.24389407633085522 0.220749222283532
0.5157160156968545 0.6499189627228525 0.5083792372556417 0.273665765590334
0.21201881507866716 0.6596434359805511 0.1965072317145357 0.1997819259431861
0.5376989905331755 0.6477579686655862 0.526206394076028 0.28907167469914824
0.21905209993662744 0.6693679092382496 0.19915093467715814 0.20838801810432395
0.5739224380895118 0.6461372231226364 0.5593962268657705 0.28517221134029297
0.24451584960434514 0.6499189627228525 0.23167956823560582 0.20961271800440182
0.29973113743489366 0.6682874122096164 0.27103540934423875 0.2114150889846743
0.22247302103133237 0.6488384656942193 0.19216635819860242 0.20036698753310372
0.23367073293678797 0.6726094003241491 0.21141549068127574 0.17828016227255702
0.263732802357891 0.6628849270664505 0.2535738083443586 0.18445366511772232
0.2765282151247064 0.6855753646677472 0.22434481255188646 0.21567486467473654
0.17247586024224038 0.6547811993517018 0.14335054632120356 0.1997423993648538
0.10597083703630561 0.6445164775796867 0.08526111346404577 0.2237834555400339
0.24650854153485285 0.6515397082658023 0.20828851581063976 0.24657476738611997
0.3523361823361824 0.681793625067531 0.3237072259056991 0.20605571382061447
0.13469066278108133 0.6704484062668827 0.11227148333167333 0.19333438291676153
0.15162884514425334 0.6618044300378174 0.13099927806795045 0.18055398894103414
0.22812122863705375 0.6601836844948676 0.20731368426890515 0.21306125518066293
0.681351696666792 0.6039978390059427 0.6641336837765409 0.3945113715326327
0.3121928508613109 0.655861696380335 0.2878151488477736 0.2089323136605209
0.3391718133036348 0.6634251755807672 0.31275460995252186 0.22484359809263255
0.1901020908700718 0.6699081577525662 0.17195601949207653 0.20142071245618093
0.4216098851066763 0.6499189627228525 0.38928286655182787 0.26350278131283544
0.32288238350944054 0.6655861696380335 0.29725372243096004 0.23092508980707457
0.24099205227279863 0.662344678552134 0.21384465247691117 0.20872421184553147
0.26962103523561165 0.6607239330091842 0.2415324783659727 0.21531860534626768
0.24534213218905898 0.6537007023230686 0.21957948495217952 0.24387958168814028
0.5790723715228666 0.6293895191788222 0.56663161047328 0.30910573667168245
0.21457946895068614 0.6790923824959482 0.1807571070608097 0.21329533093202535
0.368835233623966 0.6547811993517018 0.35182616894738816 0.2484463928215832
0.2676681105802302 0.6645056726094003 0.23973691299492036 0.2101851258007461
0.025053341592676692 0.6493787142085359 0.05621074637057008 0.20089558221393894
0.3498618719857658 0.6704484062668827 0.31128165434991495 0.21745471452823176
0.2846199229336824 0.6639654240950837 0.24320332161362765 0.23467150581427712
0.1
0.3143103570853929 0.6753106428957321 0.2936132320163649 0.2127197190178673
0.15095728179522894 0.6612641815235009 0.16485753039364923 0.180607837248038
0.20002777734911492 0.6628849270664505 0.16126814776581347 0.21735783375900533
0.5846401412978413 0.624527282549973 0.5761583070805861 0.32122792303511655
0.2580714543150454 0.6747703943814155 0.2131100666744165 0.2277331049050891
0.244923672280157 0.655861696380335 0.22266846948848495 0.23647662262953345
0.1873129314030908 0.6499189627228525 0.17063410624981692 0.1990895612275327
0.39270085470085464 0.6547811993517018 0.3754032895541521 0.23781252006819478
0.21488598281354232 0.6391139924365208 0.1988498637018466 0.2160816738670199
0.15870846254378979 0.6704484062668827 0.12417135614145916 0.2105425774961735
0.2490972770508182 0.6515397082658023 0.2247362926161933 0.21529065357333999
0.2380985156124532 0.6742301458670988 0.2239923161932091 0.18093337420488498
0.10115584636039565 0.6618044300378174 0.058730025301371946 0.1828455322204259
0.19231904163345392 0.6650459211237169 0.15285180033214943 0.20030179836530018
0.12057653593344486 0.6612641815235009 0.09896202077103561 0.19267184938559404
0.27662551319432716 0.6753106428957321 0.24257748451755684 0.21902717386303602
0.5130621895885707 0.6477579686655862 0.5086102982451297 0.25967257074968314
0.21274858295705634 0.6607239330091842 0.19669187989746198 0.19792429547185075
0.5223111457391725 0.6407347379794706 0.5086260565277532 0.274656363303572
0.22350354310295162 0.6682874122096164 0.204244371964078 0.2079565349667918
0.28377174852504605 0.6607239330091842 0.26148159702299634 0.21415523333519193
0.2382064428524605 0.6547811993517018 0.2265826197078049 0.20206787941456003
0.3102662751847727 0.6677471636952999 0.28232501077500016 0.21033453062615076
0.2246899717947145 0.6499189627228525 0.1937302391485238 0.1990895612275327
0.23589273112208897 0.6661264181523501 0.2164345955382325 0.1801125714296523
0.2676251223380919 0.6645056726094003 0.25815176370317294 0.18657379949886221
0.2752286699655121 0.6866558616963804 0.22310103145735913 0.214363177118978
0.17487779623877286 0.6537007023230686 0.14682314711930206 0.19985874953989435
0.12151234872672612 0.6472177201512695 0.09954248272965727 0.22582717801144483
0.25115353158130277 0.6509994597514857 0.21291167043379433 0.2490318981266818
0.33372649572649576 0.6790923824959482 0.3023186260013839 0.21044303819255564
0.12375654707990391 0.6661264181523501 0.10118683510617402 0.1961449138060061
0.17456451632002967 0.6607239330091842 0.1542871864668682 0.1800884004731263
0.22878304200568378 0.6553214478660183 0.20351060495064888 0.21658940073401478
0.6305174551877044 0.6169638033495408 0.6116804723807436 0.3674984580914928
0.3197048412246798 0.6542409508373852 0.2956054115522001 0.2102896170628207
0.33423891645011417 0.6672069151809833 0.30747933283015927 0.2231319845216102
0.1901020908700718 0.6677471636952999 0.1718675049606459 0.20284547541724965
0.5349214756554579 0.6564019448946515 0.5075908564854866 0.2878949279501629
0.33193602401986255 0.6639654240950837 0.3045461709398543 0.2375901032670212
0.24167792332904003 0.6639654240950837 0.21462526610710392 0.20794042657302783
0.26962103523561165 0.6628849270664505 0.24384684495858863 0.21387379621534544
0.23959762684708547 0.6526202052944354 0.21383438775581196 0.2470043543381873
0.6076261197548326 0.6002160994057266 0.5827206771503742 0.3935847683056466
0.21396424691649973 0.6823338735818476 0.17961343936824428 0.20938206340471732
0.381673373574782 0.6526202052944354 0.3655215079802885 0.25412542908097846
0.2894866980237595 0.6634251755807672 0.2625881003710826 0.21438262764668028
0.027605708123981998 0.6526202052944354 0.02985370603574866 0.20172101067349676
0.5348246476565061 0.6537007023230686 0.5093188954388935 0.277736431423996
0.29687678607643947 0.6677471636952999 0.25330584851909266 0.23291274473725018
0.15000000000000002
0.30213996789486874 0.6801728795245813 0.28237110683386557 0.20572662779260878
0.0313225320697893 0.6607239330091842 0.04731828233432811 0.18582555463887018
0.22543247789385967 0.6607239330091842 0.18806473465848023 0.22055995662880476
0.6066606560890353 0.6137223122636413 0.5960020684272653 0.3448307100114818
0.2526129771081115 0.6726094003241491 0.2050191695576254 0.23154631313679824
0.24784853700516352 0.6580226904376013 0.22429818631599455 0.2332229260413326
0.19108179097184042 0.6509994597514857 0.17388053695005254 0.19839606730000905
0.3842735042735043 0.6542409508373852 0.365733500516396 0.2437980711420004
0.19865279329278152 0.6412749864937871 0.18124310261909812 0.21230546641916245
0.16453936633387722 0.671528903295516 0.13075808709892803 0.20924334847117057
0.24507852286461584 0.6547811993517018 0.22092918601720848 0.21139405318366217
0.2332289444100305 0.6753106428957321 0.2181231457514676 0.17967681262761898
0.10681162327741855 0.6591031874662344 0.06527360012819294 0.18082030132208693
0.39514033662395 0.6634251755807672 0.3657824538479363 0.22018971236087395
0.1319884062189236 0.6612641815235009 0.1091722946347295 0.19440081209562177
0.2752778042994485 0.6753106428957321 0.24310468302135058 0.21845332611953006
0.2138159911705193 0.6585629389519179 0.19747983632253296 0.22786901890813105
0.212691310034955 0.6591031874662344 0.19552463917798243 0.20042243814349445
0.19318676081801223 0.6672069151809833 0.1479679315512093 0.224871162053617
0.23147696502986193 0.671528903295516 0.21021575177863505 0.2092433484711706
0.13355003569952273 0.6591031874662344 0.1016276603517117 0.19984337176736386
0.2510769302804702 0.6482982171799028 0.2401273922508536 0.21037848860195707
0.31306739563295205 0.6682874122096164 0.28455715363214296 0.20968528853633206
0.23821203016739223 0.6526202052944354 0.20654602341540276 0.19706513653315352
0.2207641899385019 0.6672069151809833 0.1988901644012738 0.17772050680881984
0.25198272079916306 0.6564019448946515 0.24303602172670744 0.18799218766103423
0.2675188683960614 0.6866558616963804 0.21709534560092694 0.214363177118978
0.172909292301765 0.6574824419232848 0.14316676472978176 0.1965495397767034
0.14588064908989173 0.6488384656942193 0.1232415570179341 0.22503598430349073
0.2528915448835666 0.6477579686655862 0.21523434775647163 0.2536960070334764
0.39864387464387463 0.6763911399243652 0.3731048017259284 0.21599491068122895
0.1204583940456031 0.6645056726094003 0.09422285913244063 0.19576016998580417
0.18516691074015457 0.6601836844948676 0.1651890782882071 0.18186162889905455
0.23334176820960018 0.6574824419232848 0.2088250458461514 0.21398377686678574
0.6036281988651309 0.6229065370070233 0.585771029201861 0.3515679056188968
0.32581456875337167 0.6509994597514857 0.3009827614441646 0.21359409249943836
0.3357013488126174 0.6666666666666666 0.3065174225021643 0.22263142623978163
0.20517620638911038 0.668827660723933 0.18563202024923103 0.20098424694323386
0.5902240909569123 0.6461372231226364 0.5698359595283107 0.30989279751739185
0.3345920665165425 0.6682874122096164 0.30486351368205467 0.23572964733787685
0.235018167729505 0.6655861696380335 0.20694062417610096 0.20542398617205282
0.2736464461155922 0.662344678552134 0.2492698753462471 0.2098834151726888
0.24957169031623533 0.6515397082658023 0.22445870881242425 0.24894942992196065
0.3375648279113626 0.655861696380335 0.3151302513822585 0.2506399173819836
0.21598173178536328 0.6785521339816315 0.181385832843224 0.21280693938686343
0.38445115135255975 0.6574824419232848 0.3695181554351865 0.2503761384894969
0.29846808827083615 0.662344678552134 0.2732465366496486 0.21452535585142896
0.03997751623190404 0.6569421934089681 0.035914285972863 0.19660806524949495
0.5655522779416584 0.6455969746083198 0.5389553421628088 0.296131971094072
0.30990246870333155 0.6677471636952999 0.26726757445051763 0.2311708019858759
0.2
0.3061587220810711 0.6747703943814155 0.28608825137629895 0.2110797742539712
0.026720106880427474 0.6618044300378174 0.010832394456230354 0.18456585458856786
0.2274231879137667 0.6634251755807672 0.19007533102091245 0.21960847933363656
0.04260551150261982 0.6742301458670988 0.009405636328391226 0.18831487040354392
0.2584609303244858 0.6726094003241491 0.2116881762266321 0.23096899975439117
0.25119525721935354 0.6585629389519179 0.22560340784025892 0.23431787652411645
0.17946979414818887 0.6509994597514857 0.15825779389235203 0.1949042796040856
0.39966951566951575 0.6509994597514857 0.3850899343108255 0.24665578846235564
0.18865433273203092 0.6439762290653701 0.16886327814249946 0.21261205039812417
0.38326785810951897 0.6666666666666666 0.3631922234750946 0.23773847590546762
0.24708789995771707 0.6520799567801189 0.2227580372250423 0.21405401857028267
0.23168605318099433 0.6769313884386818 0.21734771179894602 0.1794900331056091
0.09875426305149604 0.6601836844948676 0.055571683123272514 0.18128806019265034
0.3878245907167821 0.6585629389519179 0.3585865373946082 0.2249422456793357
0.15181668243226853 0.662344678552134 0.13009119854655374 0.1925527876635685
0.28137187217697224 0.6763911399243652 0.24860537525305895 0.21885977255697547
0.2413046477405114 0.6628849270664505 0.22041654627047882 0.22142793804295094
0.22979004855265783 0.6634251755807672 0.2147349388831389 0.1976133310287632
0.203850648834896 0.6677471636952999 0.15783761333742588 0.22305230430709558
0.23503159026750897 0.671528903295516 0.21302579713763498 0.2092433484711706
0.13836383450452816 0.662344678552134 0.10843577714881822 0.190826811908114
0.24253172262021816 0.6515397082658023 0.2313645091005831 0.2076761091326922
0.31775280393281813 0.6645056726094003 0.28908496734495026 0.21423851041587627
0.24530550616224178 0.6515397082658023 0.2141876610621116 0.19775828371371346
0.22384111301542498 0.6666666666666666 0.20276613339352187 0.17777628205881907
0.2636090580810637 0.6591031874662344 0.25375507685656445 0.18829379634142313
0.28614359974009096 0.6850351161534306 0.23652968650146625 0.215196995044008
0.17487779623877286 0.6569421934089681 0.14513187836536248 0.19776675603719834
0.16480695171324178 0.6504592112371691 0.14015190071643893 0.2277829040872405
0.2490683014151016 0.6472177201512695 0.2106069937928345 0.25557131983938935
0.49004558404558407 0.6709886547811994 0.4727844306314148 0.23644181912503653
0.11788681920214228 0.6645056726094003 0.0941988292547461 0.18829338417782268
0.18648530230244853 0.655861696380335 0.16925470920116656 0.18516160226742842
0.24054774788803668 0.6520799567801189 0.2203832925297953 0.21757335315140483
0.5830258163917177 0.6326310102647218 0.5631238071753443 0.3324962832805495
0.32777478070013377 0.6520799567801189 0.3035784192968899 0.21522654859947896
0.3248680998503819 0.6682874122096164 0.2946126792826766 0.2183443349177921
0.20960819179594092 0.668827660723933 0.19062865308165433 0.2044322788389684
0.5950871948542883 0.6407347379794706 0.5677450689413891 0.3238586422730087
0.3399041515099024 0.6672069151809833 0.31013863006828224 0.23881387205240312
0.2357930449533503 0.6596434359805511 0.2089638772554436 0.20557626497807224
0.26796462793377407 0.6612641815235009 0.2428125375337481 0.21118075527331232
0.2372439065015824 0.6504592112371691 0.21210866647319163 0.24911397668052143
0.27053866100895796 0.6601836844948676 0.24779918236146695 0.22588694317534408
0.2097574584124685 0.6753106428957321 0.177154000671878 0.2167323012988459
0.3788955957970042 0.6564019448946515 0.3635336407590217 0.2517343263108751
0.3085352023647958 0.6596434359805511 0.285054080911455 0.22070557357050768
0.010335650538004448 0.6515397082658023 0.03690413452547009 0.1995051164555439
0.5797572224563374 0.6353322528363047 0.5523694048393692 0.3306326873426764
0.31740076328840866 0.6672069151809833 0.2755952714628571 0.23183635592741744
0.25
0.2946581252549141 0.6801728795245813 0.2736732495048957 0.20402054443288073
0.009295427012216528 0.6537007023230686 0.026625455954678245 0.18017891690978116
0.2240108177342942 0.6639654240950837 0.18337615428218257 0.22243932778175912
0.554534906922264 0.6250675310642896 0.5417602204709295 0.3211203015992566
0.2596700498761815 0.6720691518098325 0.21608209685559449 0.22874747751995625
0.24893973653718515 0.6569421934089681 0.22677764220501678 0.2374953222248918
0.19123450003054177 0.6499189627228525 0.16998630434237086 0.2008397704050363
0.42846153846153845 0.6504592112371691 0.4171262369884784 0.24733065307920604
0.1999711848550756 0.6369529983792545 0.18226240750373965 0.21570989989235342
0.38127846818909455 0.6682874122096164 0.36134265504106255 0.23572964733787685
0.24764356569016677 0.6509994597514857 0.22194028749878172 0.2165287241122321
0.23434739715970365 0.6704484062668827 0.22124805663888628 0.18477351239778328
0.11170931004151163 0.662344678552134 0.06965990490224663 0.17935554189984104
0.4102106199031209 0.6526202052944354 0.3814322166444466 0.23575980254785942
0.1462987217735089 0.6574824419232848 0.12548490973889967 0.1965495397767034
0.27255300865912147 0.6758508914100486 0.23919843302135058 0.21837016608684942
0.24551627935495735 0.6591031874662344 0.22917466802860068 0.22428337339311333
0.22984732147475928 0.6553214478660183 0.21368286998776392 0.2014268077536089
0.22301312042118482 0.6666666666666666 0.18292992240960254 0.22147199298069475
0.2297159756495688 0.6726094003241491 0.20556319492315125 0.20622531239274847
0.17421367103829244 0.6655861696380335 0.14693013846131983 0.19218810669667563
0.2395818701128436 0.6509994597514857 0.22740392794341702 0.2083212474180027
0.3240243888720147 0.6682874122096164 0.29590994221115285 0.2114150889846743
0.23754713655037096 0.6509994597514857 0.20778373719972135 0.19781368849736847
0.2275733440871055 0.6655861696380335 0.20728230725132693 0.1784571731988583
0.2606841933560573 0.6580226904376013 0.2504605520248791 0.19071199162160815
0.28038311590943166 0.6855753646677472 0.23250643540998484 0.21567486467473654
0.16373498037515954 0.655861696380335 0.1324613392688452 0.1984640872047637
0.18106711431486788 0.6547811993517018 0.15448533607618287 0.22310335391475516
0.24799385811947344 0.6488384656942193 0.20884764203348272 0.25233762545828164
0.43907692307692314 0.6639654240950837 0.42211937890096907 0.21605067050346646
0.13079982672390023 0.6639654240950837 0.11036552850360659 0.18950007913533015
0.18785895578651524 0.6553214478660183 0.17234225931044608 0.1829083623299109
0.23238603184490214 0.6520799567801189 0.20822074538757385 0.21874761717582056
0.5426271090902259 0.6423554835224203 0.5242034892975218 0.31740801107341443
0.3291770435348108 0.6537007023230686 0.30448907280461346 0.21327632292401924
0.3296772524270752 0.6639654240950837 0.3003844670598166 0.22185797877742144
0.20450939665215528 0.6704484062668827 0.1867100898415498 0.20422033155850522
0.5843379394660563 0.640194489465154 0.559037775516968 0.32398658594095564
0.34032565390611474 0.6639654240950837 0.31123748921798877 0.24284884361004394
0.2507722593953864 0.6612641815235009 0.22331148575781584 0.2053813547437179
0.26680286857905267 0.6607239330091842 0.24527830938389347 0.20950692256082032
0.22924482657423634 0.6499189627228525 0.20335234043525927 0.24919566638630905
0.2721947194719472 0.6607239330091842 0.2447361501959802 0.224643293379724
0.21457946895068614 0.6769313884386818 0.18061379172352884 0.21476776254234917
0.3851218421640956 0.6537007023230686 0.36998506270632087 0.25335782422986
0.3039227351317184 0.6596434359805511 0.2816231842723586 0.2172063970206843
0.036438617018835884 0.6569421934089681 0.0387808380919924 0.19660806524949495
0.5400863885377161 0.6337115072933549 0.5027655492873706 0.33531616152438615
0.32888880694703065 0.6672069151809833 0.28169908839165847 0.23532368196818762
0.30000000000000004
0.3053748030847868 0.6769313884386818 0.2861018628609937 0.2107643006145534
0.0234197207975273 0.6488384656942193 0.009882954985836967 0.1777218128288879
0.23074103794694523 0.6661264181523501 0.19168829361989606 0.2192309580728719
0.42046453882365115 0.6596434359805511 0.3985769288214734 0.259444774343442
0.25343262065036676 0.6731496488384657 0.20829535916061098 0.22684358210015784
0.24132946351231255 0.6596434359805511 0.2166168456403586 0.23533078143864256
0.1945024738867509 0.6461372231226364 0.17299003091836265 0.20474006771285172
0.43167521367521366 0.6520799567801189 0.4185774924151881 0.24293667544697026
0.18631951653713008 0.6396542409508373 0.16687818924967987 0.21602530881018472
0.38035240621447514 0.6661264181523501 0.3609798340945636 0.23840895283074387
0.2527736513412686 0.6499189627228525 0.22843486934707347 0.2225426510008789
0.22748181797324896 0.6699081577525662 0.2149686257573711 0.18369491675691663
0.10905503001496886 0.6591031874662344 0.06684543583230035 0.1802465573269059
0.3809514685143172 0.6526202052944354 0.3507071843061197 0.23221750426880214
0.1603301074486405 0.6585629389519179 0.1399450517277497 0.19874625052243694
0.2847705222647384 0.6753106428957321 0.25315512589655964 0.21960110643992728
0.25327464896682816 0.6596434359805511 0.23746272779418848 0.22420914448360865
0.22844505864008213 0.655861696380335 0.21292338410128708 0.20194806968404388
0.2221999493186383 0.6650459211237169 0.17826455654875198 0.22984355368026532
0.24569546598045056 0.6726094003241491 0.2259066307125027 0.20851943496666928
0.1957498778700537 0.6672069151809833 0.16637238536242524 0.19142854499957634
0.23597064194409323 0.653160453808752 0.2229166850853353 0.20691026079090866
0.3276185976398591 0.6677471636952999 0.29986769048212414 0.21033453062615073
0.227571816175118 0.6547811993517018 0.19607710776705295 0.1956788421720336
0.22429680411331787 0.6693679092382496 0.20411221899758233 0.17465461561817322
0.2503965441598326 0.6574824419232848 0.2412316250208759 0.1896137613127321
0.2655258159644125 0.6861156131820637 0.2142092657958706 0.21218776761040914
0.17553396421777556 0.6564019448946515 0.14407268384828373 0.19840536614260554
0.18105614254523117 0.6542409508373852 0.1551560114317034 0.22493542541718947
0.25248067159457416 0.6499189627228525 0.21417429669642063 0.250385797958706
0.5055612535612535 0.6591031874662344 0.49097413002372975 0.2501087214004896
0.1291340133107549 0.6645056726094003 0.10765901310859055 0.1900143056523049
0.20247178681529487 0.6607239330091842 0.18626578519303097 0.17951557143142854
0.24128352863316072 0.6488384656942193 0.22030450434625015 0.22326505556634
0.5297846755101274 0.640194489465154 0.5118833425967242 0.31485768260726626
0.33405632699513 0.6515397082658023 0.3105399421290118 0.21235896990626887
0.3262067879360579 0.6661264181523501 0.29410602252400303 0.22039022402769157
0.22157819302225767 0.6699081577525662 0.20383328976955864 0.20429132039282336
0.5613592747245572 0.6482982171799028 0.5371055212263834 0.30879900065600724
0.3505283214966222 0.6628849270664505 0.3231150043235025 0.24654023820969642
0.23951036136504045 0.6564019448946515 0.2129866227145807 0.20653921588296356
0.27147264843228824 0.6601836844948676 0.2499282653363721 0.21189829893848824
0.23592725080704652 0.6482982171799028 0.21290357687005732 0.2500345059471925
0.27781117397454025 0.6591031874662344 0.25356536098577753 0.22662276820778562
0.20572248867474152 0.6753106428957321 0.17310761004143563 0.21501207357740407
0.3769785378940308 0.6574824419232848 0.3595413118458508 0.24860615731435937
0.26422688653813986 0.6634251755807672 0.2313568835073903 0.2109041581457253
0.46220203271617677 0.6477579686655862 0.4428591861940685 0.2740525403499472
0.5041731048368217 0.6418152350081038 0.4686508516614626 0.3205670176442791
0.3466730581316027 0.6661264181523501 0.30198047920690896 0.23491474126951734
0.35000000000000003
0.30045800327038286 0.6720691518098325 0.2822455959226018 0.21491553901964117
0.5853911212255019 0.5937331172339276 0.5772293337168747 0.3834202216603122
0.22211462786068115 0.6612641815235009 0.1830259082406217 0.21873936327114582
0.30898741473724656 0.6736898973527823 0.2819082524326455 0.21467882893915674
0.25674607326799437 0.671528903295516 0.21391759469109228 0.22941185241165427
0.24747730417468194 0.6574824419232848 0.22608147324390582 0.2380032110478575
0.20692077454034574 0.6434359805510534 0.18525617669899713 0.21207961761930733
0.36822792022792017 0.6569421934089681 0.3548593959960814 0.19024646178100602
0.18703397424004997 0.6407347379794706 0.1680762906147026 0.21236114338110243
0.3930775417404552 0.6655861696380335 0.37357892860406117 0.23966296369990475
0.24540593533323107 0.6515397082658023 0.21914428238137007 0.21822600928876348
0.22660426273889 0.6655861696380335 0.21441623075047073 0.1876016205245692
0.09900695976913931 0.6574824419232848 0.05687429283445253 0.18155124597051797
0.4026745202035686 0.655861696380335 0.37454420280279044 0.23176885360093777
0.17089912440272625 0.6612641815235009 0.15197471546859329 0.19670817632354323
0.2828077146235596 0.6758508914100486 0.2517563543522573 0.2155039783475111
0.27411053712673983 0.6607239330091842 0.2575544068072158 0.22639502171395784
0.21689809853898623 0.6628849270664505 0.19813403652478834 0.19537099267867317
0.23403631659965884 0.6639654240950837 0.19511559786357782 0.23117216769448348
0.23971539953526777 0.6731496488384657 0.21994432796660524 0.20557840713768077
0.21875728082371948 0.671528903295516 0.19070988111227385 0.18806778771536203
0.24126164723509858 0.6520799567801189 0.22816227067881553 0.20995482980693528
0.3269492535970211 0.6672069151809833 0.2991742092061186 0.21040694098876303
0.22890351952909438 0.6482982171799028 0.1990505493163007 0.19575309280829456
0.21047887891924588 0.6672069151809833 0.18778632544365698 0.1748755381081141
0.2545363526936879 0.6569421934089681 0.24619754649062084 0.19024646178100602
0.27258584495426597 0.6877363587250135 0.21965144266661893 0.21079334652113282
0.17553396421777556 0.6542409508373852 0.14577084169472315 0.19980073037121135
0.18242761374982164 0.6542409508373852 0.15511336201936368 0.22258636942964716
0.24243260134874461 0.6515397082658023 0.206554139076263 0.249543351142097
0.47101424501424505 0.6742301458670988 0.4533180091936275 0.22897303310714412
0.12916748710274484 0.6661264181523501 0.10647885611213731 0.18582524049849217
0.20576776572102984 0.6547811993517018 0.18944312877731792 0.18468917491571188
0.23929808852727064 0.6472177201512695 0.21819776277321645 0.22346199085044005
0.48283040847769715 0.6526202052944354 0.460168623721065 0.29346501142905573
0.33472882195141784 0.6488384656942193 0.31107540208095635 0.21443018313204182
0.33741126972877505 0.6639654240950837 0.3114951234959219 0.22069561138625796
0.21448471702740823 0.6666666666666666 0.19629049829573836 0.20643950380364967
0.5512104249275341 0.6564019448946515 0.525291948624606 0.29798626615884477
0.35409088284542994 0.6618044300378174 0.3233238963138121 0.24730741826565653
0.2464580780950586 0.6585629389519179 0.21993743459442117 0.20396302116845727
0.2689766662623567 0.6585629389519179 0.24879926086278767 0.21035491094198353
0.23225687476700746 0.6504592112371691 0.2101595026233428 0.2485194301426899
0.2926685525695427 0.6639654240950837 0.2680660623968553 0.22825867583265605
0.215251963906974 0.6774716369529984 0.18351316300369439 0.2146855882792063
0.3803319919517102 0.6580226904376013 0.3644705159375422 0.2496977121802075
0.5681607763669152 0.6412749864937871 0.5560418406170737 0.29092689467979116
0.40038314176245215 0.662344678552134 0.37807248779673097 0.24545831813841398
0.4503500023411528 0.6499189627228525 0.4149746373973445 0.2946359273665165
0.3623905307988717 0.6661264181523501 0.3209568281387497 0.2343326586519063
0.4
0.2944298719910794 0.6747703943814155 0.27635966748168045 0.21050687622122843
0.6587581943548113 0.571042679632631 0.6505862738165155 0.42554620473910093
0.23497515470440267 0.6645056726094003 0.19528273372098448 0.2206198047855026
0.17284228884766883 0.678011885467315 0.14800328940479093 0.17879930347874318
0.25939683536209646 0.6704484062668827 0.21648349550334783 0.23132061223991301
0.25161711270853726 0.655861696380335 0.22938521351310046 0.23942255413539906
0.2177264675340541 0.6450567260940032 0.19804516126277513 0.21249604618004245
0.4273789173789174 0.6537007023230686 0.41616717692446853 0.21972089869623335
0.1807439833582669 0.6396542409508373 0.16235055334283072 0.2118798718592913
0.3930775417404552 0.6666666666666666 0.37367976590749474 0.23890293389665923
0.23970521652254284 0.6564019448946515 0.21187282512203026 0.21703884095062595
0.23256360841535317 0.6650459211237169 0.22011593683142844 0.18594265519107786
0.10722249656641103 0.6601836844948676 0.06641215723259228 0.18186162889905447
0.46318750383223983 0.6542409508373852 0.4449932337840984 0.24084314116479622
0.18324480341507188 0.6612641815235009 0.16188908126771473 0.19555419887808678
0.28755407360620455 0.6747703943814155 0.2576568192177593 0.21681403995183204
0.2827541541480164 0.662344678552134 0.2645102681844255 0.22908065412704623
0.22917482651847154 0.6612641815235009 0.2117491658565347 0.19728538509871396
0.24119978668441777 0.6612641815235009 0.20367593945969759 0.2315764128445652
0.25366888790736086 0.6704484062668827 0.23377733040496498 0.21342078974959391
0.22317086918943285 0.668827660723933 0.19703897872286025 0.1872389415659788
0.24065294751135458 0.6488384656942193 0.22861418862223878 0.21501812368702938
0.3250649657453343 0.6661264181523501 0.29664528462243156 0.20881783915440505
0.2273514623827334 0.646677471636953 0.19813517679698892 0.1976617025003957
0.2194535739489868 0.6682874122096164 0.19760975467015987 0.176470647671167
0.25746121741869443 0.6591031874662344 0.24956576885325923 0.187142257053473
0.27397285949917527 0.6855753646677472 0.2200647423148364 0.21624169530762408
0.1705073563052325 0.6553214478660183 0.1396734966541837 0.19852249632109273
0.19796912544024226 0.6547811993517018 0.1734597719353817 0.22603905565673849
0.25778923164765977 0.6499189627228525 0.21716848785432855 0.2527672952856403
0.4814358974358975 0.6634251755807672 0.4612723256296687 0.24879186112322724
0.1318060095301855 0.6693679092382496 0.10940843259157343 0.18489530964525602
0.21469453972740082 0.655861696380335 0.19925625563648017 0.18631492001397756
0.2360629890606143 0.6472177201512695 0.21230278037639536 0.2252356628329007
0.47721243094960736 0.6547811993517018 0.45603605872728836 0.29240390592500776
0.33338383203884214 0.6520799567801189 0.3098939472969705 0.21171072865802307
0.3338170609609306 0.6677471636952999 0.304031602813879 0.2195787083071851
0.21249003617634443 0.6650459211237169 0.1956554072770124 0.206647109541491
0.5201126803484166 0.655861696380335 0.49481818697251845 0.2862271247430849
0.3560829147179399 0.662344678552134 0.32533913906979556 0.24780335383765165
0.2485156912637828 0.6569421934089681 0.22363056544909574 0.20589457174515866
0.26546864576384255 0.6596434359805511 0.2416835330601636 0.20964069437262756
0.22661151518516454 0.6488384656942193 0.20516913827734976 0.24876225464862362
0.30126119754832625 0.6596434359805511 0.27493872188761215 0.2318144626835734
0.21592445886326184 0.678011885467315 0.17984510226154515 0.2146030441605723
0.37420076011625303 0.6537007023230686 0.35868339360463225 0.25157882304402057
0.19406012381713733 0.6720691518098325 0.15437548125403072 0.20457855184768683
0.4057058297198706 0.6591031874662344 0.3832705549842974 0.2501087214004896
0.4381408905745189 0.6493787142085359 0.40355162763654856 0.2911488798713212
0.3610446357786833 0.6628849270664505 0.31722860481365384 0.2360072437940304
0.45
0.2991184185416488 0.6731496488384657 0.2809651861914878 0.21360920115302637
0.6837799893572456 0.5640194489465153 0.6764153322626139 0.44100746203987795
0.24078910819277477 0.6666666666666666 0.19985686990210952 0.21857523902259757
0.1064075467236194 0.6801728795245813 0.07328311922873215 0.17967173125686894
0.260332740399707 0.6726094003241491 0.21435861732693623 0.22866047335413667
0.25241020102820244 0.655861696380335 0.22944927122263112 0.23824386129677078
0.21445849367784497 0.6434359805510534 0.19464699728314178 0.21207961761930733
0.4281652421652421 0.6553214478660183 0.41558079460851366 0.2236194870988732
0.1754151551873182 0.6391139924365208 0.15483361930751519 0.2131184286577572
0.3900248238742257 0.6709886547811994 0.37240456487890283 0.23296882491057033
0.2340044977118546 0.6493787142085359 0.20780381118964014 0.22378859147473798
0.2378862963727717 0.6607239330091842 0.22684914286117044 0.19100249355109283
0.09767981975586792 0.6596434359805511 0.05750382709921087 0.1796207999799181
0.424405236372555 0.6515397082658023 0.40478868652824207 0.21763864825989565
0.17772684275631234 0.6607239330091842 0.1575545633743807 0.19676917156028675
0.28210448232555063 0.6747703943814155 0.2516585190085542 0.2173879756149366
0.29184231099392977 0.6650459211237169 0.2742737563917339 0.22809785581730022
0.2237375939460673 0.6596434359805511 0.2068125864365287 0.19746826100109358
0.23903448223693924 0.6634251755807672 0.1970369579193898 0.23067052334683413
0.27343536957732417 0.6677471636952999 0.25626380545195454 0.21610884630938879
0.22878884671752275 0.6677471636952999 0.2012459604984135 0.1873610760053143
0.24258439855784986 0.6520799567801189 0.22789633695575653 0.21053997880305397
0.3289572857255352 0.6677471636952999 0.2996340959038284 0.2109114498005429
0.2302333067631369 0.6493787142085359 0.2023682676304462 0.19564708764291128
0.21310011089827596 0.6672069151809833 0.1904090170539656 0.1760130618319115
0.25466009697051517 0.6564019448946515 0.2471352687685222 0.18914664283430843
0.27133003448792925 0.6823338735818476 0.22411979717260036 0.21563574913793823
0.1705073563052325 0.6564019448946515 0.1396803857466835 0.19782551574737736
0.2033891796407843 0.655861696380335 0.17752481258578817 0.22472126148739802
0.24650854153485285 0.6504592112371691 0.2058922640781048 0.24733065307920604
0.47488888888888886 0.6677471636952999 0.4531604477708258 0.24745500943556886
0.13676997597763163 0.6693679092382496 0.11372036631886298 0.18546562141481768
0.21606819321146764 0.6542409508373852 0.20232207288950602 0.1847407281214723
0.245328376221435 0.6418152350081038 0.22327816233840217 0.2330235851988668
0.456343241516666 0.6537007023230686 0.43763642952386167 0.2854833226829195
0.33680357974238273 0.6520799567801189 0.31424484460555663 0.21171072865802307
0.3339408052377578 0.6628849270664505 0.3068570086756593 0.221427938042951
0.21293265988104726 0.6628849270664505 0.1965697499198553 0.20981471100371896
0.5141249496638818 0.6542409508373852 0.49152228181248325 0.2907336593685324
0.3607309890871298 0.6596434359805511 0.3323968962952878 0.2517848192248459
0.24625912313217946 0.6569421934089681 0.2207492826074225 0.20356935273623716
0.27097800048517195 0.6569421934089681 0.24851785679589578 0.21230082268433412
0.22830690768339978 0.6482982171799028 0.2037780000477062 0.2482465490380101
0.28440004714757183 0.6574824419232848 0.2595046915529359 0.23388849411454168
0.21799921665422672 0.6790923824959482 0.1834448569927654 0.21329533093202532
0.38023697742007595 0.6542409508373852 0.3632203288207643 0.2538631802695078
0.20589711651081077 0.6677471636952999 0.1682734517867291 0.2051476010067289
0.4037098217358387 0.6585629389519179 0.3812507092689583 0.24960895843353684
0.42425200168563 0.6445164775796867 0.39202661739125044 0.2884962207561444
0.379453898486329 0.6693679092382496 0.3343724290561385 0.23207362384291136
0.5
0.2868339027192073 0.6742301458670988 0.26631641797213884 0.21058451237309236
0.7133249549947352 0.5559157212317666 0.7072076546450445 0.46188660775928997
0.24461235166123985 0.6672069151809833 0.2041531569688972 0.21676286078796436
0.010597338102381726 0.6742301458670988 0.024914385246571413 0.1849052259923956
0.2655180030925558 0.6699081577525662 0.2225514843908422 0.22967048341323534
0.25040216889968836 0.653160453808752 0.22723643226084014 0.23922844192103174
0.21315130413536132 0.6488384656942193 0.19220163451080186 0.20797309726814292
0.47834757834757835 0.6520799567801189 0.46509507054447946 0.24649336044057144
0.1807439833582669 0.637493246893571 0.16047166975089108 0.21328158506568148
0.38021514024328945 0.6699081577525662 0.3618161851430691 0.23256597155930553
0.23825150516189142 0.6526202052944354 0.21287688006483696 0.2204429270093166
0.21619978433936715 0.6618044300378174 0.2049941318481681 0.18858540846488314
0.10456821653986814 0.6612641815235009 0.06380584068552508 0.18003509795921355
0.4463428934943896 0.6542409508373852 0.4252745402278113 0.23494140172985958
0.18277789905163844 0.6628849270664505 0.16213894939287088 0.19594706958125593
0.28075677343067196 0.671528903295516 0.25387249143314283 0.21902503574309184
0.2998229505181188 0.6650459211237169 0.28207601370522717 0.2269345442817896
0.22502531093654154 0.6591031874662344 0.2070597728740506 0.1998433717673639
0.22470754206742127 0.6645056726094003 0.18139656990932115 0.23283836852662224
0.2678873888579494 0.6726094003241491 0.2495274873153832 0.21196383298541116
0.22651535079478402 0.6672069151809833 0.20034829852650313 0.1897104629399494
0.23638034368122862 0.6482982171799028 0.2233286282774112 0.2150799593047127
0.33669130302723493 0.6677471636952999 0.3087382052230515 0.20975772817547753
0.20917514869090692 0.646677471636953 0.17879275187241597 0.19590986041956104
0.2199092650468797 0.6655861696380335 0.19744527524589348 0.1767469584392665
0.25545318529018035 0.6585629389519179 0.2475148204918609 0.18662165443204765
0.2707239966011896 0.6796326310102647 0.21906762705082033 0.21891958999868005
0.16962845240675184 0.6569421934089681 0.13817045384904153 0.19544999439785837
0.20270344403848894 0.655861696380335 0.1775461372919581 0.2258946390285104
0.2502372648570238 0.6520799567801189 0.21051680620264693 0.24946012605990642
0.4727692307692308 0.6672069151809833 0.45088524574062994 0.24230669787204345
0.13645689757019652 0.6672069151809833 0.11605450900429365 0.1851351985068944
0.2061249945724899 0.6564019448946515 0.19069524890103337 0.18222980415021447
0.23282788959395806 0.6482982171799028 0.2106072646359358 0.22628483247395334
0.4548720453947616 0.653160453808752 0.43491193972794334 0.28678637815843566
0.33680357974238273 0.6499189627228525 0.31413430972545975 0.2131318402532254
0.3422204223054684 0.6618044300378174 0.31911352641589275 0.2227429420921545
0.22313025016861854 0.6661264181523501 0.20610060270327812 0.20593215628665867
0.4938526448682554 0.6601836844948676 0.4721975894514945 0.2788138851313571
0.3647785668918529 0.6618044300378174 0.3391429773724446 0.2473074182656565
0.2575210211625253 0.6585629389519179 0.23261210409153923 0.20454339253496837
0.2696437776699617 0.6547811993517018 0.24706892517120208 0.21314689940665976
0.2313189558761709 0.6477579686655862 0.20824228576199189 0.24832597869056836
0.28868458274398867 0.6596434359805511 0.2626588004849062 0.23591719273515152
0.20639498363102937 0.6758508914100486 0.17162869330672467 0.21493100445531482
0.37899061032863846 0.6526202052944354 0.36437370662412755 0.25293764284240333
0.20539701425942114 0.6704484062668827 0.16657180920728845 0.20020448419802556
0.406795604193911 0.6596434359805511 0.3849172245416494 0.24707687506271028
0.3760242543428384 0.6607239330091842 0.3434354870831657 0.2580732824767121
0.37671417245893174 0.6655861696380335 0.33230460652018 0.2350003998946219
0.55
0.3019117146310343 0.671528903295516 0.28487139783428755 0.21441821300548616
0.598083171993705 0.5899513776337115 0.5908192551708157 0.3928519191228872
0.2263487446181386 0.6639654240950837 0.18492723177093 0.21721121349486033
0.05247862426746086 0.6753106428957321 0.017671003097805782 0.18024298856687704
0.2625940264843687 0.6682874122096164 0.21784736075257874 0.2310857904909692
0.24132946351231255 0.653160453808752 0.21823480146870797 0.2398195921060572
0.21430578461914362 0.6445164775796867 0.19395762867312832 0.2096088226802385
0.4950712250712251 0.6445164775796867 0.48099580469421827 0.27040362304794713
0.1787663960148259 0.6380334954078877 0.15852548625857288 0.21204235999304666
0.38763523598147104 0.6736898973527823 0.3694830971618145 0.22848529934953835
0.23802325189805684 0.6493787142085359 0.20982294089600362 0.22555902390792196
0.21468557138596367 0.6612641815235009 0.20261250496203087 0.19440081209562177
0.11278375333713986 0.6628849270664505 0.07329166695294509 0.18101754593546873
0.24529017720277146 0.6612641815235009 0.20629368290827715 0.22281794595006904
0.18324480341507188 0.6634251755807672 0.1635803466393843 0.19415813204916443
0.2848586558164472 0.6736898973527823 0.25489167783875644 0.21640187380398312
0.30580699307131026 0.6666666666666666 0.28454607263034226 0.2284345646998666
0.2285023315621837 0.6574824419232848 0.2108433884656088 0.19944604575773217
0.2300309761457202 0.6607239330091842 0.1908961885808774 0.2316561360451054
0.280776986154053 0.6704484062668827 0.2637089897120047 0.21284493204251423
0.22370636203073913 0.6677471636952999 0.1982448076387265 0.18964875620772842
0.24263707449548155 0.6515397082658023 0.23073748529664617 0.21411753498790737
0.3289572857255352 0.6655861696380335 0.2995407944126194 0.21235701222089737
0.21715578821509607 0.646677471636953 0.18666763379832743 0.1947428365263311
0.22253049702590988 0.6666666666666666 0.20145478758836757 0.17720672252497643
0.2555769295670075 0.6547811993517018 0.24823145017690337 0.18757540512914736
0.2675188683960614 0.6790923824959482 0.21668667466986796 0.21957761050309366
0.1836186761058538 0.6601836844948676 0.15262476972484196 0.19625223229254793
0.22166266197074924 0.6580226904376013 0.1965623921159684 0.22384555192078928
0.2515644048702952 0.6499189627228525 0.21171144489728563 0.2515763435466287
0.4784045584045584 0.6709886547811994 0.4542948828376909 0.24513420414351547
0.1497164572913795 0.6639654240950837 0.13166130002016357 0.18663201091515533
0.2233193468040846 0.655861696380335 0.2096077956199873 0.18689182802800341
0.24429867248024295 0.646677471636953 0.22185218618717253 0.22766969081667665
0.4372139340874075 0.6553214478660183 0.41680948727784173 0.2803939743439884
0.3421835393926853 0.6499189627228525 0.3195233381419842 0.2154809813712296
0.3332714611949198 0.6634251755807672 0.3079717589982275 0.2207710590243714
0.23000145625114965 0.6601836844948676 0.21217625260751166 0.2113170184416856
0.49049508973433414 0.6580226904376013 0.46739166577494223 0.2804409911890095
0.36272302095963976 0.6645056726094003 0.3320707383939875 0.24919076150202993
0.25937967936837025 0.6564019448946515 0.23545467886714352 0.20537544537744346
0.26045393898962943 0.6591031874662344 0.23592257407774825 0.21087017834881305
0.23301434837440604 0.6472177201512695 0.20911836499002642 0.24780855431801221
0.30057755775577555 0.6580226904376013 0.27503933203589825 0.2390980923129918
0.20779724646570652 0.6785521339816315 0.17247239209506027 0.21223604749616876
0.37611781801922645 0.6515397082658023 0.3610770635358441 0.2554879123804448
0.16074662105634985 0.6677471636952999 0.12043203782263237 0.20054536924509944
0.41166517539633374 0.6585629389519179 0.3909586828950863 0.24843058240487567
0.36671231914594743 0.6569421934089681 0.33233884040276684 0.2534179824617809
0.3787809509762348 0.6677471636952999 0.33366943881103406 0.23291274473725015
0.6000000000000001
0.29509966435544643 0.6753106428957321 0.2770619146726917 0.21042888215222294
0.5975680173907136 0.5921123716909779 0.5912126596590478 0.38905095774400356
0.23548054813968922 0.6634251755807672 0.1945243420989877 0.21844635742683852
0.07585890908016002 0.6736898973527823 0.04358659008043389 0.17816065483137716
0.2570192877820794 0.6720691518098325 0.2134163864764595 0.22759293040346587
0.2430900070871722 0.6547811993517018 0.21949103387567354 0.24253460837896915
0.21872823895913507 0.6418152350081038 0.19911178681508807 0.21165886660241962
0.4686438746438746 0.6509994597514857 0.45512725649266916 0.2633207641102529
0.17840916716336608 0.6364127498649379 0.16044132375280315 0.21457625718412385
0.3764992924035852 0.6726094003241491 0.3575608344998591 0.22750666099070313
0.23880717089434123 0.6504592112371691 0.21198442824691777 0.22365430283727575
0.21619978433936715 0.6628849270664505 0.20336060912089535 0.18789536647328542
0.12074659341676819 0.6628849270664505 0.08126673098630591 0.18445366511772232
0.2931720982279723 0.6612641815235009 0.2534572721068976 0.22048661797608315
0.1922251327948774 0.6645056726094003 0.17203660815239444 0.1957601699858042
0.28761282930734366 0.6726094003241491 0.25812483666895875 0.21541193013488383
0.2998229505181188 0.6650459211237169 0.2784386500903355 0.22693454428178958
0.24022111042958383 0.6607239330091842 0.22297092517760594 0.19503759345251584
0.2401899416407901 0.6591031874662344 0.20297579547302594 0.22954959902070318
0.2769899948149712 0.6720691518098325 0.25711525295649856 0.21319033186492584
0.23012663935966327 0.6677471636952999 0.2066416706662497 0.18793278258756035
0.23698904340497262 0.6493787142085359 0.22276804801965588 0.21143235082283687
0.322263845297155 0.6645056726094003 0.29436649101968426 0.2101851258007461
0.22313983076828747 0.6493787142085359 0.19273954834031062 0.19564708764291128
0.22318580502066743 0.6693679092382496 0.20218780067604558 0.17579009079285582
0.2582543057383596 0.6569421934089681 0.24965053045278598 0.18736121195489408
0.26747513370320386 0.678011885467315 0.21830403803312368 0.21860584953669537
0.1860206121023863 0.6612641815235009 0.15439921267650109 0.19497743136693696
0.22708271617129128 0.6601836844948676 0.20276574617489934 0.2217996716852486
0.24849925155475994 0.6553214478660183 0.21052239304451695 0.24481513741621586
0.4899202279202279 0.6666666666666666 0.46868196272672974 0.2517297257962038
0.13353877052731067 0.6612641815235009 0.1140935241202109 0.18290040188314038
0.2313402200213942 0.6580226904376013 0.21687237434644677 0.1826485060818749
0.24172538638221674 0.6450567260940032 0.22269102359461215 0.23083700103306257
0.43119386719777536 0.6601836844948676 0.40916871374556724 0.27409203109091307
0.3402233274459233 0.653160453808752 0.3171487500494526 0.21100017286042191
0.3352794933234338 0.6650459211237169 0.3100435822026474 0.22054363850497327
0.23066634986817092 0.6607239330091842 0.21286401051672763 0.21124905591951812
0.4918482697072705 0.6580226904376013 0.4687467911377912 0.2810331875712083
0.36803510595299965 0.6634251755807672 0.33985673708846187 0.2523075325214033
0.2624111247238191 0.655861696380335 0.23722107508080145 0.20427377060265992
0.27582024379889625 0.6601836844948676 0.25279082682514115 0.21073587062530216
0.23838011691268035 0.6488384656942193 0.21530837198693248 0.2457857715718701
0.2933168316831683 0.6607239330091842 0.2659218501980778 0.2339971424451076
0.20437749876216593 0.6731496488384657 0.17161549782734067 0.2159073779016769
0.3665381175944556 0.6482982171799028 0.34786342351393884 0.2565985137565786
0.1902898362118649 0.6628849270664505 0.15559807298074094 0.20460517068201134
0.46574093192924493 0.6520799567801189 0.4440132039219398 0.27088567716063844
0.3511963290724353 0.6515397082658023 0.31998263450753317 0.25192002882061065
0.38829808809159455 0.6666666666666666 0.34168421304472585 0.23482869358507244
0.65
0.2849386522580235 0.6742301458670988 0.2656171109051312 0.20829260384280138
0.5752182330763221 0.602377093462993 0.5684174727026476 0.37296992418653113
0.2500154318606195 0.6639654240950837 0.21109847828011266 0.21663088338610556
0.051920675155375906 0.6726094003241491 0.018927011082642914 0.17884727908156037
0.2609954309232325 0.668827660723933 0.2171155233445236 0.23158022701407704
0.23171115835892586 0.6542409508373852 0.21012571952187054 0.23789088026857014
0.20857614073666852 0.6482982171799028 0.1890982919810456 0.20627301903373058
0.4604615384615385 0.6537007023230686 0.44600550327190325 0.2592933383725114
0.17774997138221904 0.6391139924365208 0.1582424359755226 0.2125262994001474
0.38524564808871636 0.6720691518098325 0.36832023242739864 0.2270157752185859
0.23389037107993726 0.6499189627228525 0.20441416262094364 0.22490114951398926
0.21266088512629922 0.6639654240950837 0.2005413920013274 0.18720532448168767
0.11278375333713986 0.6628849270664505 0.07329166695294509 0.18101754593546873
0.3031474186032252 0.6628849270664505 0.2632968900960483 0.21910146703267652
0.19793106793761672 0.6607239330091842 0.17845932544872106 0.19908000474768234
0.3012074296584091 0.6736898973527823 0.2691307530147815 0.21467882893915674
0.3062515328959471 0.6645056726094003 0.28714089728134673 0.22701444526944542
0.23680136272604335 0.6596434359805511 0.220089798555627 0.1957345740262312
0.2426975343895733 0.6607239330091842 0.20624363056399977 0.2310711413103188
0.2816411576056689 0.6726094003241491 0.2661967105926699 0.21483699813271379
0.22838675735598057 0.6639654240950837 0.2034279704909781 0.18663201091515538
0.2288008615442244 0.6461372231226364 0.21464912322768065 0.21473466669770835
0.3360219589843969 0.6628849270664505 0.30943202734933006 0.21271342952747496
0.23067593046783985 0.6537007023230686 0.19972683540160557 0.19463077960780636
0.22495211210807542 0.6655861696380335 0.20601550029914348 0.17731687372172353
0.25277580911882824 0.6553214478660183 0.24460826177110626 0.1875223012846922
0.27518493527265453 0.678011885467315 0.226889113854497 0.21860584953669537
0.17401093211972352 0.6580226904376013 0.142116904040327 0.19996530960497474
0.22436171730138355 0.6591031874662344 0.19723306747148894 0.22428337339311333
0.25447138161448124 0.6526202052944354 0.21634018636231028 0.24937650855370727
0.4837378917378918 0.6677471636952999 0.4631774083786758 0.24978540691496104
0.13187295711416536 0.6639654240950837 0.10981711595393617 0.18205098658860974
0.23397700314598224 0.6591031874662344 0.21953160663764618 0.183116920318874
0.245622299217503 0.6477579686655862 0.22531818141576246 0.22753513897960234
0.4198226297395814 0.6574824419232848 0.3995075770622787 0.2710717471908678
0.33215338797046934 0.6542409508373852 0.30912047486471433 0.20678786958642958
0.34343536611431724 0.662344678552134 0.31922715156836456 0.22441529311046096
0.22135592310993923 0.6618044300378174 0.20098222275676542 0.2111121158390905
0.4810736195206188 0.6634251755807672 0.45553166727859956 0.27519839880388974
0.35873895721461985 0.6601836844948676 0.332934906260292 0.2505166300023794
0.25271992376883523 0.6526202052944354 0.22918354972583183 0.20638702420192803
0.273151798168476 0.6591031874662344 0.25226350413289633 0.2102885605177528
0.24242922975641867 0.6504592112371691 0.2179101724975874 0.2431733505670005
0.2946251768033946 0.6591031874662344 0.26858100771321525 0.23893356715253744
0.20364773088377663 0.6763911399243652 0.16965117064749624 0.21484956768872077
0.36644310306282135 0.6509994597514857 0.3485048391303146 0.2561698264610551
0.1847496700068787 0.6639654240950837 0.14957302340627424 0.2044721938782304
0.03595682198820749 0.6515397082658023 0.04303453448571845 0.19368810617306137
0.3274394812005431 0.6542409508373852 0.2953815778763035 0.2426157862848877
0.38286657202382046 0.6650459211237169 0.339286113449755 0.2350856702549046
0.7000000000000001
0.2944298719910794 0.6747703943814155 0.27635966748168045 0.21050687622122843
0.5029777068260814 0.6175040518638574 0.4950371355858393 0.3345549954092262
0.2593054119535193 0.6693679092382496 0.2187035992890783 0.21703397810279285
0.06150742330970982 0.6763911399243652 0.02697181137529056 0.17616170765846398
0.2518340250892307 0.671528903295516 0.21224352643256045 0.2288340941816245
0.24789915966386555 0.6547811993517018 0.2256778516388981 0.24312534101288463
0.20169201637041112 0.6499189627228525 0.18353750331483165 0.20551418831709284
0.45676353276353276 0.6488384656942193 0.44498976049080163 0.26428116107764166
0.1714599805004362 0.6380334954078877 0.1525166987036507 0.21204235999304666
0.3847197840864273 0.6720691518098325 0.3671698704778499 0.22990233352960654
0.235115829176754 0.6515397082658023 0.20646712010375318 0.2258745237089735
0.21311400188129492 0.6650459211237169 0.20172887849054735 0.18823405748295527
0.11303645005478313 0.662344678552134 0.07284371758335234 0.17992761430342571
0.31489514991722367 0.6655861696380335 0.27379349002137887 0.2193071790231889
0.2013934366586626 0.6591031874662344 0.18088980369672752 0.2033199633416725
0.31070014762369913 0.6747703943814155 0.2773669960991956 0.21509277578854294
0.3018176313691826 0.6645056726094003 0.28404088715886466 0.22817845251461397
0.23472660493507835 0.6607239330091842 0.2170656688505456 0.19561463768539383
0.2445375703960332 0.6596434359805511 0.20692047040113878 0.2341582621718553
0.2962917442820656 0.6747703943814155 0.2809357402062116 0.21509277578854294
0.22557776859193568 0.6677471636952999 0.20139698566327593 0.18450470343748926
0.22325818232897876 0.6472177201512695 0.2109883943504131 0.21638072354740276
0.3242718774256691 0.6607239330091842 0.2962136811196783 0.2135737389700969
0.22602167514869087 0.6488384656942193 0.19491831791134204 0.19570023994646077
0.22495211210807542 0.6645056726094003 0.20598456422510308 0.1779964297810961
0.25837805001518677 0.6585629389519179 0.2507356477925933 0.18489525281350602
0.26556955065726995 0.6785521339816315 0.21728362986985839 0.21909224317584017
0.1818729080883238 0.6585629389519179 0.14807919622466495 0.19816735044190037
0.23180606299990125 0.6607239330091842 0.2054373700201324 0.22347604328788157
0.24799385811947344 0.6520799567801189 0.21137986890199278 0.250053779723323
0.486039886039886 0.6645056726094003 0.4630672213424424 0.2562151183628942
0.14117473319418739 0.6628849270664505 0.12338735991981259 0.18044540972994003
0.23199941580254124 0.6564019448946515 0.2174991499208027 0.1839567733325901
0.24694592595476306 0.6423554835224203 0.22832538686499335 0.2317654850026807
0.41808462665814894 0.6601836844948676 0.3980799619809565 0.2729117410720706
0.33484336779562063 0.653160453808752 0.31175972163292814 0.20866217815114105
0.33741126972877505 0.6618044300378174 0.31141260932500997 0.222160264699644
0.24507557177018824 0.662344678552134 0.22741320787073385 0.20872421184553147
0.48372918986965213 0.6655861696380335 0.4609754497470549 0.2718185827447653
0.37673075812691265 0.6607239330091842 0.35106495225738243 0.2533656539931904
0.2702436674729579 0.6537007023230686 0.2471543466340012 0.20626584019971167
0.2791558008369216 0.6618044300378174 0.2584185656745952 0.2111121158390905
0.2504283096837646 0.6499189627228525 0.2265908395194 0.24384540291058923
0.2959453088165959 0.6547811993517018 0.2716311987336033 0.24253460837896915
0.2016302460149132 0.6769313884386818 0.16985294817403346 0.21362346538989974
0.37324502570981444 0.6547811993517018 0.3549346349850754 0.2549600229079654
0.17979512539738607 0.6682874122096164 0.13939492776108003 0.20392696181778
0.06121091151031266 0.6537007023230686 0.06043481391222824 0.1986958579620249
0.32647375567729553 0.653160453808752 0.29519223075011636 0.24455272240009504
0.3788288869632552 0.6661264181523501 0.3352674733372766 0.2325869213638657
0.75
0.2890715330761431 0.6736898973527823 0.27280294080986855 0.20894171678524118
0.5236857896584128 0.6148028092922745 0.5156099305230943 0.34650241219069094
0.24287433835897598 0.6682874122096164 0.20179506933731828 0.2137230818945064
0.07793366687112491 0.6769313884386818 0.04201353139212416 0.1755363832302614
0.25674607326799437 0.671528903295516 0.21635740659797414 0.22941185241165424
0.24363560685318308 0.6547811993517018 0.21867761133214128 0.2443071103068617
0.20330462403029748 0.6445164775796867 0.18599151119608995 0.21314377852686717
0.45876353276353277 0.6482982171799028 0.44697566969570873 0.26556820716536655
0.19505484745735957 0.6385737439222042 0.17850993159898312 0.2108045926768025
0.3800778742721037 0.6726094003241491 0.362551698888141 0.22750666099070313
0.2300998701575696 0.653160453808752 0.20142480574821947 0.21802821169521863
0.21090577465758142 0.6607239330091842 0.19984091561405104 0.19157848147583972
0.12175738028734129 0.6607239330091842 0.08132956885014739 0.18008840047312627
0.3293043718192409 0.6628849270664505 0.29204043718693723 0.21968291210153965
0.2023272453855296 0.662344678552134 0.18079772381789508 0.198315607807446
0.3059831664916236 0.6742301458670988 0.27260763985469083 0.21345165901845858
0.30248252498620387 0.6682874122096164 0.2849559365289702 0.22586789169753638
0.24162337326426098 0.662344678552134 0.22386278693903292 0.19312841072861167
0.24919344773200902 0.6553214478660183 0.21396491554926486 0.23302147630926573
0.2954275728304495 0.6726094003241491 0.28283943884686347 0.21311279664599517
0.22290218330765477 0.6655861696380335 0.19867219002294895 0.1847398307537175
0.21766282717610153 0.646677471636953 0.20596876772864448 0.21585275302544346
0.32067766865782465 0.6591031874662344 0.2937365377422002 0.21611075713081696
0.23067593046783985 0.6504592112371691 0.19962597597310694 0.19670400148385803
0.2288839600766206 0.668827660723933 0.20868646127860221 0.1769828744732108
0.25009843294747613 0.6553214478660183 0.24050901472929143 0.18636781189810311
0.279689608636977 0.6753106428957321 0.23297647417175824 0.22074922228353203
0.18755568397986955 0.6580226904376013 0.1548361718720646 0.19938583110041078
0.2351908539328309 0.6607239330091842 0.21020465786155018 0.22347604328788157
0.24998456813938053 0.6537007023230686 0.21347777099989487 0.24980063617515297
0.48452421652421657 0.6650459211237169 0.458585093751694 0.25670140775811956
0.13256606151301542 0.6618044300378174 0.11073067749327359 0.18055398894103414
0.23230138273222833 0.6564019448946515 0.21835591025045484 0.18568524451202736
0.2360629890606143 0.6461372231226364 0.21634931710630384 0.22595919851198207
0.40443989327721624 0.6591031874662344 0.38380404014309977 0.2707609284785767
0.34089582240221117 0.6493787142085359 0.31913120186608723 0.21378081027664825
0.33832810232526744 0.6645056726094003 0.31115145283571766 0.21771749603823712
0.24130656386044524 0.6661264181523501 0.22205805229693282 0.2076631936300202
0.4783418647763263 0.6618044300378174 0.45405982142915235 0.27376621279162655
0.3747387262544027 0.6612641815235009 0.34658119760589284 0.25209662001967564
0.2709295385291993 0.6553214478660183 0.247934960264194 0.20549927416381464
0.2711504639456608 0.6596434359805511 0.2502867155716988 0.20905964876696864
0.262476502454849 0.653160453808752 0.24029184254178515 0.24041085354915445
0.2833922677982084 0.662344678552134 0.2610038458761381 0.2349215984174773
0.19557779140832277 0.6731496488384657 0.16353256038812847 0.21360920115302637
0.37439637826961775 0.6515397082658023 0.3555526217781362 0.26084573967275765
0.1902898362118649 0.6650459211237169 0.1519975615062137 0.203184059086809
0.08223208754903988 0.6542409508373852 0.062115368607918275 0.19980073037121135
0.32876223252329445 0.6520799567801189 0.29662499520743957 0.24471453827580258
0.39786316119397486 0.6607239330091842 0.3582039599018765 0.23868389396424242
0.8
0.2873895684516571 0.6731496488384657 0.2674863545370392 0.21303490227880043
0.5016417014820602 0.6175040518638574 0.493691445031742 0.3339243862941471
0.3701505378003425 0.6547811993517018 0.34228224016925557 0.23015433513548567
0.08354271820983317 0.678011885467315 0.048508315374550415 0.1714710033601227
0.2470382384058224 0.6720691518098325 0.20262876892087006 0.23105749020879418
0.24095823068183098 0.6537007023230686 0.21800450105945712 0.2438795816881403
0.1993830554028465 0.6434359805510534 0.17892109025998254 0.21207961761930733
0.45021652421652425 0.646677471636953 0.43696044304906667 0.26763776298152975
0.17049881778960208 0.6385737439222042 0.15092942479717478 0.20962138588580906
0.38498271608757184 0.6682874122096164 0.36847309698881003 0.2310857904909692
0.23222337388258796 0.6499189627228525 0.20664330552474985 0.21959773309779454
0.21066487714226723 0.6666666666666666 0.19874019701019563 0.18462287801173918
0.13063648709124853 0.6650459211237169 0.09161007911381353 0.1796537541389907
0.32465011650009196 0.662344678552134 0.28563040241631565 0.21801203149721096
0.39932450459627933 0.6515397082658023 0.3843701370492265 0.24005329759155664
0.306657020939063 0.6726094003241491 0.2750653402889864 0.21483699813271376
0.29272947452326936 0.6661264181523501 0.27637981699779457 0.22619281375149536
0.2341686558229934 0.662344678552134 0.21700313059595 0.19140198769546796
0.24820062254866737 0.6601836844948676 0.21107505971241536 0.23232093183549965
0.28609260077199317 0.6726094003241491 0.2713494258561405 0.2136874305272996
0.22905565367705083 0.6645056726094003 0.20410916940105986 0.18657379949886221
0.21827152689984541 0.646677471636953 0.20535385631372316 0.21290810268749596
0.33242775021655246 0.662344678552134 0.30385372194805205 0.21452535585142896
0.23510983199460422 0.655861696380335 0.20285459730144828 0.1920913889958568
0.2244964210101824 0.6639654240950837 0.20605623542724846 0.17976418399966
0.25666812909902914 0.6591031874662344 0.24933361219182643 0.18829379634142313
0.2803393812165742 0.678011885467315 0.2311941194388203 0.21917799933824467
0.18384141202533166 0.6601836844948676 0.15005808804524542 0.19798553376594624
0.24399569906630236 0.6585629389519179 0.22304913046212038 0.2243572446697231
0.24799385811947344 0.6542409508373852 0.21151584403796794 0.2485312159000172
0.4948888888888888 0.662344678552134 0.47121119914365905 0.2601317210490701
0.1325325877210255 0.662344678552134 0.11209622858335083 0.18336339007876623
0.23595459048942324 0.6564019448946515 0.22428921169372265 0.18568524451202728
0.2360629890606143 0.6450567260940032 0.21627285214307732 0.2266827341910634
0.40644658224042696 0.6585629389519179 0.3876837628415386 0.2720477605438462
0.33697539850868696 0.6547811993517018 0.3143267582409755 0.20556070573322138
0.35342490409818544 0.6650459211237169 0.3261243069835783 0.21938304091016533
0.23421117174566197 0.6607239330091842 0.21753224197070792 0.2159004815302537
0.46683983500636683 0.6580226904376013 0.4443967658175498 0.2715604061954855
0.35940296783878983 0.6596434359805511 0.33357840690379265 0.2511960627050368
0.26358391187342267 0.653160453808752 0.24106988596947468 0.20515971449570278
0.26413442294863243 0.6596434359805511 0.24034694936452305 0.20905964876696864
0.2445033590583532 0.6482982171799028 0.22280011782432 0.24229407511491857
0.28834865629420087 0.6612641815235009 0.2651747705411437 0.2362571977860445
0.19619301344250906 0.6774716369529984 0.1629886877537386 0.21239873194633066
0.3869438855354348 0.6520799567801189 0.36828276005826954 0.25837473902867025
0.16535908828942714 0.6645056726094003 0.12741473549995488 0.20613783496768615
0.12448665886617571 0.6569421934089681 0.09881405080588898 0.19950594496354304
0.30933066441915996 0.655861696380335 0.2797690624370036 0.23824386129677078
0.3985840446910895 0.6639654240950837 0.358242532245781 0.2352550493495812
0.8500000000000001
0.2882876140798587 0.6747703943814155 0.2690042622092788 0.2093613796571077
0.37298325464488297 0.6380334954078877 0.36509794286033903 0.2702449834349574
0.26338135213962754 0.6661264181523501 0.2243217332511106 0.21633470327795945
0.08225500121935903 0.6774716369529984 0.044900732903356 0.16984175706862614
0.260332740399707 0.6726094003241491 0.22167805304758165 0.22866047335413667
0.23907394283014416 0.6547811993517018 0.21546098746090422 0.24076302994569743
0.1921935129191863 0.6450567260940032 0.17335165648485015 0.20778761510719798
0.4585811965811966 0.646677471636953 0.4457370777791507 0.26823787734109933
0.18577084459952864 0.6369529983792545 0.17040324194615886 0.21096364420005798
0.22008181825212092 0.6699081577525662 0.19452128281568828 0.21580270488897557
0.22774811316871657 0.653160453808752 0.20120069947324376 0.22154987804769177
0.2124486658866176 0.662344678552134 0.2008589377424872 0.18967691148432955
0.12731863705807012 0.662344678552134 0.08815704043978037 0.17992761430342571
0.34836784904040713 0.6650459211237169 0.3132125338010094 0.21880290787460546
0.3736932741516893 0.6547811993517018 0.35916690170819976 0.23133123121472682
0.29649044852633355 0.6731496488384657 0.26437139677027677 0.2130349022788004
0.3053643693666074 0.6666666666666666 0.2870663206618263 0.2266926064683976
0.24027838335168528 0.6612641815235009 0.2224483597820315 0.19324802054276605
0.2522059630026059 0.6601836844948676 0.21509073639950885 0.23407789086259165
0.2887504080809633 0.671528903295516 0.2739532330947777 0.2155693247894068
0.21875540190146925 0.6639654240950837 0.19518213262831738 0.185485837656792
0.2195942782225968 0.6455969746083198 0.2066245043442187 0.21420509356100753
0.3201320688918138 0.6645056726094003 0.2912539230538447 0.21076381350188658
0.2331151511435403 0.6520799567801189 0.20074097296212176 0.1936342274857754
0.22495211210807542 0.6666666666666666 0.2046905517150587 0.17663731766235108
0.2559987850561911 0.6585629389519179 0.24862539689437602 0.18834950445906587
0.295152946468736 0.6753106428957321 0.24847088088966932 0.22247200830795305
0.19389462785041778 0.6569421934089681 0.16053395300238546 0.2012465037118172
0.24600901879464143 0.6607239330091842 0.22379402706547133 0.22522708989599302
0.24998456813938053 0.6537007023230686 0.21347777099989487 0.24980063617515297
0.4774928774928775 0.6661264181523501 0.4492511533272519 0.2559168608644467
0.1305871696924349 0.662344678552134 0.11054369887731214 0.1793555418998411
0.2392505693951582 0.6580226904376013 0.22620177896153462 0.18610039770190523
0.24165141900572273 0.6423554835224203 0.2230132691898095 0.22938400634568587
0.412600052609823 0.6574824419232848 0.3931025202946541 0.2740333798151063
0.3472919145414102 0.653160453808752 0.3252747849454424 0.20515971449570278
0.3436828546679716 0.662344678552134 0.31642877220143484 0.2215029990249627
0.22933464651419455 0.6585629389519179 0.21169336769376268 0.21676341447718994
0.4513544497128574 0.6612641815235009 0.4250205929189568 0.2668059551208953
0.3691841330330851 0.6574824419232848 0.3416766989003897 0.25391826533560213
0.2753327259971309 0.6569421934089681 0.2512003609126423 0.20356935273623716
0.2724846867608709 0.6585629389519179 0.2537691439663755 0.21035491094198353
0.2454412779491898 0.6520799567801189 0.22025855878643436 0.24175197892541261
0.2688590287600189 0.6618044300378174 0.23978126239025024 0.2320807151021909
0.19899753911186324 0.6709886547811994 0.1682661389902416 0.2150715369769925
0.3746814218645204 0.6520799567801189 0.3571772253943607 0.2559955305583451
0.16133224265184332 0.6645056726094003 0.12523156000192176 0.20440520806405646
0.13377268451602542 0.655861696380335 0.10603819134484549 0.19962479944196465
0.3225055017090416 0.6553214478660183 0.28874285539243594 0.24127260490517485
0.39925699220118366 0.6645056726094003 0.3612478351899575 0.23517055314298288
0.9
0.2854943179904732 0.6742301458670988 0.2668490897954857 0.21001138198392721
0.28686752035143737 0.6488384656942193 0.27917455722955353 0.2303563471987133
0.25889453866452683 0.6661264181523501 0.22109063669009468 0.2174928736163582
0.08920904247064299 0.6763911399243652 0.05421716962904666 0.167706459995598
0.2544847871833328 0.671528903295516 0.21246942490481363 0.2299896882384367
0.23731339925528439 0.6564019448946515 0.21444213395922632 0.23580931747206682
0.1936534115203714 0.6428957320367369 0.17374620364498658 0.2115464869433089
0.4614301994301994 0.6472177201512695 0.4496134693830147 0.2675470843164466
0.19870805521455437 0.6385737439222042 0.1815143253764442 0.21080459267680246
0.21742929835822167 0.6720691518098325 0.19205519157031223 0.21319033186492584
0.2239576122463489 0.6488384656942193 0.1976884279589097 0.2197270989221763
0.20848532819418641 0.6591031874662344 0.19687956392735634 0.19463848630116112
0.1250752303205197 0.6591031874662344 0.08642909034351359 0.18254252003909374
0.3519145870378318 0.6596434359805511 0.31785356510986273 0.22245682026553823
0.3640580659244707 0.6542409508373852 0.34853259527445335 0.22905122457565366
0.31207723436914736 0.6709886547811994 0.2834872185237841 0.21679966642607632
0.30735905021767124 0.6682874122096164 0.28917306223486 0.22644730054975423
0.24711787875876645 0.6601836844948676 0.22963566739114313 0.19394325342196359
0.24603531810118884 0.6547811993517018 0.20921651804463176 0.23663307973874764
0.2861252472490542 0.6693679092382496 0.2733408066640538 0.21126724783653936
0.23012476043741315 0.6666666666666666 0.20517271275089582 0.18119685955860998
0.21664442571522224 0.6450567260940032 0.20425483609777323 0.21485419182877494
0.3146535722722824 0.6628849270664505 0.28472059945358186 0.21097381794308295
0.22070252621252073 0.6520799567801189 0.18969663065696574 0.19131311272346152
0.22626272809759052 0.6645056726094003 0.2072959100302574 0.1785671684142011
0.25344515316166627 0.655861696380335 0.24390269615463758 0.1874689015134747
0.28168266106862594 0.6758508914100486 0.23586255397681463 0.22296040788171081
0.19629656384695027 0.6601836844948676 0.16403411017048333 0.19856359639858454
0.24669475439693667 0.6574824419232848 0.22569942960118353 0.22626124302661116
0.2564620916343883 0.6520799567801189 0.2183021133242372 0.2506475312531138
0.4789458689458689 0.6618044300378174 0.4525473948796709 0.2643485743264284
0.11899342338439722 0.6607239330091842 0.09902792193409293 0.18008840047312627
0.23894860246547123 0.6569421934089681 0.2253232857756288 0.18505594646218956
0.23245999922139604 0.6461372231226364 0.2114097817796994 0.22595919851198204
0.40243320431400553 0.6585629389519179 0.38366079289406596 0.270273650264489
0.34370034807156524 0.6537007023230686 0.3210077763215826 0.2091842762413725
0.34008864590012716 0.6650459211237169 0.3124521963777736 0.2211241014025565
0.2523894015574223 0.6596434359805511 0.23462448674638686 0.21371177881160713
0.45741836479265147 0.662344678552134 0.43248542292315606 0.267186263621976
0.37075466250938277 0.6580226904376013 0.3474877358849381 0.25264696223868854
0.2783641713525796 0.6574824419232848 0.254753606869562 0.20176597558449527
0.2681370913942629 0.6574824419232848 0.24644637118595428 0.21223457534263
0.25447742252750305 0.6526202052944354 0.22926829904617457 0.24048947851240776
0.2810879302215936 0.6596434359805511 0.25375086957657333 0.2341582621718553
0.19557779140832277 0.6731496488384657 0.16353256038812847 0.21360920115302637
0.37535211267605634 0.6515397082658023 0.35627982868449126 0.25667793827402335
0.18819089404896905 0.6618044300378174 0.1541089892377712 0.20589476377163207
0.13909537247344395 0.6537007023230686 0.11316593298521366 0.20335120162849718
0.30866928875778427 0.6574824419232848 0.2740514846319574 0.2368270516611141
0.3902689946348568 0.6634251755807672 0.34898250653612406 0.23942897531567423
0.9500000000000001
0.28147556380427086 0.6731496488384657 0.26088456742041166 0.20901765319485152
0.22613588759439784 0.6542409508373852 0.21945390812588147 0.20620476747736166
0.364747457600963 0.6547811993517018 0.33703796156428306 0.23250860512768265
0.09672103283401201 0.6758508914100486 0.062105039263865264 0.1683260677444739
0.25354888214572224 0.6704484062668827 0.20981448883434123 0.23189941911373724
0.24053637519264737 0.6520799567801189 0.21809161745741473 0.24175197892541261
0.18661657809541254 0.646677471636953 0.16757493384948752 0.2076178216420092
0.46106552706552706 0.6450567260940032 0.44878047147255895 0.2721182057795323
0.18942405235672355 0.6380334954078877 0.1717563300400562 0.21026596208575507
0.22524959206873352 0.6726094003241491 0.1984303760688398 0.21311279664599517
0.225297196975083 0.6488384656942193 0.1990321655835632 0.2203163926940205
0.20736687544451327 0.6596434359805511 0.19514558759129572 0.1922712822560096
0.12109381028070554 0.6601836844948676 0.08249359645755297 0.18014141084161683
0.34836784904040713 0.6607239330091842 0.31319131345423357 0.22172603778735173
0.35835213078173134 0.6547811993517018 0.3434614297068964 0.22780200262544056
0.3257012125707822 0.6726094003241491 0.2976395820863992 0.2142621646421763
0.30447720583726773 0.6655861696380335 0.2867789418632115 0.22859833688082756
0.2479049195592571 0.6596434359805511 0.23078899248112378 0.19169460256812723
0.24636058654220738 0.6547811993517018 0.2082388160410825 0.23368645021601175
0.27988016822537587 0.6693679092382496 0.26569846135230063 0.2147259982442918
0.22664687535229788 0.6677471636952999 0.20038345112254685 0.18051193151457842
0.21567870019197455 0.6450567260940032 0.2023088893006826 0.21603423149412693
0.3193389805721486 0.6591031874662344 0.2908223195510914 0.21552794403861963
0.24264784781409032 0.6537007023230686 0.21148468924127226 0.1905736787394133
0.2374594213126323 0.6655861696380335 0.2182564065835836 0.17788694546958878
0.26239411427221493 0.6564019448946515 0.254616451922531 0.18799218766103423
0.2816389263757685 0.6758508914100486 0.23753829890165018 0.22123846505440312
0.19214885983288787 0.6628849270664505 0.15774853918114642 0.1982528119729395
0.25141810122554664 0.655861696380335 0.23035067722995922 0.22941772814232947
0.2523861514482801 0.6542409508373852 0.21437544756128826 0.25208505767839445
0.48227920227920223 0.6645056726094003 0.45776945744527003 0.26383235191639126
0.13523805773244602 0.6591031874662344 0.11534179137833772 0.1802465573269059
0.22271541294471042 0.6591031874662344 0.20795947352944402 0.18139421007795856
0.24488651847237897 0.6445164775796867 0.22493817981994857 0.2261546738281845
0.39427304498139865 0.655861696380335 0.3741003936288746 0.2701915003618954
0.344487388872056 0.653160453808752 0.322117020945402 0.20691026079090866
0.33607258164309906 0.6618044300378174 0.3100726509408527 0.22157770216787495
0.23576322889202272 0.6591031874662344 0.21988806943585812 0.216110757130817
0.4426095694856102 0.6607239330091842 0.4176261936463437 0.26631980358298224
0.3609734973150875 0.655861696380335 0.33419819762088404 0.2530056458642864
0.28256840385763204 0.6596434359805511 0.25723067426453516 0.19804645528714168
0.26314512705439996 0.6574824419232848 0.24435688413236512 0.20699446892806705
0.24412462225465392 0.6509994597514857 0.21886191074174163 0.24190874048715538
0.2929926921263555 0.6618044300378174 0.2669576854001857 0.23149631538107227
0.1975952762771862 0.6747703943814155 0.1656632422063103 0.21337234481932776
0.37439637826961775 0.6482982171799028 0.3538367852956992 0.263174341623127
0.16334566547063523 0.6628849270664505 0.12717456518326892 0.20634049643973787
0.14284649092619361 0.6542409508373852 0.11559053171431896 0.20154543146361792
0.3066851617736573 0.655861696380335 0.2745631044104593 0.23706559422707416
0.3944504876564834 0.6639654240950837 0.35559258820733214 0.23642240234740736
1.0
0.2893989455447583 0.6758508914100486 0.26965513843552713 0.21206750338446675
0.2326064558495522 0.653160453808752 0.2267036873898817 0.2051597144957028
0.2673627721794417 0.6672069151809833 0.2283112214341233 0.21734134291823237
0.09610581079982561 0.678011885467315 0.06103211649642465 0.16528850410932142
0.2576819783056049 0.6726094003241491 0.214132718854683 0.22750666099070313
0.23250424667859115 0.6553214478660183 0.20817618989423917 0.23596582971031427
0.19169262720664593 0.6488384656942193 0.1737400522064328 0.20680113789822352
0.47591452991453 0.6380334954078877 0.4660653154399746 0.2823945795412892
0.20302045875289632 0.640194489465154 0.18702104414235374 0.21005187093561603
0.21742929835822167 0.6731496488384657 0.19215602887374578 0.21246070325381014
0.22116431615696341 0.6504592112371691 0.19369808940016173 0.21894429652250438
0.20757909468419478 0.6655861696380335 0.19515149275135546 0.1870289660622835
0.12690776376907764 0.6601836844948676 0.08696644520466124 0.17956833112283546
0.34304870010423694 0.6585629389519179 0.30961452252347843 0.22084978137181546
0.36471294477188393 0.6547811993517018 0.34922320300925996 0.2289779234508282
0.32775215376366995 0.6726094003241491 0.2990244187171035 0.2136874305272996
0.30048784413514007 0.662344678552134 0.28438414052458993 0.2290806541270462
0.2579923439035745 0.662344678552134 0.23944263829368012 0.19428010019937164
0.24886817929099048 0.6607239330091842 0.21002635594988533 0.23224123443594596
0.4587771013769132 0.6693679092382496 0.4581660715205043 0.23845362813166338
0.23507384164443268 0.6639654240950837 0.2086743269296758 0.18205098658860974
0.21761015123846972 0.6472177201512695 0.20630944520919595 0.21226020911764795
0.32067766865782465 0.6601836844948676 0.2922092821031025 0.2153887288177337
0.21538337727635049 0.646677471636953 0.18420598492659307 0.19241089498813335
0.23680411331787476 0.6672069151809833 0.21764713779206696 0.1765820560599526
0.2555769295670075 0.6537007023230686 0.24815775264595039 0.18825898223029125
0.29445943919628137 0.6758508914100486 0.24952473526724123 0.22009089973607393
0.19498422788894498 0.6645056726094003 0.16103735838782313 0.19518493909701717
0.2453342549619829 0.6547811993517018 0.22491271403302093 0.22897792345082824
0.24483418465764412 0.6520799567801189 0.20745181563765638 0.2518353238803021
0.4866438746438746 0.6666666666666666 0.4608887531776114 0.26107392272404184
0.13589768833930616 0.6596434359805511 0.11780629810137638 0.18019412961112505
0.24853457225298903 0.6596434359805511 0.23582838677790804 0.18593638781755442
0.245916222213571 0.6396542409508373 0.2263641559711782 0.23149418310840625
0.4170136409755364 0.6591031874662344 0.397474034454595 0.2701700355380704
0.346447600818818 0.6553214478660183 0.3232656869334372 0.20782969792989917
0.3346101492805958 0.662344678552134 0.3092704602969288 0.2220852322285469
0.24241408118216934 0.6612641815235009 0.22638374646968948 0.21292315051297675
0.4325369040838464 0.6639654240950837 0.40163530683335374 0.263936489495097
0.35077082972458 0.662344678552134 0.3225325345790742 0.24545831813841393
0.2830553199509942 0.6574824419232848 0.25697406333887246 0.19828698578471948
0.2634673115410273 0.6601836844948676 0.24190876316252885 0.20841261992157034
0.2601227821093458 0.653160453808752 0.2341830043760479 0.24100222534990162
0.2867161716171617 0.6596434359805511 0.26124502910136416 0.23181446268357345
0.19160009459269722 0.6736898973527823 0.15883775633192676 0.2100883300300075
0.38186899172814665 0.6472177201512695 0.3622149699030758 0.2657484328187645
0.18927661789585237 0.6666666666666666 0.1537013936652539 0.20759303694743267
0.14175671645215315 0.6547811993517018 0.11587353660976873 0.20381360764700124
0.29915835557428483 0.6596434359805511 0.26194894901825316 0.23591719273515155
0.39646933018676606 0.6634251755807672 0.3576019082635713 0.23767567700332687
