0.10616874122802063 0.8290705388074003 0.05478540533054443
0.10613687010814807 0.8267855826638166 0.050402483332200154
0.10734254093711036 0.8264907496130316 0.054220138956068795
0.11973454858981979 0.831355494950984 0.025145223175423004
0.11763695528661665 0.8302498710105403 0.05143474830957306
0.12004374740545792 0.8265644578757279 0.03996069057684348
0.10705083873694013 0.8232475860543967 0.04736727172320223
0.0987072115706672 0.8238372521559667 0.08434738350751492
0.10927885110359631 0.8256799587233729 0.03580572313463704
0.11045596373218507 0.8231738777917005 0.041234614246164356
0.10606180998242909 0.8244269182575367 0.05543038633562129
0.11505384635802339 0.8260485000368541 0.049098134320428866
0.11945589707487646 0.8222156703766492 0.03839766754339587
0.11085965115339382 0.8309869536375027 0.052323135493449524
0.11504356604878581 0.8236898356305742 0.03611214343769754
0.10266788335129655 0.8222156703766492 0.059701988428415884
0.11663575794012368 0.8245743347829292 0.044427430573434346
0.10316933550339076 0.8190462150807105 0.05788968317783981
0.11397168316448936 0.8272278322399941 0.03094631981185788
0.11418816373366752 0.8195621729195843 0.031144942803831285
0.099173985697202 0.8241320852067516 0.07216928481945228
0.12372644890277126 0.8288494140193116 0.02286894926313619
0.11209867295265598 0.8265644578757279 0.034434043243284106
0.1101159279659357 0.8267118744011204 0.046854258134882705
0.12452392019608355 0.8270067074519054 0.02804715116155007
0.10239724005443684 0.8245006265202329 0.0631308364499889
0.11947592403304855 0.8281123313923491 0.0394055028462664
0.11431143826174917 0.8228053364782192 0.040339343371440205
0.10316750193477751 0.8198570059703693 0.06829332046696508
0.11238426867122187 0.8246480430456254 0.023736230148179674
0.11251721885295977 0.8259010835114616 0.039783494894864185
0.10698196424820233 0.8272278322399941 0.06929353004973388
0.12160443337986615 0.8256062504606766 0.037767776216576884
0.10997702077447753 0.8226579199528267 0.06116261667854023
0.10714634297766841 0.8219208373258642 0.056239415929491374
0.13428073414201003 0.8296602049089703 0.038889968703490055
0.10655774910323779 0.8225842116901305 0.052860736171436926
0.10562889158879793 0.8321662858406428 0.04668861964893457
0.1127829162705342 0.8286282892312228 0.046926562778211424
0.121187596696129 0.8219208373258642 0.02786018887014354
0.11497970906378219 0.820667796860028 0.04324893067052633
0.10529508107981941 0.8229527530036117 0.046692490769215236
0.09645432420607204 0.8208152133854205 0.055684957282272296
0.11450495223542564 0.8200044224957618 0.04607870178477149
0.11304046595722202 0.8202992555465468 0.049112191920939546
0.12693874083422163 0.8232475860543967 0.029855128790720106
0.11580248643004257 0.8240583769440555 0.05451290669790374
0.12204322207952463 0.8323137023660352 0.03146072218346792
0.12703448589877603 0.8277437900788679 0.03137358125710453
0.1180839633198074 0.8273752487653866 0.05035519312973066
