0.38914936369725384 0.6569421934089681 0.39627961846667337
0.41215764863059456 0.6434359805510534 0.42479234835137175
0.3835434638354346 0.6283090221501891 0.38429427451201426
0.4149293880295898 0.6396542409508373 0.4236616679018266
0.41086812458581845 0.6461372231226364 0.42087044541564944
0.4390896921017403 0.6499189627228525 0.44758152256987843
0.4163398692810457 0.6331712587790383 0.42435891059819003
0.3846666666666667 0.6455969746083198 0.38799400936659006
0.38958470665787737 0.6239870340356564 0.39629422946131176
0.389920424403183 0.6477579686655862 0.4003294018578831
0.4186202277294039 0.6320907617504052 0.42540861144112035
0.38589487691284097 0.6520799567801189 0.39499664108679505
0.3928334439283344 0.6472177201512695 0.39848419099228777
0.3789893617021277 0.6347920043219881 0.37952059699908924
0.4453176162409954 0.6385737439222042 0.45262757752351335
0.41509433962264153 0.6482982171799028 0.4218815703964219
0.42420212765957444 0.6461372231226364 0.4318607422540007
0.4135843981170141 0.640194489465154 0.42037500453342036
0.42189586114819755 0.6418152350081038 0.42896076717832143
0.3840531561461794 0.6461372231226364 0.3901508314842143
0.4046822742474916 0.6391139924365208 0.40707408508093823
0.39880952380952384 0.6315505132360886 0.40412653901765766
0.38955823293172687 0.6347920043219881 0.39418265202311725
0.40691489361702127 0.6250675310642896 0.4098644059998973
0.2137816312128239 0.6569421934089681 0.19729577760206513
0.3808567603748326 0.6320907617504052 0.38801390546584025
0.37816764132553604 0.6547811993517018 0.38470910752360643
0.3786089238845144 0.6283090221501891 0.37927726530584127
0.40755735492577594 0.6385737439222042 0.4125729607471181
0.42733908427339085 0.6369529983792545 0.4337606837606837
0.388 0.6515397082658023 0.3912216048548317
0.44656992084432723 0.6304700162074555 0.4554844295196369
0.3843111404087014 0.6407347379794706 0.38670835897810374
0.42951687624090007 0.6418152350081038 0.43733037082870446
0.4361204013377926 0.6347920043219881 0.4424011165647694
0.4122394082044385 0.624527282549973 0.41721752901993614
0.3855421686746988 0.6455969746083198 0.3899512090119825
0.38630319148936165 0.6380334954078877 0.3909571784399845
0.3944519621109608 0.6364127498649379 0.3992036117116572
0.397742363877822 0.6482982171799028 0.4021084576640132
0.39163237311385457 0.6407347379794706 0.39769436148067694
0.37825216811207474 0.6477579686655862 0.3840613954682769
0.4140882159315339 0.6450567260940032 0.4219198953644504
0.4118811881188119 0.6509994597514857 0.419940078729697
0.3981170141223941 0.6477579686655862 0.40540643504005575
0.44332662642521803 0.6407347379794706 0.4495316505442444
0.3791946308724832 0.6261480280929227 0.38341968911917096
0.38789088489687296 0.637493246893571 0.3921904025865369
0.4014550264550265 0.6428957320367369 0.4054319824450488
0.38694481830417227 0.6526202052944354 0.38907248771578906
