0.4050403352705453 0.6477579686655862 0.4065010194801385
0.4141004862236629 0.6423554835224203 0.42284201900756985
0.403957131079967 0.6293895191788222 0.3996013605442177
0.4241686942416869 0.637493246893571 0.4339139966718614
0.4049382716049382 0.6407347379794706 0.4152620830496937
0.4552058111380145 0.6434359805510534 0.4631336405529954
0.4414634146341463 0.6277687736358725 0.4445624542032489
0.39454094292803965 0.6412749864937871 0.39607132105421605
0.4080791426215994 0.6110210696920584 0.4133772467487183
0.3982229402261712 0.6299297676931388 0.40795411611603205
0.4360033030553262 0.6229065370070233 0.44253349740224224
0.39610389610389607 0.6412749864937871 0.400741239003416
0.4092409240924092 0.6493787142085359 0.4087062129661903
0.3942148760330578 0.6126418152350082 0.39646785543485685
0.454176804541768 0.6418152350081038 0.4568785825951016
0.43102040816326526 0.6320907617504052 0.43836745709811714
0.4008719835220761 0.646677471636953 0.40175818868417784
0.4058110058110058 0.6391139924365208 0.40547518142875155
0.4288065843621399 0.6369529983792545 0.43233354841858124
0.38824503311258274 0.6337115072933549 0.3914678295211453
0.398876404494382 0.6272285251215559 0.4020552518089464
0.42066720911310007 0.6283090221501891 0.4240712771595125
0.39677419354838706 0.6391139924365208 0.3995612562747379
0.4137645107794361 0.6126418152350082 0.41640710983931317
0.37407711238720265 0.6391139924365208 0.3690482606235348
0.3888419273034658 0.6272285251215559 0.39303736633425446
0.3855218855218855 0.6482982171799028 0.3885544986745673
0.3938193343898574 0.6164235548352242 0.39747050175293097
0.4113821138211382 0.6223662884927067 0.41776982707215266
0.4387417218543046 0.6380334954078877 0.4463392651051341
0.3963666391412056 0.6482982171799028 0.39795962902345877
0.48450244698205547 0.631010264721772 0.4879431604232077
0.39161966156325545 0.62182603997839 0.3919647912565127
0.41763447432762835 0.6407347379794706 0.41749602936811614
0.4541734860883797 0.6277687736358725 0.4603883067806072
0.40846216436126936 0.6229065370070233 0.4128025342629165
0.39855653568564553 0.6407347379794706 0.3986770486068239
0.4129190515126737 0.6326310102647218 0.4142836893089633
0.35111865194054503 0.6391139924365208 0.3413959050630751
0.40311986863711 0.6385737439222042 0.4050124454919812
0.4027891714520099 0.6320907617504052 0.4087557976485816
0.36790923824959476 0.6396542409508373 0.3688910922077357
0.42181234963913394 0.6391139924365208 0.4259944388661466
0.41906327033689406 0.6445164775796867 0.42357270668115443
0.4167343623070674 0.637493246893571 0.42366457655369477
0.4524776604386678 0.6396542409508373 0.4538277764578549
0.3896210873146623 0.6283090221501891 0.3920934601767989
0.41248972884141333 0.6250675310642896 0.41217624976368594
0.4137931034482759 0.6283090221501891 0.4168822585213861
0.39751037344398343 0.6385737439222042 0.39889965176761
