0.07416505598637327 0.8370310311785951 0.02616086798960882
0.06661472939303144 0.8329033684676053 0.028207706144104304
0.062247017800058105 0.830470995798629 0.01832585086825214
0.08595087217450995 0.8386526129579126 0.0758343242964815
0.07096351657634664 0.8358516989754552 0.04702241617402181
0.07295227256637642 0.8323137023660352 0.031141687211049762
0.0738186801281633 0.8317977445271615 0.03639341630512669
0.06943073158390815 0.8343775337215302 0.02594164985713367
0.07587013019366674 0.8371784477039876 0.052839917780411846
0.07903761813967752 0.8356305741873664 0.037569928313345796
0.06361397272244991 0.8277437900788679 0.01561353402336832
0.07354494287497432 0.8297339131716666 0.018142277050742603
0.08475377013873783 0.8347460750350114 0.060953080361410256
0.07908663748701134 0.83968452863566 0.0521713244014337
0.07607653483459285 0.8348197832977077 0.05092250576143703
0.0713903629694192 0.832829660204909 0.015587647231145259
0.0703569181179858 0.8312080784255915 0.02103704032263578
0.06559247827977915 0.8279649148669566 0.016183771557946935
0.08847049494779138 0.8362202402889364 0.05361500864423398
0.07419103088331676 0.8238372521559667 0.016988245127866865
0.07176570422909441 0.8349671998231002 0.02414567968255585
0.0828353718166887 0.8358516989754552 0.03687308121282562
0.07261872270803756 0.8344512419842264 0.02756773722653088
0.0749962733177052 0.8335667428318715 0.036882822728117035
0.07466693202922459 0.8339352841453527 0.03555033861698961
0.06564645418103174 0.8272278322399941 0.03739987888043052
0.08084838615179146 0.8390211542713938 0.041643852015643634
0.06819224022462723 0.8320188693152503 0.03809034042341196
0.07145244066045955 0.8283334561804379 0.03210607345529626
0.06939479671670351 0.8341564089334415 0.03675040787175207
0.08119668353908933 0.8355568659246702 0.028217491701526896
0.08273596003518528 0.8407901525761038 0.050863123897567544
0.06882174098053605 0.8364413650770252 0.022722005867520063
0.0828023571207774 0.833419326306479 0.039760233601342995
0.08992779955358336 0.8360728237635439 0.059345943782418815
0.048977843892983514 0.8347460750350114 0.030924390751780592
0.08845202044435913 0.8343775337215302 0.047649752392249306
0.07469666798608592 0.8385051964325201 0.023817537518337234
0.05615413308965861 0.8348197832977077 0.014575499363713188
0.08256185703028829 0.824795459571018 0.04869359312963169
0.0701012626778709 0.8292179553327929 0.015033539275942639
0.08595405096422008 0.8309869536375027 0.0769340647310171
0.07815632341201961 0.8324611188914277 0.04895982194770458
0.05304243505222028 0.8250902926218029 0.023244109694683542
0.07662756433481577 0.8309132453748065 0.02793243484552261
0.07515689918131938 0.8290705388074003 0.03523245345594517
0.06500421619312743 0.8248691678337141 0.02660544581746092
0.06262108709959667 0.8371784477039876 0.017515469537646943
0.07218387103548206 0.8356305741873664 0.04912768878503283
0.07083657236900794 0.8320188693152503 0.02313182190076658
