0.14911080711354308 0.77 0.19128205128205128
0.21627762858913446 0.8 0.22300827087857888
0.13206436420722134 0.7766666666666666 0.170018627860609
0.18187830687830697 0.7266666666666667 0.14756993209787184
0.16361149110807116 0.7666666666666667 0.16532556418793937
0.16150057216776958 0.73 0.18638856997065956
0.10877357020414524 0.7466666666666667 0.13190200862262558
0.18696397941680953 0.76 0.22757060835557683
0.1694621168305379 0.7633333333333333 0.19950447539025012
0.09865196078431371 0.74 0.1346199269566716
0.12768476238795878 0.6866666666666666 0.16614701436130014
0.2171052631578947 0.7633333333333333 0.25742919389978214
0.09986772486772488 0.74 0.10947293447293449
0.1695496337852579 0.7333333333333333 0.22517581669691475
0.21530100334448166 0.8 0.2187928940977721
0.1627320048372679 0.7566666666666667 0.1808354032729398
0.1556603773584906 0.7633333333333333 0.22554491314141342
0.13712158005504294 0.7533333333333333 0.11179131070400655
0.12922353994182145 0.77 0.1002216784825481
0.19637792925021147 0.7466666666666667 0.19780367436617433
0.134788822630723 0.7366666666666667 0.18389577488654713
0.1339285714285714 0.76 0.2122603055783429
0.14365083910876908 0.7666666666666667 0.09525034713713959
0.1357332086644849 0.7733333333333333 0.10269253039953674
0.09469063545150502 0.75 0.08213241436925645
0.12170796322268973 0.72 0.15326003942951533
0.0714285714285714 0.7266666666666667 0.07444069422158284
0.1137355584082157 0.76 0.09087488455355008
0.08058608058608063 0.75 0.11136045643192755
0.23968253968253972 0.75 0.2679513962418544
0.10830606202275206 0.7566666666666667 0.07999308616368511
0.08262755629002272 0.7533333333333333 0.024973094538311924
0.15500000000000003 0.7433333333333333 0.18698472068052133
0.07684192993170835 0.75 0.0611524594845434
0.1985728739549497 0.7566666666666667 0.2069232411657948
0.14550264550264558 0.7433333333333333 0.1624111182934712
0.10494768389505227 0.7333333333333333 0.08416007205816128
0.1779827315541601 0.7433333333333333 0.2221259162085623
0.1946826758147513 0.7666666666666667 0.16737199042066403
0.19753344481605362 0.7566666666666667 0.20844382227248437
0.1293171114599686 0.7733333333333333 0.1432692307692308
0.14661564219086343 0.72 0.13968601679445053
0.12362637362637363 0.7966666666666666 0.1460136892120825
0.14685494223363282 0.75 0.1410823471469715
0.14687297875516192 0.7233333333333334 0.1860668031581063
0.12004922801521589 0.7633333333333333 0.12027519893899202
0.1263999158736001 0.73 0.14608277658405816
0.17094362497474236 0.75 0.16432203389830508
0.09343645484949836 0.74 0.09458284032003605
0.13252317594505014 0.74 0.14945458420522362
