0.16480446927374304 0.5542949756888168 0.19242610837438423
0.15254237288135597 0.5650999459751486 0.17113095238095238
0.17151162790697672 0.5359265262020529 0.19822831050228312
0.21153846153846156 0.5607779578606159 0.24059052563270605
0.17836257309941517 0.571042679632631 0.2209547209547209
0.19047619047619047 0.5623987034035657 0.22662487743381426
0.17133956386292837 0.5532144786601837 0.19246938775510208
0.16809116809116809 0.546191247974068 0.1984162895927602
0.2065868263473054 0.5515937331172339 0.2286866359447005
0.19241982507288635 0.5613182063749325 0.21609560547613643
0.2039106145251397 0.5532144786601837 0.2270022487458917
0.1724137931034483 0.5548352242031335 0.19353693181818182
0.17441860465116277 0.5542949756888168 0.20965309200603321
0.13256484149855907 0.5353862776877364 0.15603603603603605
0.18827160493827155 0.5515937331172339 0.21276381909547737
0.17983651226158037 0.55537547271745 0.20882910564853557
0.1527377521613833 0.5515937331172339 0.17180180180180182
0.18956043956043955 0.5548352242031335 0.21696950032446466
0.20113314447592068 0.5569962182603998 0.23355902777777776
0.20144796727670766 0.5478119935170178 0.22024771901492585
0.16532824771710952 0.5370070232306862 0.1839144421999926
0.18289085545722716 0.5434900054024852 0.20069979265402843
0.1736694677871149 0.5537547271745002 0.20711936090225563
0.1642651296829971 0.5467314964883847 0.19522050756966286
0.15384615384615385 0.5386277687736358 0.17392422085113118
0.165266106442577 0.5499729875742841 0.18160611475084376
0.14743589743589747 0.5542949756888168 0.18263305322128853
0.2018348623853211 0.5337655321447866 0.23010109925379119
0.1869918699186992 0.546191247974068 0.20528455284552843
0.22093023255813948 0.5634792004321988 0.27299544113703406
0.16239316239316237 0.5451107509454349 0.1922477876106195
0.27462686567164174 0.5564559697460832 0.3011389695765173
0.17664670658682635 0.529443544030254 0.18925339366515836
0.1941176470588235 0.5591572123176661 0.22805008398228738
0.2752808988764045 0.5494327390599676 0.3038961038961039
0.18956043956043955 0.5542949756888168 0.21999099649506415
0.15966386554621848 0.5467314964883847 0.1847536844978166
0.16714697406340062 0.5402485143165856 0.1832036998108051
0.21715817694369977 0.5564559697460832 0.25853225806451613
0.14174605924129569 0.5613182063749325 0.16781698007401635
0.19083969465648853 0.5510534846029174 0.21189258312020465
0.17329545454545459 0.5526742301458671 0.2027459538097836
0.19277108433734935 0.5591572123176661 0.22873376623376623
0.16369047619047616 0.5586169638033496 0.19612035453273208
0.21737660456557562 0.5521339816315505 0.24926165092131025
0.2055555555555556 0.5505132360886008 0.23111111111111116
0.14958448753462605 0.5521339816315505 0.17839356618884178
0.19827586206896552 0.5424095083738519 0.21967479674796747
0.13064217820854995 0.5586169638033496 0.1589098590011771
0.1589041095890411 0.5429497568881686 0.18553524442597974
