0.17759887461618443 0.8444755657109162 0.2701755727451487
0.1816315767960789 0.8416746517284588 0.2912881991069681
0.1810281490596178 0.84204319304194 0.27372439562261197
0.16966885400043702 0.8435173582958649 0.2546948727744457
0.19199002985703953 0.84322252524508 0.29543421007059373
0.1842848943939311 0.841158693889585 0.2748341153210395
0.1791769092465615 0.8387263212206089 0.2647003292656476
0.18187421780724083 0.8424117343554213 0.2797614120188004
0.1930019013453553 0.8430014004569912 0.3027716713158069
0.18301955145882712 0.8407164443134075 0.280849649728167
0.18033878823623734 0.8394634038475713 0.264971258315015
0.1750398103937605 0.8406427360507113 0.2430599419460051
0.1824211613535312 0.8396108203729639 0.2717525140015553
0.17889017921889383 0.8458023144394486 0.27978011274621295
0.18971554652960776 0.8406427360507113 0.29482260983544917
0.17635023132075975 0.8406427360507113 0.2556181714815753
0.17645798153840583 0.8404953195253188 0.25804615213238424
0.18321404755232445 0.8377681138055576 0.2723441932877878
0.1717172539028779 0.8399056534237488 0.2521760462507273
0.17608737219138826 0.8339352841453527 0.24850164490707569
0.16909594637146547 0.8427802756689025 0.2442796822903352
0.17608301545863433 0.8430014004569912 0.24773499553586883
0.175182735286895 0.8402741947372301 0.25432182688311167
0.1812181604910901 0.84204319304194 0.27009606307063005
0.1836973662946891 0.8445492739736125 0.2718776962541729
0.1857497676527571 0.8402004864745338 0.28590274015326667
0.18002269744353896 0.8444755657109162 0.27217148417422676
0.18376793866411328 0.8380629468563426 0.2829097913281074
0.16894442518657932 0.8362202402889364 0.23629024676251922
0.16283722229089126 0.8398319451610525 0.2305423582895707
0.18731606058345013 0.8421906095673325 0.27740382258051144
0.18369018242944735 0.8472764796933736 0.27760825063971595
0.17365143034853264 0.8435173582958649 0.2527915879299944
0.1778432442846134 0.8421906095673325 0.2559722708197936
0.18510786705241933 0.8393896955848751 0.27596449269575474
0.17563235360540644 0.8430751087196875 0.2557298159269146
0.1787623201077665 0.8410112773641926 0.25402278318625116
0.17690886779287074 0.8473501879560699 0.2650779538113346
0.17211390027435478 0.8418957765165475 0.2633537972239277
0.18417168251213534 0.8365887816024177 0.26905018941722914
0.18162605340033422 0.8371784477039876 0.2609549690532141
0.2026276376121163 0.8372521559666839 0.3173979736795535
0.17942725510320448 0.8401267782118376 0.2684790505734962
0.19335867913750407 0.831945161052554 0.2991999130017559
0.17486519450081156 0.8400530699491413 0.24756057189005753
0.1836476868327402 0.8378418220682539 0.26907857414113084
0.17997621256977892 0.8390211542713938 0.26302394895583525
0.18716405599605024 0.8449178152870936 0.29997598271473963
0.17857357851338013 0.8408638608388 0.2757768153115046
0.18259959693349037 0.8446229822363087 0.2702724924016807
