0.21887391687472457 0.5656401944894651 0.2484769428477221
0.25931928687196115 0.5661804430037818 0.2793208862007758
0.17187495961979293 0.5526742301458671 0.18900435962411105
0.2766990291262136 0.5629389519178822 0.2929352068696331
0.28317804177342965 0.580226904376013 0.30938850894395853
0.261437908496732 0.5688816855753647 0.2861296429859358
0.22530144142021125 0.561858454889249 0.24700495311296483
0.24766355140186913 0.5505132360886008 0.2645803270803271
0.2586206896551724 0.564559697460832 0.2776862026862027
0.2626427406199021 0.5791464073473798 0.2886170688114388
0.265625 0.5623987034035657 0.2839619654584265
0.24149890900698656 0.5661804430037818 0.2677386883363653
0.1938014223957607 0.5688816855753647 0.2180122022893694
0.21684867394695784 0.5575364667747164 0.23184617517178557
0.2734155387050292 0.5537547271745002 0.2919799375649066
0.2460063897763578 0.5715829281469476 0.26874291345674955
0.2098731296033597 0.5683414370610481 0.23406581232021695
0.19270309270309272 0.5796866558616964 0.22093688816566937
0.28616352201257866 0.561858454889249 0.3121325828642902
0.2707314121512364 0.5586169638033496 0.29426931938154566
0.2777337065386095 0.5494327390599676 0.29454755032792135
0.19969964863075873 0.5505132360886008 0.21246670805010898
0.22377250409165306 0.5510534846029174 0.24062332906992773
0.26356589147286824 0.5591572123176661 0.28358387019804343
0.20751731550035823 0.561858454889249 0.23366176592047155
0.25149700598802394 0.5548352242031335 0.2670388981946771
0.22779072779072773 0.5661804430037818 0.25140165577929213
0.24787775891341257 0.5456509994597515 0.25731934731934736
0.2689210950080515 0.5623987034035657 0.28768733153638815
0.287211745439939 0.5634792004321988 0.3068832002384446
0.24265715317919068 0.5510534846029174 0.259096190214468
0.16988580750407833 0.5759049162614803 0.19201340257148558
0.2557377049180328 0.5483522420313344 0.2728144531034711
0.2306791110275218 0.5623987034035657 0.2639469568566075
0.2911942943232054 0.5548352242031335 0.3089469969488864
0.28938906752411575 0.5559157212317666 0.307463802959876
0.1898808796741318 0.5634792004321988 0.2131902292014774
0.2133757961783439 0.5456509994597515 0.22738789885927563
0.18184222749793555 0.5694219340896812 0.21567574779890425
0.21816901298842795 0.564559697460832 0.2429463198706125
0.24033109728870938 0.5607779578606159 0.25800577491824134
0.2317666126418152 0.5737439222042139 0.2597221409058029
0.2532342522716772 0.571042679632631 0.2839544018670835
0.24519750433527132 0.5715829281469476 0.271552265802166
0.2645161290322581 0.5656401944894651 0.2875181486207048
0.21479783024553867 0.5661804430037818 0.23809366886838912
0.19954533581269274 0.55537547271745 0.2151616429720038
0.20043858171176465 0.5656401944894651 0.22589934943435663
0.25655841679701785 0.5602377093462994 0.2807475161963315
0.21598345387510753 0.5629389519178822 0.23852989065057772
