0.23572442406376243 0.8368836146532026 0.3302720946471283
0.23498637602179837 0.8348934915604039 0.32718132162061053
0.24119063252352813 0.8345249502469226 0.33540544742745393
0.23415492957746478 0.8353357411365814 0.32639501307948937
0.24896310849159572 0.8357779907127589 0.3436947412559713
0.25614731502922045 0.8329770767303014 0.3498824163299984
0.2451641428097712 0.8303972875359328 0.3366266760762174
0.24338909875876957 0.8344512419842264 0.3363188147536441
0.24595716783216784 0.8365150733397214 0.34187371292855184
0.24149108589951376 0.8342301171961377 0.33491665851989444
0.2445840554592721 0.8315766197390727 0.33650446982985016
0.24671196843489698 0.8320925775779465 0.33805037541190164
0.24891634156913742 0.8318714527898577 0.34368586998182993
0.23498465585269618 0.8373258642293802 0.33033406233691337
0.24545847750865052 0.8341564089334415 0.34132988061797753
0.24708983088073797 0.8314292032136803 0.33924270153340763
0.24289741921492083 0.834303825458834 0.33200511341117156
0.24820846905537458 0.8297339131716666 0.3406595365575817
0.23971926746353767 0.8338615758826564 0.33257872992667104
0.24423662461939974 0.8267855826638166 0.332490316700843
0.24246066433566432 0.8333456180437827 0.3360389475272414
0.24485798237022527 0.8357779907127589 0.3344820083926876
0.2376237623762376 0.8345249502469226 0.3263783524385847
0.24408154318281455 0.8337878676199602 0.3354710224935401
0.25049417966176146 0.8365887816024177 0.3444635637740326
0.239751417357174 0.8312080784255915 0.3320872093007081
0.24641645694277273 0.8366624898651139 0.33979774680016334
0.24522744627468093 0.8308395371121102 0.33730005819937325
0.23799054633395625 0.8247217513083217 0.3229855484909204
0.2389004036216865 0.830765828849414 0.33013337401627496
0.2526887561108093 0.8354094493992776 0.3521311967011733
0.24519440803844472 0.8388737377460014 0.33961980091229804
0.2477124183006536 0.8354094493992776 0.34086397854571177
0.24972926142516785 0.832829660204909 0.34195683927046044
0.2480492361798 0.8303972875359328 0.33672144570506746
0.25626162091217325 0.8382840716444313 0.3527653554169914
0.24847494553376906 0.832534827154124 0.342397610003191
0.23858647936786656 0.8409375691014963 0.3341840120825979
0.23131046613896217 0.8351146163484927 0.3228187136754217
0.24763869286722398 0.8314292032136803 0.3375524078041343
0.2519582245430809 0.8291442470700966 0.3427051318587369
0.24793028322440086 0.8308395371121102 0.3377353089870933
0.24231148079238263 0.8312080784255915 0.33555893624654864
0.24773347897323866 0.8281123313923491 0.33527365628117844
0.2435142794855025 0.8327559519422127 0.33214307109650365
0.24763664022601325 0.8321662858406428 0.3367661366158091
0.24775268581451437 0.8317240362644652 0.3392489693509507
0.24575249369724872 0.83968452863566 0.3428408793914067
0.24223332609167933 0.8344512419842264 0.3320618613557673
0.25038268095342225 0.8360728237635439 0.3440836589587105
