0.03201094391244874 0.7766666666666666 0.04679487179487185
0.09904978310266466 0.8033333333333333 0.08001991862365579
0.03296703296703296 0.7733333333333333 0.05917117473721245
0.1514550264550264 0.7366666666666667 0.10926006524663051
0.12612859097127227 0.7566666666666667 0.12069591987738493
0.11139857704363398 0.7333333333333333 0.13300165837479272
0.012622720897615625 0.75 0.017117842872298394
0.05274442538593482 0.7466666666666667 0.05506072823972341
0.09679793890320199 0.7833333333333333 0.10872554204124796
0.007352941176470562 0.74 0.0314307072812956
0.014882462371046845 0.71 0.02569916855631138
0.12429511278195493 0.76 0.11305010893246192
0.001322751322751281 0.7633333333333333 0.02378917378917378
0.09864422627395975 0.7366666666666667 0.11232727685200461
0.15029264214046822 0.8233333333333334 0.10201756238341603
0.055155370944844684 0.7633333333333333 0.048530647282291006
0.015437392795883409 0.7666666666666667 0.004746197360710969
0.06718471750040478 0.76 0.04671705295776474
0.03155068247930193 0.7733333333333333 0.09806422071868298
0.08672073237474498 0.7466666666666667 0.07170025920025919
0.010990094130402639 0.7366666666666667 0.045572503051862
0.045347744360902276 0.78 0.14954240155865464
0.04868549172346637 0.7666666666666667 0.045858858123009105
0.048153342683497025 0.7733333333333333 0.08344431576915656
0.036998327759197314 0.7633333333333333 0.0024540517961570973
0.03194639239520025 0.74 0.044633889401985705
0.01984126984126977 0.7366666666666667 0.055398660986001214
0.033376123234916566 0.7566666666666667 0.088887115226009
0.01538461538461533 0.7666666666666667 0.04013868799455461
0.13968253968253974 0.7533333333333333 0.1467454535095206
0.012622720897615736 0.75 0.07077262120819289
0.041003924808923786 0.7633333333333333 0.03841520798042536
0.10999999999999999 0.7633333333333333 0.13996933809343923
0.025928599189384283 0.7466666666666667 0.15252096174135155
0.14644017253314867 0.76 0.13885923395371458
0.04497354497354489 0.76 0.043311876032464225
0.008360060991639995 0.7166666666666667 0.027352035791526175
0.053963893249607486 0.7666666666666667 0.0710191779110445
0.12757289879931388 0.7666666666666667 0.08835776277838758
0.11204013377926425 0.7366666666666667 0.11423723269307615
0.030219780219780223 0.7833333333333333 0.05881410256410258
0.06601291557043765 0.7133333333333334 0.04428623585250091
0.016679748822606033 0.78 0.013768547110660612
0.0007702182284979875 0.7466666666666667 0.028843139432552678
0.04746504801233886 0.7166666666666667 0.05118329306164321
0.028529872454687855 0.77 0.004702696728558831
0.053735737946264184 0.7233333333333334 0.02923941255178858
0.07072135785007072 0.7633333333333333 0.05509126466753589
0.0004180602006689238 0.75 0.01988956502141087
0.0958739612853643 0.7433333333333333 0.10206153607688134
