0.28300411230060574 0.6634251755807672 0.26905602788101385
0.3471858972181652 0.6493787142085359 0.35147885628787967
0.26726439406799274 0.6337115072933549 0.2500476991695485
0.2583359814361832 0.6455969746083198 0.2467959962600356
0.2646692941764617 0.6515397082658023 0.24244526699047103
0.28502806745188036 0.6601836844948676 0.2565533673660684
0.3104208661657809 0.6428957320367369 0.29995074733288396
0.2564615384615385 0.6526202052944354 0.24025645280550414
0.23689009587943421 0.6277687736358725 0.22697779320939165
0.2674714448113462 0.646677471636953 0.26618675001611625
0.25940235063443184 0.6347920043219881 0.24407320234234847
0.27382591139559964 0.6537007023230686 0.27205630017770416
0.27655437416089257 0.6547811993517018 0.25931632872542976
0.2954158746704274 0.6396542409508373 0.2809980744765668
0.3372929248829707 0.6423554835224203 0.3334516981265284
0.2952033314482546 0.6537007023230686 0.2808479668399365
0.3233375743454534 0.6477579686655862 0.3198247062179646
0.28995802449064045 0.6428957320367369 0.2836131615743029
0.2745870792785091 0.6461372231226364 0.26288437828943256
0.22798379198432972 0.6428957320367369 0.22148516431779755
0.2923227236856938 0.6347920043219881 0.2898945528143653
0.28376527602191326 0.6331712587790383 0.27944126058163865
0.26350781276365964 0.6439762290653701 0.24639129863965858
0.2714682077380587 0.6320907617504052 0.2482868443821105
0.2876277850589778 0.6504592112371691 0.28236934191150986
0.2912209060330959 0.6364127498649379 0.28815287707592563
0.25316764132553604 0.6607239330091842 0.22882675458243
0.26545907678971314 0.631010264721772 0.25366545434539833
0.2612158915111418 0.6396542409508373 0.2459062940804514
0.23547861915711177 0.6477579686655862 0.19371164725147025
0.2911339031339032 0.662344678552134 0.2677348791911149
0.24656992084432727 0.6353322528363047 0.2335382439211046
0.27952072124702476 0.6445164775796867 0.2716254027186769
0.2706933468291354 0.6472177201512695 0.2521876009401718
0.2591541092029611 0.6342517558076716 0.24913704730070013
0.2748767708418012 0.6331712587790383 0.2593346388948517
0.2678951098511694 0.6488384656942193 0.2568998989683144
0.2854386381752406 0.637493246893571 0.2852708214923284
0.20946536693669804 0.6445164775796867 0.17676812784068946
0.2354235232981119 0.6472177201512695 0.21681456868873722
0.26186138074744236 0.6391139924365208 0.2577966632709583
0.2560930772029838 0.6504592112371691 0.24107176098928068
0.2664978544857508 0.6488384656942193 0.24919262263717765
0.2898573785950024 0.655861696380335 0.2773106276334445
0.21130382730920727 0.6488384656942193 0.1919501508870503
0.3211044042029958 0.6428957320367369 0.3161983172109111
0.26285114056777403 0.6326310102647218 0.24506919446946374
0.23271847110376953 0.6353322528363047 0.22611994188192988
0.23921313854942183 0.6434359805510534 0.2164012057773079
0.2526982429617065 0.6509994597514857 0.23772572133994083
