0.1528277383749351 0.8465393970664111 0.20101561799093415
0.15527498764879205 0.8439596078720425 0.2235291945330306
0.15251596658164995 0.8437384830839537 0.20666892442306944
0.15069449502607807 0.8444755657109162 0.2100638498036948
0.15897618534159758 0.844696690499005 0.22463230057123557
0.15941442807268758 0.8413061104149775 0.2251469534645677
0.1571643306302093 0.8400530699491413 0.21361050420472724
0.15318355531376143 0.8448441070243974 0.20445195862850576
0.1609108040368667 0.8458023144394486 0.22234856471402983
0.1561349968989958 0.8435910665585612 0.20446546072694216
0.15435126224871137 0.8406427360507113 0.20509505282918683
0.15311914233530538 0.8422643178300288 0.1866325492067312
0.15944523137541305 0.8409375691014963 0.2173284563116583
0.15279414581597106 0.8474238962187661 0.21505109938146563
0.16374840291540532 0.84204319304194 0.23540134716549632
0.1560943677813141 0.8419694847792437 0.20212954811243575
0.15108800268005487 0.8419694847792437 0.1971679982309745
0.1522476834305946 0.8395371121102676 0.20014110735337537
0.15321776777749252 0.8410849856268888 0.2070504810938475
0.15597090845396105 0.8358516989754552 0.19292476320252114
0.1453634760370534 0.8441070243974349 0.18537187222584925
0.1597328044881702 0.8444018574482199 0.20377128084044682
0.15367171744848995 0.8413798186776738 0.20633890134983088
0.15840447227816234 0.842927692194295 0.21855078607565984
0.15943576291916167 0.8457286061767524 0.21375943284540405
0.15505509883207858 0.842338026092725 0.21135403783110635
0.16002269744353897 0.8454337731259675 0.2246288733323832
0.15073650552612713 0.8401267782118376 0.20626203226421613
0.13887703275526775 0.8372521559666839 0.16750987184930471
0.144626188546917 0.8401267782118376 0.1925817420557097
0.1639029492410984 0.8441807326601312 0.21193375896768663
0.15995771209503526 0.8487506449472986 0.21841106302571148
0.14807598277820017 0.8449915235497899 0.19123735972721775
0.15400849852190154 0.8434436500331687 0.195470418768152
0.16014769711083676 0.8409375691014963 0.2151916984232763
0.1455649611740949 0.8455811896513599 0.17876623800496474
0.16325844413877424 0.8413061104149775 0.21973814788197837
0.15285564363729243 0.8491928945234761 0.20253409416221183
0.14237031053076504 0.8436647748212575 0.19466196568912703
0.16179555038640278 0.838210363381735 0.2123699159242593
0.15675558707909068 0.8389474460086975 0.1980544058370556
0.16952201491111787 0.8383577799071276 0.25187163694683185
0.1591605884365378 0.8408638608388 0.2244221639688052
0.15348798948233167 0.8345986585096189 0.2091411721002108
0.15481378061906348 0.841158693889585 0.19906043851469074
0.15568632435180477 0.8393896955848751 0.2064811624303042
0.1503266168824474 0.8413061104149775 0.18505215210665604
0.1550080201499775 0.8479398540576398 0.2140371418199516
0.14898453741748974 0.8430751087196875 0.20385786662179994
0.15600385225263932 0.8462445640156262 0.2040115359549756
