0.11655266757865934 0.78 0.14615384615384613
0.18715141499690147 0.8 0.18490246251749864
0.10145211930926212 0.7766666666666666 0.13122723057864566
0.16335978835978837 0.7333333333333333 0.12012963046402181
0.14965800273597818 0.7633333333333333 0.1501076845832673
0.15145032091148813 0.73 0.17496491899476974
0.06529530933458005 0.7566666666666667 0.07244770815103335
0.1586620926243567 0.76 0.19304666958671354
0.15032336084967668 0.77 0.16850089116085942
0.06924019607843135 0.7466666666666667 0.09963496939268121
0.07745645188567563 0.7033333333333334 0.10038737717309149
0.1903195488721804 0.7633333333333333 0.2208278867102397
0.07208994708994709 0.7533333333333333 0.06460113960113961
0.15022596228767338 0.74 0.1946136157399769
0.1864548494983278 0.82 0.15061107591595393
0.14359324885640667 0.77 0.1495854032729398
0.09905660377358494 0.7766666666666666 0.14359238291302115
0.11364740165128706 0.77 0.06941842934807435
0.09711344819870216 0.78 0.0637960734070574
0.16622717548136723 0.7466666666666667 0.1605284495909496
0.09925582770686514 0.74 0.13696875824122062
0.0982142857142857 0.7666666666666667 0.17585110746513538
0.12102640471962878 0.77 0.060996079392305835
0.11157861929250423 0.7766666666666666 0.06632310364794441
0.07545986622073575 0.7633333333333333 0.04641812865497075
0.0830606202275207 0.74 0.09589275882279807
0.03902116402116407 0.7366666666666667 0.029895239676128338
0.0649550706033376 0.76 0.06063551607888751
0.05494505494505497 0.7533333333333333 0.08759752660246156
0.21111111111111114 0.75 0.23183168519954273
0.08898239052516754 0.7566666666666667 0.05578255984789565
0.07291881842594505 0.76 0.04377651334173077
0.14500000000000002 0.75 0.17003556813814844
0.06301704513908168 0.7533333333333333 0.07590401227957444
0.1843548644762767 0.7466666666666667 0.1971193195971674
0.0992063492063493 0.7633333333333333 0.09238310708898939
0.05710079394289924 0.7266666666666667 0.026590253341845782
0.1422684458398744 0.7466666666666667 0.1767735923704814
0.16638078902229847 0.78 0.11223987659952583
0.16387959866220736 0.74 0.17970404353270558
0.10890894819466246 0.7866666666666666 0.1048076923076923
0.1289165271466156 0.7266666666666667 0.11167396860167939
0.11342229199372056 0.8033333333333333 0.1284698295629597
0.08344030808729141 0.7466666666666667 0.06402098568963693
0.10164684810189561 0.7266666666666667 0.13114568236695967
0.10170060416200488 0.7766666666666666 0.08579244031830241
0.11204584888795421 0.7266666666666667 0.12945492979316786
0.12143867447969281 0.77 0.0807322903085615
0.05978260869565222 0.7566666666666667 0.044235618097813845
0.11681636966232767 0.7366666666666667 0.1330107339378439
