0.16992478442397663 0.6612641815235009 0.14225348900113083
0.15478119935170176 0.6564019448946515 0.14352113280679404
0.18138659816460645 0.6337115072933549 0.1628806989776429
0.1587965259568973 0.6461372231226364 0.15424967192556946
0.09459973600434812 0.6477579686655862 0.0774801091635976
0.1954018895693871 0.6569421934089681 0.1791226416348562
0.20313813283060367 0.6428957320367369 0.18412741599043295
0.1640113479124633 0.6574824419232848 0.14946838695128198
0.13791682064985644 0.631010264721772 0.12427546297252579
0.12184837408122873 0.6461372231226364 0.10523709348233559
0.1571660817506193 0.6304700162074555 0.14515889863782724
0.1408062857982082 0.6553214478660183 0.11906541089997386
0.1713692496010164 0.6612641815235009 0.1454478447653535
0.19452688851355704 0.6385737439222042 0.1835131434603623
0.1507531555366578 0.6482982171799028 0.1347298386758754
0.17766707961139727 0.6542409508373852 0.1622185910886321
0.16636612087550995 0.6499189627228525 0.1442944117451787
0.14063024063024065 0.6482982171799028 0.11282797617707982
0.13935088127960238 0.6509994597514857 0.1168675960721765
0.10095732957061787 0.6412749864937871 0.0805565267047908
0.14928962763487785 0.6353322528363047 0.13864854392571158
0.18272508692660494 0.6358725013506212 0.17320631791703467
0.16436830156802695 0.646677471636953 0.15294588881627907
0.13941918315399748 0.6304700162074555 0.12194936775044876
0.1351530617542912 0.655861696380335 0.10581459506428781
0.12466529325119835 0.631010264721772 0.11298232812596054
0.13966969849322786 0.6618044300378174 0.11916305035621835
0.19008419007746347 0.6326310102647218 0.1861942779767072
0.15856407839440712 0.6304700162074555 0.1500824955357645
0.16502477006581318 0.6434359805510534 0.1565845943361525
0.18542913914120562 0.6553214478660183 0.17504999272799573
0.21730244698205547 0.6337115072933549 0.19954489772249698
0.14079998943210792 0.6428957320367369 0.12445781933160002
0.12791909598144313 0.6477579686655862 0.09583457745169963
0.15687618879108245 0.6337115072933549 0.14724886002047077
0.11907309683715361 0.6380334954078877 0.10533873130304047
0.17504660191081112 0.653160453808752 0.15152129897072492
0.20909739546171835 0.6434359805510534 0.19679959111204381
0.13772837530966142 0.640194489465154 0.10243898438536125
0.14561591919003258 0.6455969746083198 0.1246614673561929
0.1654473993001111 0.6407347379794706 0.1550594625700476
0.11183144246353316 0.6526202052944354 0.08630789496380514
0.13088764027042388 0.6472177201512695 0.10386388293505863
0.13524620971567358 0.6596434359805511 0.11306145545870663
0.17479887843609965 0.6461372231226364 0.1615984935760011
0.15806975708183746 0.6488384656942193 0.13591440905985985
0.1745504436725901 0.6331712587790383 0.16303288799114912
0.1668580493482189 0.6364127498649379 0.1411341666485018
0.13014109059214463 0.6364127498649379 0.10881909696578732
0.16686021864522183 0.6509994597514857 0.14783807528871545
