0.047407055787508035 0.640194489465154 0.019530469071350864
0.02025931928687197 0.6223662884927067 0.007505533276357057
0.04269318537164013 0.6104808211777417 0.050440293380647094
0.005740202678761297 0.6196650459211237 0.02296488830183313
0.005295442192716826 0.6331712587790383 0.02371057446625835
0.05614505689281368 0.6320907617504052 0.03659143793157016
0.07251089902203378 0.6202052944354403 0.05246887725980304
0.0013334570163029413 0.6283090221501891 0.01905712940087173
0.00410908987535763 0.605078336034576 0.028341822692192875
0.005389421974610342 0.6261480280929227 0.019129396587949155
0.03325247729149472 0.608860075634792 0.01881182621953742
0.01501033296267551 0.6277687736358725 0.0074619642644522255
0.05127519794232949 0.6315505132360886 0.030277697971826945
0.04725184048684261 0.6104808211777417 0.03375381676115252
0.009661493397585708 0.6207455429497569 0.031453559391026786
0.035802308143704775 0.6331712587790383 0.01920300478078507
0.026399942295208145 0.6169638033495408 0.04061065886810322
0.03794313794313797 0.637493246893571 0.016595858032033728
0.0006871651525739431 0.6212857914640735 0.020831284492647262
0.01681763875871589 0.6223662884927067 0.03850870100306475
0.014309592348407452 0.6131820637493247 0.029289031061897952
0.05602808860888653 0.5991356023770935 0.04840614471657445
0.029120690565439977 0.6223662884927067 0.029195022866296327
0.005125535115122037 0.5996758508914101 0.024939380651378462
0.0059449019220984 0.6342517558076716 0.02385948161379342
0.01436897970753337 0.6169638033495408 0.033271704708366545
0.028448131389307907 0.6326310102647218 0.02121897064180739
0.0067104523232317526 0.6045380875202593 0.011707503143869813
0.01672754408703503 0.6104808211777417 0.00330136228161676
0.0020727549874862694 0.6261480280929227 0.030126307380281825
0.03401372832369942 0.6385737439222042 0.05578179991733351
0.08287373572593804 0.6137223122636413 0.06583516553601401
0.01131689145453818 0.6256077795786061 0.005920852096667595
0.0352838380038869 0.6283090221501891 0.0037440165202226594
0.011169106913787807 0.615343057806591 0.027702418821927643
0.02304438031599687 0.6126418152350082 0.036268008952779485
0.04195234124813452 0.615343057806591 0.01982060039219896
0.04517579721995091 0.6104808211777417 0.030412288393684872
0.03260476878612717 0.6202052944354403 0.000630556306027763
0.0016303628822014193 0.6277687736358725 0.02711451388503633
0.02012440161576723 0.6185845488924906 0.022219033229216145
0.013776337115072979 0.6239870340356564 0.01123941436064635
0.023817426724801805 0.615343057806591 0.012480420545461557
0.026291573891427777 0.6477579686655862 0.005889682059902812
0.0022287151804197824 0.6202052944354403 0.015761447249992067
0.056632425775005824 0.62182603997839 0.03368268247509815
0.054298490401102795 0.6207455429497569 0.045531526135037415
0.03697357882158381 0.6223662884927067 0.012169251166558481
0.03591078529794012 0.6256077795786061 0.012724029725408037
0.04683272741286948 0.6288492706645057 0.026581729286590472
