0.05554035567715465 0.7566666666666667 0.07217948717948725
0.15038215244784126 0.78 0.15546671386266733
0.07201726844583989 0.7633333333333333 0.09298422358563868
0.14087301587301593 0.7433333333333333 0.09452636755729699
0.16114911080711347 0.7633333333333333 0.17337878547645474
0.0822926513756903 0.6966666666666667 0.08939596887358087
0.013713573320866423 0.7333333333333333 0.030215609197983495
0.067967409948542 0.7633333333333333 0.11646663097720494
0.08580892791419104 0.7733333333333333 0.08358893001939005
0.018382352941176405 0.77 0.011842922427662883
0.013022154574665934 0.6933333333333334 0.08097127739984883
0.1595394736842105 0.7666666666666667 0.16525054466230937
0.015873015873015928 0.75 0.02165242165242165
0.1153186847436497 0.7466666666666667 0.1529494410988286
0.125 0.7966666666666666 0.12848652025481289
0.08386350491613648 0.7566666666666667 0.08667719900642895
0.03945111492281306 0.7733333333333333 0.06593376601096623
0.09276347741622148 0.7533333333333333 0.06394660663928331
0.03759230252852985 0.76 0.11570119853872718
0.09647246131648346 0.7266666666666667 0.08576432013932012
0.030851116258439726 0.7466666666666667 0.07445713849307822
0.05004699248120292 0.77 0.10600517842493845
0.08849304083853604 0.77 0.02513783386424895
0.022907900888265553 0.7666666666666667 0.028887280447790042
0.02132107023411378 0.7433333333333333 0.01232247284878868
0.06638616175783074 0.7433333333333333 0.07559216427188603
0.02910052910052907 0.7366666666666667 0.052099817407182
0.052118100128369704 0.7666666666666667 0.03643309426891522
0.02490842490842493 0.77 0.01926357201606077
0.12698412698412698 0.7533333333333333 0.1333472565684709
0.04862085086489021 0.74 0.01981937602627254
0.06042140053707912 0.7566666666666667 0.04431558779384864
0.10499999999999998 0.7466666666666667 0.11361273138524924
0.013047582033201888 0.7533333333333333 0.03880946431546134
0.11624687150540491 0.75 0.10480962272991473
0.04497354497354489 0.7533333333333333 0.02309914350355524
0.00021031599978971194 0.7 0.03099998020380179
0.047684458398744134 0.7633333333333333 0.05179962102282193
0.133147512864494 0.7866666666666666 0.09844775318004498
0.05999163879598668 0.7766666666666666 0.06809101058175626
0.053375196232339106 0.7666666666666667 0.09257478632478638
0.06134895957904807 0.71 0.05041073384446876
0.06927001569858704 0.7766666666666666 0.10628596828323547
0.004878048780487809 0.7466666666666667 0.017047328979024112
0.061744365391313005 0.72 0.07741434973287215
0.048332960393824065 0.7533333333333333 0.03837035809018574
0.08528313791471687 0.7366666666666667 0.0864212910825693
0.09022024651444738 0.7666666666666667 0.06184702303346373
0.014005016722407948 0.74 0.021268241491999074
0.09846774580911666 0.73 0.10801073393784388
