0.08392851021349187 0.8244269182575367 0.009113422903775259
0.09486336316215264 0.823910960418663 0.008823643716292483
0.08686404065684394 0.821552296012383 0.008622656743431809
0.1008520248247691 0.8263433330876391 0.02944583892264791
0.09884007402633538 0.8235424191051817 0.010578677799430246
0.10115871691862316 0.820667796860028 0.012501641059890892
0.0937434645621538 0.8194884646568881 0.011334981172722462
0.08943021017345815 0.823910960418663 0.037467742611727306
0.09773034157235741 0.8236161273678779 0.025091484692913966
0.08952346372466771 0.820667796860028 0.014564694864444276
0.09299098067201189 0.8211837546989017 0.005318460073802572
0.09544907224177099 0.8189725068180143 0.007005453237741148
0.1033140567506351 0.8198570059703693 0.037085591267123554
0.09226869293677831 0.8289231222820078 0.01522287111001884
0.09936284791350042 0.8244269182575367 0.025031452032550854
0.09518981722799241 0.8225105034274343 0.008576043159176129
0.09602204564608723 0.8194884646568881 0.006048477181223505
0.09426280472199314 0.8171298002506081 0.007499426760423374
0.08824115452675693 0.819193631606103 0.005574194131568955
0.09540185824777944 0.8180142994029631 0.02334480600019785
0.08579416761041903 0.820962629910813 0.019504415414788694
0.10760939711766321 0.8249428760964104 0.03379502208169412
0.09048201513403245 0.8205203803346355 0.012598579989632146
0.09411037543799719 0.822141962113953 0.006882788403392064
0.10317711648204442 0.8231001695290042 0.020470391273703183
0.08050754956346837 0.819193631606103 0.008532084957549327
0.10156329925264454 0.8253851256725879 0.01586115645075247
0.09619172525957734 0.8194884646568881 0.015949083882650518
0.08546257229132989 0.8163190093609494 0.022748527489194037
0.09000106607693606 0.8191199233434068 0.02633640415740078
0.09013877442860554 0.8207415051227243 0.01042835110598065
0.09188445146714613 0.8237635438932704 0.011149488610575561
0.10874364891715621 0.8248691678337141 0.030367603918771205
0.09519730637549415 0.8219945455885604 0.010213741927358855
0.09071758945639544 0.8185302572418368 0.002764824782815964
0.11305455274729687 0.8263433330876391 0.03435365513795747
0.09330155991682693 0.8194884646568881 0.004393971155439116
0.09532105268862659 0.8300287462224515 0.011069142700130999
0.09950419265993866 0.8272278322399941 0.017154920015441992
0.10520546310510878 0.8196358811822805 0.02784382118876954
0.10192875792614695 0.8152870936832018 0.024203343018117114
0.09641439130169202 0.8201518390211543 0.009301271410197078
0.08083025606450689 0.8179405911402668 0.0054168877894995235
0.0992093704028485 0.8153608019458981 0.018168359878253056
0.09844444044127322 0.8201518390211543 0.013662868523493348
0.10282130134705805 0.821257462961598 0.02917865273857851
0.10255062668799814 0.8205940885973317 0.017494065035214626
0.10230561859211243 0.8261222082995504 0.024223642584007152
0.11096162572657943 0.8262696248249429 0.02793106107502747
0.09981192777468606 0.8253114174098917 0.005474005082973667
