0.03618749695974133 0.6239870340356564 0.018330375846160207
0.05564235816265295 0.6229065370070233 0.047345999184974785
0.05353505347139709 0.6072393300918423 0.030028309662619435
0.009983963581811639 0.6131820637493247 0.023779721574765544
0.04359224768348968 0.608860075634792 0.01903456863550701
0.0639532921602376 0.6234467855213398 0.04225053879577728
0.057858408160772035 0.6115613182063749 0.0449528824746982
0.029293447293447294 0.6180443003781739 0.021984900582123934
0.00567224154196555 0.605078336034576 0.020755071491134536
0.011070210577599715 0.6283090221501891 0.032568951563782866
0.03035768408999917 0.6115613182063749 0.00945085730693146
0.015411705324982261 0.6142625607779578 0.02530002741941112
0.01975663955803153 0.6099405726634252 0.01899479270642135
0.0662249371512662 0.5877903835764452 0.045773987375646086
0.0521841422299838 0.6175040518638574 0.03855226131690492
0.05674331837511115 0.6185845488924906 0.034822256514687566
0.0704327365258447 0.6169638033495408 0.052716760683052755
0.03502331562183614 0.6261480280929227 0.016932675771445804
0.046615506227377757 0.6164235548352242 0.023338240116735187
0.02181168743878792 0.6185845488924906 0.0317055199587033
0.04953026943745076 0.6191247974068071 0.046974654591708354
0.026220911176663475 0.6077795786061588 0.007714829931942779
0.025474446806835194 0.6061588330632091 0.07194155846731337
0.05558472315899199 0.5910318746623446 0.02923318171695688
0.034344187922169644 0.6164235548352242 0.019051318125527683
0.03177415544531059 0.6115613182063749 0.020592892359556803
0.045246663667716236 0.6039978390059427 0.024886969713258433
0.006657998025476175 0.595894111291194 0.027604023609436867
0.06109081333728317 0.5985953538627768 0.0460166101369171
0.015080785790342666 0.6104808211777417 0.05594867276283205
0.03596011396011389 0.6148028092922745 0.008361615934328437
0.021842633796715583 0.6094003241491086 0.03864061701916821
0.024046830531422314 0.6012965964343598 0.06740214821790658
0.04487483941293258 0.608860075634792 0.021219076481436006
0.003836759234902898 0.6169638033495408 0.03577745943026228
0.030387903958852158 0.5937331172339276 0.03918061513564647
0.05053828760419821 0.6099405726634252 0.029496981190779592
0.03961961187074614 0.608860075634792 0.02575401818116313
0.0030890958363414267 0.6099405726634252 0.029776155135087468
0.04470235002020895 0.6131820637493247 0.05892509921533118
0.03438779463659303 0.6104808211777417 0.041105043818989107
0.030209533628479557 0.6196650459211237 0.008739808557043094
0.04766333272523926 0.6304700162074555 0.021796666829000166
0.033563177746346096 0.6158833063209076 0.05035218275917258
0.004611393985973655 0.6185845488924906 0.026151973974719855
0.048748043818466424 0.6196650459211237 0.029988758972090912
0.06004201602558146 0.602377093462993 0.03682405260411731
0.04758873058480739 0.6094003241491086 0.031064517544734438
0.0780072107505736 0.5991356023770935 0.06125395262671346
0.05038625343387593 0.6104808211777417 0.029041613250409992
