0.060117808444701354 0.8400530699491413 0.026428137258526795
0.05288200775549229 0.8389474460086975 0.033895452277107135
0.04978293253068572 0.8339352841453527 0.020267926174326087
0.06863954902519076 0.841158693889585 0.07793375848776132
0.05705394994210536 0.84145352694037 0.058998210532916866
0.057321942116912245 0.8358516989754552 0.03541188656060667
0.05964089968915781 0.8360728237635439 0.03347303419256531
0.060673799592979916 0.8404216112626225 0.0363507539801547
0.05855245070693213 0.8400530699491413 0.048545368814445176
0.06067226518758026 0.8378418220682539 0.027831702016230288
0.0495359341661841 0.8339352841453527 0.01683791999705498
0.0659255999422308 0.8355568659246702 0.015190225486723701
0.06983342849202095 0.8379155303309501 0.05925495626982451
0.061156371212950617 0.84204319304194 0.0559155581951175
0.060160361812255425 0.8375469890174688 0.057149166567492346
0.06150171281500777 0.8375469890174688 0.03291738041469446
0.05870189369417497 0.8349671998231002 0.023004808322592152
0.053956738621646794 0.832829660204909 0.027171522516008705
0.07333093781652858 0.8407164443134075 0.05900582438777785
0.06217778974930896 0.8289231222820078 0.01776652381867878
0.05242342685097767 0.8372521559666839 0.02017591362058746
0.0745811139949104 0.8387263212206089 0.0408657296863696
0.06456067898546677 0.8382840716444313 0.03430301837432878
0.06279119192965063 0.8400530699491413 0.04223729431814309
0.062179933529209946 0.8392422790594826 0.04509026238721677
0.05002890257143211 0.8320925775779465 0.055003405467328355
0.07222737117932135 0.8449915235497899 0.049347172416150026
0.05665917575002974 0.8378418220682539 0.042064095309456255
0.055539935452149886 0.8312080784255915 0.04794198742251688
0.052961375944771766 0.8355568659246702 0.04977296818729112
0.06409788536969283 0.8399056534237488 0.021741786154314865
0.06515543310151245 0.8418957765165475 0.04924560538121542
0.05225677115040178 0.841158693889585 0.04252420569951001
0.06428063879685544 0.8373258642293802 0.04467729909543182
0.0761205004942509 0.838210363381735 0.05823999788834342
0.03605562336640372 0.8371047394412914 0.00919966958303229
0.07600982232032102 0.8376206972801651 0.04946642194850332
0.0692354445891957 0.8457286061767524 0.03638090485706168
0.04281351600108593 0.8381366551190389 0.02073854766401438
0.0669617306979769 0.8275226652907791 0.048204250103693794
0.05308331786097678 0.8323874106287315 0.012213476686768171
0.07148007225613734 0.8363676568143289 0.08466576489768993
0.05521683202189531 0.8333456180437827 0.036162052442313505
0.04440030593105804 0.8281860396550453 0.010192878831857745
0.06969938672290255 0.8369573229158989 0.035788332660680294
0.06481062531774276 0.8350409080857965 0.04239741365273865
0.061369498696478286 0.8330507849929977 0.028929842902334538
0.04639260384524521 0.8409375691014963 0.02786737599993261
0.061864469659319216 0.8396108203729639 0.06135982643396231
0.052907622399137794 0.8397582368983563 0.02927674857812941
