0.0117647058823529 0.7033333333333334 0.020000000000000018
0.0 0.7133333333333334 0.0
0.0005886970172684913 0.7066666666666667 4.856254856255848e-05
0.0 0.6666666666666666 0.0
0.0 0.7 0.0
0.0 0.6633333333333333 0.0
0.0 0.7 0.0
0.006646655231560827 0.6966666666666667 0.01681741096664785
0.0 0.72 0.0
0.0 0.72 0.0
0.0 0.67 0.0
0.008928571428571397 0.73 0.00588235294117645
0.0 0.7 0.0
0.0 0.72 0.0
0.0 0.7333333333333333 0.0
0.0 0.68 0.0
0.0 0.7366666666666667 0.0
0.0 0.69 0.0
0.0 0.72 0.0
0.0 0.69 0.0
0.0 0.72 0.0
0.0 0.71 0.0
0.0 0.7066666666666667 0.0
0.0010908524232506878 0.72 0.021520941903107493
0.0 0.6933333333333334 0.0
0.0 0.6766666666666666 0.0
0.0 0.6766666666666666 0.0
0.0 0.7366666666666667 0.0
0.0 0.7166666666666667 0.0
0.0 0.7133333333333334 0.0
0.0 0.6933333333333334 0.0
0.0027886800247882704 0.6966666666666667 0.01327223501136543
0.0 0.6766666666666666 0.0
0.0 0.7166666666666667 0.0
0.0 0.7 0.0
0.0092592592592593 0.6833333333333333 0.011204481792717103
0.0 0.7066666666666667 0.0
0.005690737833594972 0.7066666666666667 0.005239567716141924
0.0 0.7433333333333333 0.0
0.0 0.7166666666666667 0.0
0.0 0.6966666666666667 0.0
0.0 0.7 0.0
0.0 0.6933333333333334 0.0
0.0 0.7033333333333334 0.0
0.010348773570824421 0.67 0.017982233028494055
0.0 0.7066666666666667 0.0
0.038645564961354406 0.7266666666666667 0.028027388955292
0.0 0.6966666666666667 0.0
0.0 0.6733333333333333 0.0
0.0 0.6833333333333333 0.0
