0.11416217955673957 0.5753646677471637 0.10927038136678191
0.0 0.5521339816315505 0.0
0.2375271986543417 0.5683414370610481 0.24113158744094143
0.0 0.5515937331172339 0.0
0.0 0.5629389519178822 0.0
0.0 0.5548352242031335 0.0
0.003225215319772823 0.5472717450027013 0.009847443406894751
0.0 0.5337655321447866 0.0
0.020928479231385633 0.5418692598595354 0.019439893627408777
0.1167012087138759 0.5623987034035657 0.11515724044345299
0.010031918038369003 0.5569962182603998 0.014016026595086106
0.0 0.5494327390599676 0.0
0.0 0.5424095083738519 0.0
0.07734609724691888 0.5326850351161534 0.07702654813541737
0.0008428533313928899 0.5407887628309023 0.00510944455529333
0.04819436385936826 0.5515937331172339 0.046449012425848424
0.025264041326874653 0.5445705024311183 0.023505266758075793
0.0 0.5456509994597515 0.0
0.01035563943615092 0.5499729875742841 0.011889905764738917
0.19412171374800768 0.5494327390599676 0.1918263188687218
0.023680057119236486 0.5429497568881686 0.02587953260007303
0.08357915437561458 0.5829281469475959 0.07174464141337633
0.07180542899890885 0.5613182063749325 0.06492734530013095
0.2739246734931633 0.5580767152890329 0.2714630156616031
0.032339953624357265 0.5418692598595354 0.03195463274961646
0.0 0.5440302539168017 0.0
0.0 0.5478119935170178 0.0
0.0 0.5251215559157212 0.0
0.0 0.548892490545651 0.0
0.0 0.5526742301458671 0.0
0.0 0.5359265262020529 0.0
0.13818768952073412 0.5694219340896812 0.13632529006438304
0.03771034068974777 0.5332252836304701 0.03748324288610255
0.028672090940942918 0.5494327390599676 0.031550209358614134
0.017254143023561652 0.5521339816315505 0.01851465181392853
0.22341058403600433 0.5834683954619124 0.22606652571998354
0.06836308820717041 0.5548352242031335 0.08022064252290328
0.004874609111533479 0.5348460291734197 0.004571307297775162
0.0 0.5483522420313344 0.0
0.003984063745019917 0.5472717450027013 0.003988115099226197
0.0 0.5494327390599676 0.0
0.07163487779731936 0.5407887628309023 0.07077932424335504
0.0 0.5526742301458671 0.0
0.0010195662423384544 0.5505132360886008 0.01455593884288986
0.0 0.5548352242031335 0.0
0.0 0.5418692598595354 0.0
0.0 0.5434900054024852 0.0
0.0 0.5407887628309023 0.0
0.03529287821323224 0.5375472717450027 0.030240981242459775
0.0 0.5418692598595354 0.0
