0.22883423536028424 0.7658288494140193 0.254268247115583
0.017275030300445356 0.7605955627625857 0.027259524765617726
0.07922563960982644 0.7953121544925186 0.09601677311778739
0.03809170027126471 0.7870568290705388 0.03964551134450227
0.003423523987080505 0.7567627331023807 0.010264206672955098
0.0020272126471710533 0.7538144025945308 0.0042649796460699045
0.06942136099140081 0.7774747549200265 0.0854388060254838
0.12410852973507873 0.7781381292842928 0.10889538762305974
0.0 0.7528561951794797 0.0
0.10194227208522544 0.7853615390285251 0.13262484479969577
0.0 0.7507923638239846 0.0
0.0024821133204403862 0.7530036117048721 0.00390223848055326
0.0018891469326561688 0.7678926807695142 0.013142912362440595
0.0 0.756246775263507 0.0
0.0018629175105806855 0.7531510282302646 0.0015406879246507837
0.0 0.7507923638239846 0.0
0.0 0.7489496572565785 0.0
0.0 0.7511609051374659 0.0
0.0007449214144609889 0.7610378123387632 0.03296965201257863
0.0 0.7442323284440185 0.0
0.11525807217218054 0.7709147195400604 0.12437238136195838
0.051875668603379506 0.7726100095820742 0.06001585906228367
0.12033407382191541 0.8015036485590035 0.16521264382789286
0.0 0.7508660720866809 0.0
0.00914886224899468 0.7633227684823469 0.01778357431439504
0.0 0.7531510282302646 0.0
0.16895566386562377 0.8178668828775706 0.23908708323540895
0.2844665946286892 0.759195105771357 0.2898046439725459
0.006577147438304523 0.7660499742021081 0.022752243046093468
0.11321261313227032 0.8099063905063758 0.11765402920470289
0.03134370103419357 0.7589739809832682 0.0403162482107631
0.07981717729247444 0.8008402741947372 0.07972433983549052
0.006885636430432229 0.7569101496277733 0.012831838298225401
0.015278219199751544 0.769587970811528 0.030041225393603738
0.09237687316724005 0.7656814328886268 0.0858626764854509
0.10599650721421604 0.8064421021596521 0.1342799957945436
0.0 0.7537406943318345 0.0
0.009938963860164123 0.7617748949657257 0.015871913042944656
0.14083012737742873 0.8169086754625193 0.14345600950820697
0.0 0.749686739883541 0.0
0.05018693723477152 0.7810864597921428 0.07280333130595364
0.0 0.7463698680622097 0.0
0.0022549435511460825 0.7547726100095821 0.006477637336425723
0.0 0.7493919068327559 0.0
0.03107673196698576 0.7502764059851109 0.0321064229568728
0.017989236190242452 0.7596373553475344 0.03665239082179946
0.03786790427584582 0.7690720129726543 0.0501640968072488
0.0 0.755951942212722 0.0
0.01073710343154068 0.7712095525908454 0.00632081437799176
0.10849047586971519 0.7824869167833715 0.13031804193514568
