0.167341543755114 0.5629389519178822 0.16801422922467246
0.0 0.5521339816315505 0.0
0.18522562521482278 0.5569962182603998 0.18372431826882574
0.0 0.5515937331172339 0.0
0.00232160882056065 0.5623987034035657 0.002555459762719703
0.0 0.5548352242031335 0.0
0.0 0.5440302539168017 0.0
0.0 0.5337655321447866 0.0
0.02965780843371313 0.5391680172879525 0.03152496837832153
0.0 0.5602377093462994 0.0
0.021356317093311317 0.5564559697460832 0.019625854862800884
0.0 0.5494327390599676 0.0
0.0 0.5424095083738519 0.0
0.018849679607019 0.529443544030254 0.019336982278613912
0.0 0.5413290113452188 0.0
7.693812349229834e-05 0.5532144786601837 0.0013061148675956313
0.0 0.5478119935170178 0.0
0.0 0.5456509994597515 0.0
0.00477909775603691 0.5510534846029174 0.006143890589616674
0.022101232838618645 0.5483522420313344 0.023267667538121817
0.006554528209277932 0.539708265802269 0.008660674342861108
0.08244618922659519 0.5753646677471637 0.08163175367654191
0.0 0.5386277687736358 0.0
0.011396505842878546 0.5375472717450027 0.012429616848741332
0.05372867363786471 0.548892490545651 0.049285824192002725
0.005988023952095856 0.5429497568881686 0.005620696072957343
0.0 0.5478119935170178 0.0
0.0 0.5251215559157212 0.0
0.0 0.548892490545651 0.0
0.0 0.5526742301458671 0.0
0.0 0.5359265262020529 0.0
0.09009722675367049 0.5656401944894651 0.08826243173235654
0.03584496902286627 0.5321447866018368 0.03550679190072764
0.02763541470754194 0.5548352242031335 0.029384704573429177
0.02134554887996698 0.5542949756888168 0.024906207003514536
0.36021103084880657 0.5996758508914101 0.3628511413676775
0.04700685618995526 0.5591572123176661 0.056347753096551045
0.40560176239902923 0.5753646677471637 0.40565824505797826
0.013310280759702753 0.5580767152890329 0.022430830347061614
0.005435839967626199 0.546191247974068 0.004685943409565019
0.0 0.5494327390599676 0.0
0.06969205834683956 0.5548352242031335 0.06822833641393955
0.0 0.5526742301458671 0.0
0.08000616917537817 0.55537547271745 0.08004856821176937
0.0 0.5548352242031335 0.0
0.0 0.5418692598595354 0.0
0.0 0.5434900054024852 0.0
0.0 0.5407887628309023 0.0
0.023832870294710484 0.5424095083738519 0.02537495711825799
0.0 0.5418692598595354 0.0
