0.0 0.7545514852214933 0.0
0.018998203322364668 0.7593425222967495 0.028848965185646613
0.1418341408752605 0.8100538070317682 0.16722398622701343
0.15815658912169153 0.8130021375396181 0.14827037208136395
0.0007027248956294582 0.7579420653055208 0.009895146984478648
0.006229671133042015 0.7547726100095821 0.005499792344483792
0.10543853582716023 0.7676715559814256 0.1340664022741772
0.0 0.7528561951794797 0.0
0.14199516508406657 0.7796860028009139 0.17144809978697856
0.240853362119859 0.8026829807621434 0.30109070269645977
0.0 0.7507923638239846 0.0
0.002601070029916671 0.7526350703913909 0.003843443474811319
0.014972817880548923 0.7638387263212206 0.012170394538189267
0.02951011413211705 0.7579420653055208 0.03625265949496765
0.0 0.7533721530183534 0.0
0.0003216001943386823 0.750571239035896 0.019398098885256395
0.0 0.7489496572565785 0.0
0.0 0.7511609051374659 0.0
0.0958970459338199 0.7843296233507776 0.12154207634254044
0.0 0.7442323284440185 0.0
0.17131025825816312 0.7762217144541903 0.19654524779559635
0.2892516878558743 0.7978919436868873 0.29782572309355015
0.09846589054509847 0.7804967936905727 0.1338897122443351
0.007353063792203312 0.7521191125525172 0.01046702817257084
0.021932941239085374 0.7597110636102307 0.03373045554330168
0.0 0.7531510282302646 0.0
0.26004346896516345 0.8074740178373996 0.2992807758188975
0.016753597389846983 0.7569838578904695 0.013816668534884042
0.05956601470750616 0.7776958797081153 0.040994995168317803
0.2646354264803594 0.804009729490676 0.3315961481200498
0.010057752736399812 0.7601533131864082 0.009118168461104411
0.21709113866907456 0.7988501511019386 0.2281372690188708
0.03921792104122251 0.7601533131864082 0.04193429534192954
0.08675193738349743 0.7693668460234392 0.10510083092421264
0.2106399878861618 0.7882361612736788 0.12263155938184726
0.2541470129323533 0.8183828407164443 0.32162857220378716
0.011278842768270089 0.7612589371268519 0.01639361235423572
0.00999234861540978 0.7552885678484558 0.01551825564212514
0.23407872132871527 0.8255325421979804 0.2112569736779197
0.0 0.749686739883541 0.0
0.0386674623896556 0.7769587970811528 0.01014202888028166
0.0 0.7463698680622097 0.0
0.013441169298743408 0.7546251934841895 0.01768104362898791
0.007544861761751006 0.7495393233581484 0.002210707151933707
0.020226229462801053 0.7587528561951795 0.027505201148990688
0.047545120633261 0.7606692710252819 0.06184025374018261
0.0724935254612577 0.7712832608535417 0.09270061520513505
0.0 0.755951942212722 0.0
0.03135652784792905 0.7656077246259305 0.03703261642792905
0.2694604400117464 0.8017984816097885 0.27652585420129294
