0.2013621794871795 0.6723484848484849 0.16230147737041256
0.20015598682409164 0.6515151515151515 0.15957056287925162
0.19646110413948703 0.6691919191919192 0.1630031898780297
0.22449540779849309 0.663510101010101 0.18086982393379905
0.22612604317510265 0.67739898989899 0.18299270063529335
0.2366789335559078 0.6609848484848485 0.19647811386034406
0.23498411016949156 0.6919191919191919 0.19469004385781105
0.21360355762921923 0.6578282828282829 0.17310332807046055
0.22929390494588497 0.6578282828282829 0.1883572859880168
0.24215892254764915 0.6717171717171717 0.2037405848315796
0.22627693052529652 0.6597222222222222 0.18990924012733773
0.20722294693696197 0.6647727272727273 0.1773565908047799
0.2249475890985324 0.6698232323232324 0.1862379063390738
0.23762484508274406 0.6679292929292929 0.19456387128601135
0.22230412370282104 0.672979797979798 0.19603015992065803
0.2238414885473709 0.6515151515151515 0.1976207382142475
0.19204406118715944 0.6641414141414141 0.16358110426830394
0.2206456580322279 0.6521464646464646 0.19129001387191388
0.25912256681945356 0.6515151515151515 0.22160635365257214
0.24156097268946336 0.663510101010101 0.20561510380617254
0.24062499999999998 0.6685606060606061 0.19529610275740306
0.25157922558477597 0.6628787878787878 0.21032002656981796
0.17809560735605756 0.6685606060606061 0.14684884546507168
0.20487953696092476 0.6502525252525253 0.17960214943868555
0.24249127201982784 0.6698232323232324 0.19926049933915235
0.2515553904726531 0.6717171717171717 0.22013044023579578
0.2224479660481286 0.6698232323232324 0.18989025376805926
0.21160269528490577 0.6628787878787878 0.1733565119552699
0.2146861685715598 0.6786616161616161 0.17509554265198893
0.261437908496732 0.6704545454545454 0.22122284820218938
0.18765012754497912 0.6830808080808081 0.1412308967351706
0.20528383967220043 0.6597222222222222 0.1742813228486069
0.2338384597967484 0.6685606060606061 0.18985812465554475
0.21935911016949156 0.6502525252525253 0.18070994202087812
0.22919053649319587 0.6458333333333334 0.19209430216714152
0.26411040208868813 0.6761363636363636 0.22902079393028607
0.23017643378519287 0.6609848484848485 0.191372335362182
0.21782524685441296 0.6672979797979798 0.1800406388048393
0.2215172663826701 0.678030303030303 0.177632083622654
0.23357654386979615 0.6597222222222222 0.1908360249968324
0.23743715481586047 0.6559343434343434 0.2034454148262507
0.2201076120959332 0.672979797979798 0.1786428575914159
0.23901024200126886 0.6691919191919192 0.1956504833146358
0.23208427498724216 0.6723484848484849 0.18064297937939075
0.20001581152660286 0.6710858585858586 0.15892848443427438
0.2206537341590452 0.6546717171717171 0.19743373651436516
0.21830484330484334 0.6805555555555556 0.17420143758434412
0.22855627131489198 0.6837121212121212 0.18910355317963382
0.22803052921372596 0.6710858585858586 0.20068831099133091
0.2026852603647869 0.6439393939393939 0.17392755069186863
