0.1581395348837209 0.6933333333333334 0.17153846153846158
0.22815533980582525 0.67 0.25841657417684055
0.21585557299843017 0.6966666666666667 0.23331326692175752
0.15939153439153442 0.6966666666666667 0.15797933888655086
0.11627906976744184 0.67 0.13104487077850008
0.08746703816110246 0.67 0.1719957902793724
0.18450989558983955 0.6733333333333333 0.22456843313690106
0.09777015437392789 0.6933333333333334 0.17750166280446794
0.10068878489931121 0.6966666666666667 0.14184538848737688
0.14460784313725494 0.69 0.18292163391581756
0.17520717064096059 0.67 0.2158446712018141
0.0 0.7366666666666667 0.0
0.1428571428571429 0.72 0.1777777777777778
0.07074957145083371 0.6533333333333333 0.09454452648077877
0.021739130434782594 0.7266666666666667 0.01785714285714285
0.03848782796151218 0.68 0.11689436002337816
0.17045454545454541 0.72 0.19367448471926085
0.14796826938643348 0.7166666666666667 0.1572563612763767
0.056052808234504425 0.6633333333333333 0.13560988549546898
0.2364296731180655 0.69 0.27521486115236116
0.282194076191415 0.68 0.30932318472386466
0.05568609022556392 0.7066666666666667 0.08223313166529944
0.15728277679133973 0.7333333333333333 0.1548323531814098
0.1549010441016052 0.7166666666666667 0.16544006948465545
0.0029264214046823556 0.7066666666666667 0.07847744360902253
0.06249026024622095 0.68 0.08044731186615278
0.16666666666666663 0.69 0.19233110164333533
0.0921694480102695 0.74 0.11991465514292554
0.16776556776556772 0.7133333333333334 0.2118564122095135
0.22539682539682537 0.7 0.23764998348074268
0.20648278011531873 0.6766666666666666 0.21324777460893607
0.11681470770501967 0.7633333333333333 0.11547438069177202
0.16000000000000003 0.69 0.17871213869859554
0.1439675753706069 0.64 0.12759939474707088
0.14958197987113264 0.7233333333333334 0.19539117824988433
0.15806878306878303 0.6733333333333333 0.1697101917690153
0.08260160891739843 0.7166666666666667 0.09361411765870364
0.06220565149136581 0.5966666666666667 0.06353333749791773
0.26136363636363635 0.7533333333333333 0.30888369374634717
0.12374581939799323 0.7033333333333334 0.18744443757664275
0.11244113029827318 0.7133333333333334 0.121741452991453
0.029657976560631405 0.6666666666666666 0.026916757940854297
0.004905808477237095 0.7066666666666667 0.0344647982170001
0.16842105263157892 0.71 0.19281524926686217
0.2763321558286481 0.6766666666666666 0.3167057316751218
0.2195121951219512 0.7266666666666667 0.2576923076923077
0.17582417582417587 0.7433333333333333 0.20244716351501668
0.07425742574257421 0.6733333333333333 0.07512820512820512
0.15217391304347827 0.6866666666666666 0.1754563894523326
0.2859407272203276 0.6466666666666666 0.27010482058436025
