0.14398887276245764 0.6723484848484849 0.0952340962416166
0.18972777460498758 0.6559343434343434 0.14942789463338987
0.18296248151782968 0.6691919191919192 0.1508522702555289
0.19894080996884733 0.663510101010101 0.1646237813908199
0.17227161704914118 0.67739898989899 0.1288298326111397
0.15258996761776744 0.6609848484848485 0.12097184796874899
0.1661854612968463 0.6919191919191919 0.1276371277255842
0.18705966407924535 0.6578282828282829 0.1605397703219649
0.1689294157379264 0.6578282828282829 0.14519514163628414
0.16388312148680806 0.6717171717171717 0.14791261471479256
0.15033392394711742 0.6597222222222222 0.11650139466389464
0.18280654782411832 0.6647727272727273 0.15184149688995652
0.21281711159011774 0.6698232323232324 0.17231510474209813
0.13184335443037976 0.6679292929292929 0.09551103183082119
0.12872092406473312 0.6723484848484849 0.1027564966097633
0.13658423082036963 0.6515151515151515 0.12148753643289945
0.1965613734954481 0.6641414141414141 0.1751495127602998
0.18147769234056355 0.6521464646464646 0.14645471439152344
0.16050256996002288 0.6515151515151515 0.11059520467023015
0.14529914529914534 0.663510101010101 0.1274542419423894
0.17775493421052635 0.6685606060606061 0.14295750653842446
0.1512998854913271 0.6628787878787878 0.10951820818305072
0.16165483536076763 0.6685606060606061 0.12489806110542367
0.18924720397211492 0.6502525252525253 0.17478448562326007
0.14264845688315908 0.6698232323232324 0.08555431588023676
0.16181657848324515 0.6717171717171717 0.13550215409019598
0.19697637211027885 0.6698232323232324 0.16416609004236069
0.15775796205285741 0.6628787878787878 0.1330936189948904
0.16225328947368423 0.6786616161616161 0.12998619786007667
0.17338178333266785 0.6704545454545454 0.13808465045331333
0.19006971262350159 0.6830808080808081 0.15996907444739247
0.13431583875466946 0.6597222222222222 0.10321557660208017
0.18623250116188783 0.6685606060606061 0.14399203766891286
0.18712364936746173 0.6502525252525253 0.16032129379281118
0.13588926966904413 0.6458333333333334 0.10131540430617905
0.16190366067321393 0.6761363636363636 0.13402364380598153
0.17882195746576102 0.6609848484848485 0.14820744950151882
0.15906954158961062 0.6672979797979798 0.11388431581043068
0.1914020931698196 0.678030303030303 0.16235088179358206
0.16069065702011742 0.6597222222222222 0.1387787869885727
0.17120362297151326 0.6559343434343434 0.13634922780928382
0.1504791504791505 0.672979797979798 0.10560526745006718
0.17791482031794448 0.6691919191919192 0.13435075401601634
0.16558854062737594 0.6723484848484849 0.11224518773229478
0.18761446886446886 0.6710858585858586 0.1476708026979029
0.13042328042328044 0.6546717171717171 0.09402421877300118
0.16871921182266003 0.6805555555555556 0.10711766064310982
0.15360349064647172 0.6837121212121212 0.11657325560278195
0.1937421867735637 0.6710858585858586 0.16458019828273
0.1819097502014505 0.6439393939393939 0.1569607409078814
