0.06186447230259315 0.787415546304511 0.01847066837375784
0.0694465381320864 0.7838667849587115 0.002704432373503436
0.06528585808587514 0.7870743192520303 0.0034089308097636564
0.06923645136299836 0.7843445028321845 0.0020553003941770898
0.07335140618799632 0.7903500989558452 0.00471787086868735
0.06245673992085435 0.7915785163447758 0.009838797639646277
0.06582847071668596 0.7789531154029892 0.004030019667582693
0.0679072135877942 0.7862553743260766 0.011233702987305506
0.06829430941077519 0.7850952023476421 0.009094239232916572
0.05744942903485267 0.7773152255510817 0.00969015336517931
0.07147700185761066 0.785982392684092 0.00850475899342265
0.060989112788552236 0.7847539752951614 0.01698569091814594
0.06827897845998815 0.7881662458199686 0.017333634873312923
0.06243119200498928 0.7885757182829455 0.00813141662961829
0.0607985574156914 0.7840032757797039 0.003744620960004233
0.07519457292708026 0.7889851907459223 0.01777997840855721
0.05477710878854264 0.7903500989558452 0.019751150167720583
0.05148535517151259 0.7900771173138607 0.02155037304646675
0.052452873201832034 0.7816146864123388 0.009370218311129913
0.044433276298516386 0.789804135671876 0.023483372897415283
0.06298747130289598 0.7850952023476421 0.004334309862573618
0.0028503090440166745 0.7775882071930663 0.0840465845201169
0.07482317759115306 0.7837302941377192 0.002699930893610647
0.05617348360642807 0.7827748583907732 0.010383282086294347
0.06973779891000575 0.7859141472735959 0.003248060907404815
0.05857635213790213 0.7825018767487887 0.026111282628595307
0.07624212132707703 0.7870743192520303 0.011802695451731994
0.06264406180484128 0.7916467617552719 0.0147766187837826
0.07967093348383486 0.78884869992493 0.005291128267503685
0.047642486621681746 0.7861871289155804 0.026477612013530112
0.06225802110678377 0.7872790554835187 0.01046580982000734
0.07350271449038243 0.7826383675697809 0.006553473759719215
0.06958512517479212 0.7840032757797039 0.012980414209587246
0.0676199871658128 0.7886439636934416 0.016719270829863915
0.06480297880292327 0.7902818535453491 0.028498516657205923
0.055725889846773735 0.7872790554835187 0.008003803750112073
0.06426717983740995 0.7860506380945882 0.007748346854697691
0.07099139355620493 0.783116085443254 0.0018301385449367782
0.06986497407465539 0.7848904661161537 0.002384991675985708
0.07213589021088354 0.792124479628745 0.01015782979562508
0.06784655689258315 0.7876202825359995 0.003493902582718575
0.061355262609226385 0.7890534361564184 0.003607043564548905
0.060484337864003174 0.78884869992493 0.017271176273402418
0.073422109524125 0.7856411656316112 0.009582702845836004
0.07109951027945974 0.7899406264928683 0.02564053192239258
0.06745378128439145 0.7861188835050843 0.0030981338612211876
0.06708882661986865 0.7881662458199686 0.01955233740827831
0.07723244136910323 0.7887122091039378 0.002685734540087581
0.060509370259967 0.7870743192520303 0.014754433546981395
0.058523191879467945 0.7889851907459223 0.015105581043056072
