0.03360793853051666 0.8043404081075548 0.015741486884582684
0.04984601966115844 0.8018835733296936 0.015101170095838917
0.04204554475614451 0.8012011192247321 0.019479250362269992
0.05918656663809266 0.7999044564253054 0.03527948008114219
0.04713964217413057 0.8020200641506858 0.015184223391294466
0.06182859887320526 0.8065925066539276 0.031221119188024286
0.06805469685190449 0.7961509588480175 0.033826352843498525
0.04966079571395823 0.801132873814236 0.012229026689639204
0.04810457795902222 0.8031802361291203 0.009635244904166188
0.057963121174658294 0.795946222616529 0.03707336025297342
0.04041826587140836 0.8024295366136628 0.028671119666538458
0.041470471444316884 0.8028390090766396 0.00796487742397703
0.05249060892014164 0.8066607520644237 0.015658986029061104
0.05252428367650934 0.8063877704224391 0.026274431288187905
0.04506898138584042 0.8031802361291203 0.00892958593110994
0.0662069819929087 0.804886371391524 0.04879669482286567
0.051440210685981355 0.8055005800859892 0.016653592462787633
0.04692679955963988 0.8062512796014468 0.011047329345282329
0.053885758138257495 0.8005869105302669 0.027333613405394405
0.04861239701728552 0.8051593530335085 0.012505917002942336
0.05247020230954273 0.8010646284037398 0.02312721004096206
0.04942493407505255 0.8005186651197707 0.014933277238890184
0.05400915029155415 0.7997679656043131 0.012661102176640331
0.04118498212025577 0.8031802361291203 0.010206174438499756
0.060213174117916254 0.803043745308128 0.03654850200772718
0.046857727058327886 0.7992220023203439 0.028201200002638545
0.050853605792707035 0.801132873814236 0.01870181098839636
0.04607703725331312 0.8066607520644237 0.008310409268037954
0.05723826421625193 0.8042039172865625 0.031064419129782785
0.046098913144449624 0.804476898928547 0.017334027963662575
0.04827161651913697 0.8048181259810278 0.02227678854122755
0.04528256684047062 0.8026342728451512 0.00764293449623606
0.049359412443966036 0.8026342728451512 0.01189123935334106
0.05342044916827432 0.8050228622125162 0.028797797311596814
0.05458593590339063 0.8040674264655702 0.01004192551594579
0.04178532570832259 0.8055005800859892 0.014034894276431863
0.0511082319084232 0.801610591687709 0.0282344652844646
0.05129486755935056 0.800655155940763 0.014971639381574423
0.053082538948169444 0.800655155940763 0.02473531643835528
0.05298794197456584 0.8113014399781615 0.022601537890241368
0.04409101006996326 0.8059782979594622 0.01717703797579062
0.05306832292958949 0.8052958438545008 0.019218353240354348
0.04665517785343096 0.8046816351600354 0.024066700946192433
0.047050138109490436 0.800655155940763 0.008853459650524649
0.05715474427710164 0.8035897085920972 0.027263843339622486
0.05356546942849112 0.8032484815396165 0.03678797492200416
0.04080073805542485 0.8078891694533543 0.007273029958085653
0.0555185902607825 0.8049546168020201 0.025503846376602222
0.05448964809211826 0.8024295366136628 0.03668587461319205
0.04883695063855825 0.8018835733296936 0.020334733263394647
