0.0012820512820512775 0.6622474747474747 0.04262082189569899
0.078838064103947 0.6464646464646465 0.03761641362369331
0.04295975558609444 0.6540404040404041 0.03109054086061047
0.01831380960237583 0.63510101010101 0.05720684627665745
0.03476273782718242 0.6470959595959596 0.07584897554249614
0.20694313628783367 0.6616161616161617 0.1667840367330799
0.12105402542372878 0.6868686868686869 0.07975114693012603
0.1804694904133557 0.6546717171717171 0.14104319814720387
0.1194343314263071 0.6496212121212122 0.07691690586351019
0.11054768262365333 0.6616161616161617 0.06866393553700051
0.03189300411522633 0.6243686868686869 0.06380365466495855
0.13266678135903776 0.6641414141414141 0.09961605172887314
0.02878107217729864 0.6420454545454546 0.06792501874060405
0.029306699715681228 0.639520202020202 0.06901865860732093
0.04716368378168889 0.6496212121212122 0.02457323429570063
0.12009067891420833 0.6439393939393939 0.0938835077004925
0.0073971336107258034 0.6527777777777778 0.03482929566491677
0.19776714513556615 0.6559343434343434 0.1665918617732029
0.15774748496934343 0.6464646464646465 0.11978585878795961
0.09100629757060447 0.6553030303030303 0.05407202901694852
0.10416666666666663 0.6553030303030303 0.05646967281642207
0.19156865336328793 0.6578282828282829 0.15117718134761693
0.038351237708150854 0.6477272727272727 0.06716210877982803
0.1536672796454327 0.6565656565656566 0.12262007552884546
0.07235562188524369 0.6369949494949495 0.05632411364390513
0.18712972420837592 0.6685606060606061 0.1563059416439575
0.06755760229957708 0.6584595959595959 0.034373191100478734
0.017481632457238883 0.6420454545454546 0.04196364627272828
0.030112849330716118 0.6628787878787878 0.02598769294716244
0.11322924231420961 0.6470959595959596 0.07833544856594524
0.05159651128959142 0.6685606060606061 0.0038779523226628587
0.01786833803669452 0.6477272727272727 0.052051433914280715
0.17062024946162635 0.6603535353535354 0.12848896853711533
0.006249999999999978 0.61489898989899 0.03953472110288336
0.11011276608575049 0.6433080808080808 0.0713849366749171
0.2352903973858964 0.6799242424242424 0.1971575509402038
0.06165255474452558 0.6426767676767676 0.04189651087291532
0.17079738920078502 0.6590909090909091 0.13356882637709858
0.05369346505936734 0.6603535353535354 0.03511623523905502
0.017430556843647693 0.6464646464646465 0.027328502682136574
0.15329023949278053 0.6458333333333334 0.11968646933341592
0.14319749739311782 0.6628787878787878 0.10384340462411398
0.1466690836581166 0.6590909090909091 0.10437418424186468
0.13968068819712764 0.6590909090909091 0.08938988444122065
0.14128271850604623 0.6742424242424242 0.09677641886409699
0.012121560103350637 0.639520202020202 0.04601286196729387
0.0743114909781577 0.6609848484848485 0.04076586781620081
0.061922445370721224 0.6641414141414141 0.053778450786386656
0.08395863677526516 0.6534090909090909 0.05856827935488787
0.16165970519055473 0.6388888888888888 0.13434357497818433
