0.06585189313468992 0.7913055347027912 0.006671053692205511
0.068387121690583 0.7865283559680611 0.004545412842675331
0.06946047624616244 0.7875520371255033 0.012244800760702647
0.07522429368907099 0.7872108100730226 0.014308547551688484
0.08045298261717843 0.7918514979867604 0.01679422930611501
0.0755915143851161 0.7958779772060329 0.017197143760548712
0.07534993741890292 0.7849587115266499 0.016070082356937597
0.07649359365710875 0.7904183443663414 0.013467578683568605
0.07268532546342177 0.7891216815669146 0.019073313427395003
0.056849686475908046 0.7816829318228349 0.009144407801195388
0.07745349978378341 0.7894629086193954 0.025094273720855674
0.05772468093700514 0.7873473008940148 0.010135386947693309
0.009709992089694114 0.7821606496963079 0.057016366263125666
0.07071740443030763 0.7904865897768375 0.012873283448710506
0.06814620139496672 0.7893946632088992 0.016176057020486023
0.07512378666377553 0.7934211424281717 0.02178033425043844
0.07752951922916565 0.7936941240701563 0.017378363211950736
0.05863617202769644 0.7919879888077527 0.005577541799342167
0.003236668616119376 0.7773152255510817 0.08403274959130044
0.06977063990746427 0.7949225414590869 0.01718588041591968
0.0630724927321751 0.7881662458199686 0.0018641913991538361
0.07394265942933914 0.7876202825359995 0.011641956371255709
0.08179649183356694 0.7880980004094724 0.016014405633534852
0.062482534801570316 0.7858459018630997 0.003973096197964758
0.07641147061001488 0.7901453627243568 0.020534299021521665
0.06821978310981047 0.7868013376100457 0.012888923996519398
0.08182063446525298 0.7915102709342797 0.013629670317430967
0.07073820359962035 0.7922609704497372 0.0040697311766603045
0.016340148521557907 0.7827748583907732 0.06876534678269736
0.002069993440030976 0.7811369685388657 0.07822273509983084
0.06370258938343673 0.7900088719033646 0.004344322022139163
0.06885432497404415 0.785982392684092 0.005873335082573775
0.06815426630811014 0.7865966013785572 0.01919177554160815
0.07288783840122312 0.7917150071657681 0.023120058993750525
0.06901770968540247 0.7945813144066062 0.01718601383071676
0.009296949425965984 0.783116085443254 0.05984542136233291
0.06370376956781618 0.7884392274619532 0.005188133874247054
0.0787348268353101 0.7871425646625264 0.02159424480986969
0.07913656829725968 0.7895993994403876 0.023332716825056582
0.07717865559110587 0.795946222616529 0.024329689127223435
0.07425627331219636 0.7919197433972566 0.01616841742325957
0.010555811495713996 0.7825701221592848 0.08891000606277127
0.07090010252611328 0.7933528970176755 0.004795887443802951
0.07838025224394946 0.7903500989558452 0.02064346658781424
0.08086598013738666 0.7936941240701563 0.009081610562957039
0.07439627945882107 0.7914420255237835 0.014393569982525424
0.003655210658862651 0.7809322323073773 0.07617700418028081
0.08283099383896494 0.7943083327646215 0.013953384037311674
0.0007215823377146602 0.7795673240974544 0.08503168814292117
0.0767319574945431 0.7917150071657681 0.015309429769047839
