0.025767028449218743 0.8032484815396165 0.026967771651253795
0.0229488054440595 0.8010646284037398 0.04289178521516871
0.010377357784038727 0.7990855114993517 0.04527367827504985
0.05369647878315903 0.7990855114993517 0.025778759754000673
0.013078178753502756 0.7998362110148093 0.04201852748229668
0.04827391522985848 0.8055005800859892 0.011824451408454315
0.028798232559289233 0.7951272776905753 0.030617206186832245
0.016434082973858233 0.8001091926567938 0.03639278372971541
0.014311146259831348 0.8024295366136628 0.043058478478321636
0.05314846050751604 0.7964921859004982 0.026425767237473828
0.013741346488077372 0.801132873814236 0.05034021795379246
0.015185631250981824 0.8024977820241589 0.03769124606719891
0.047896145749408744 0.8065925066539276 0.008507709213520901
0.01713310560159867 0.8045451443390432 0.029260501995118593
0.04023786512174088 0.8032484815396165 0.005023450498536398
0.032541611138243956 0.8036579540025933 0.003895244184707658
0.016818333841360167 0.803521463181601 0.03448818439730879
0.021657848534112456 0.8056370709069816 0.03296938528613974
0.049714004339605766 0.7998362110148093 0.019575099801880113
0.017104756530198967 0.804476898928547 0.034652373379905906
0.027850226176377557 0.800655155940763 0.024369981304168432
0.03968408757650441 0.8002456834777861 0.011157439513839094
0.016253263414261532 0.7982665665733979 0.046427943408302766
0.02823127785362009 0.801610591687709 0.022557674651660434
0.0287878563275471 0.8014058554562206 0.012217750307228159
0.031121022977925752 0.7984713028048863 0.005163319375415587
0.04935527075942793 0.800655155940763 0.015792437587407095
0.033800233829113735 0.8063195250119429 0.01684648257554911
0.04757726603373161 0.803521463181601 0.017352619715818557
0.03996529493729681 0.8038626902340817 0.028383188533721713
0.04335190283536487 0.805432334675493 0.012149967821762416
0.006897320412535463 0.8009281375827476 0.04953431418090352
0.019064806748676166 0.8014058554562206 0.030550031384838666
0.015064474785770526 0.8032484815396165 0.024494420237342905
0.05672572224802601 0.8028390090766396 0.015303167581998803
0.006864066099237787 0.8048181259810278 0.04121531292120046
0.01286221735997245 0.7999044564253054 0.027989918036897578
0.0348131926964739 0.7994267385518324 0.015928757952354204
0.05128666876855338 0.8007916467617553 0.019381204431759207
0.04487874468712322 0.8103460042312155 0.009429308270953583
0.03716326943618553 0.8059782979594622 0.004369980425233993
0.050559791085559 0.8055688254964853 0.01532794887913946
0.008447086965875067 0.8024295366136628 0.03172058776377621
0.014902102785417648 0.7999727018358015 0.04119729168295357
0.052427504170649036 0.8039991810550741 0.01755904211151154
0.022760763309632892 0.8022930457926705 0.010100591603137012
0.013691076932233925 0.8063195250119429 0.024084610290729842
0.050013931924922025 0.805432334675493 0.014474215091365362
0.04865048702464715 0.8029072544871357 0.027669414075227158
0.04327334856892179 0.802088309561182 0.013404482504081563
