0.10238268021286895 0.6534090909090909 0.13996167959698275
0.021450599657338643 0.6464646464646465 0.040340689976547356
0.01453197059425193 0.6534090909090909 0.03770267306913161
0.15401869158878512 0.6609848484848485 0.11747923700296575
0.11392319968927322 0.6679292929292929 0.06848457096226887
0.016748335064459052 0.6578282828282829 0.056195782640738684
0.04890427595207458 0.6755050505050505 0.08998198469671265
0.08710931350585505 0.6521464646464646 0.06226954618981009
0.05007317347742879 0.6546717171717171 0.06490236274212366
0.03798045272699646 0.672979797979798 0.03467070285219109
0.05528145018399888 0.6527777777777778 0.04919167532917529
0.07702453957535604 0.6616161616161617 0.04431438758148379
0.12307489734411414 0.6698232323232324 0.07554514826970943
0.009770569620253133 0.6647727272727273 0.051109154804678314
0.041484909182299634 0.6679292929292929 0.010454969541503961
0.05009307272969021 0.6426767676767676 0.031198112820033125
0.11317651371662496 0.6647727272727273 0.08574865152018393
0.1330063872626771 0.6553030303030303 0.09143917363419973
0.01915096135541594 0.6458333333333334 0.0746566727778897
0.09142709142709138 0.6685606060606061 0.06264749971629235
0.06451480263157894 0.6666666666666666 0.0293965322316177
0.07262818609779886 0.6603535353535354 0.03851811705420405
0.06753409737296545 0.6590909090909091 0.03683433481526158
0.07960278850494007 0.6540404040404041 0.05831755717770437
0.004196906810118972 0.6527777777777778 0.04882808241139219
0.05749559082892419 0.6672979797979798 0.08209343284278664
0.029726157627472438 0.6628787878787878 0.040974926738462425
0.08765858675048843 0.6616161616161617 0.06232790925849929
0.05308388157894739 0.6742424242424242 0.016086001424320595
0.10540869704108935 0.6672979797979798 0.07006957948260045
0.0914489192035709 0.6792929292929293 0.054618093054191186
0.019048640845826026 0.6571969696969697 0.05701485942823986
0.11783558412740203 0.6672979797979798 0.07553056815273504
0.0024071059613683943 0.6319444444444444 0.07127251507887297
0.03824943387544044 0.6401515151515151 0.07565723626163531
0.04233038311007664 0.6717171717171717 0.07984077834038425
0.12496407143763444 0.6603535353535354 0.09349465715282343
0.10798524656218034 0.6540404040404041 0.06666391244635125
0.06944343998925517 0.6786616161616161 0.03978135475971378
0.07438960285667684 0.6597222222222222 0.04850747684247428
0.07326887289668549 0.6559343434343434 0.03268585808125232
0.10049210049210044 0.6660353535353535 0.05679437140948837
0.08463531051531215 0.6666666666666666 0.04175394620973297
0.1170842352798539 0.6704545454545454 0.06319349551712508
0.05322802197802201 0.6672979797979798 0.055222482189942995
0.0379188712522045 0.6654040404040404 0.0036087865184501466
0.04467084639498431 0.6666666666666666 0.01030337228013109
0.03039771302472538 0.6799242424242424 0.023764195888439088
0.10702957919641287 0.6584595959595959 0.06584299666578144
0.09249756138937182 0.6319444444444444 0.06839526443915456
