0.061559507523939794 0.6966666666666667 0.09294871794871795
0.01941747572815533 0.7 0.01307189542483661
0.030219780219780223 0.6766666666666666 0.07258337181686242
0.011904761904761862 0.67 0.01315789473684209
0.1813953488372092 0.69 0.1982056973732889
0.01005025125628145 0.6633333333333333 0.011423650975889765
0.1323048153342683 0.71 0.16718327725593746
0.08361921097770153 0.6966666666666667 0.16441947845966282
0.07056101792943903 0.7066666666666667 0.10264508294651076
0.03308823529411764 0.6766666666666666 0.1080564701388344
0.2624725181802807 0.67 0.29520975056689347
0.1842105263157895 0.7566666666666667 0.23921568627450984
0.1527777777777778 0.7166666666666667 0.18896011396011397
0.10970858656693161 0.7266666666666667 0.15022170433921794
0.1630434782608695 0.75 0.18353174603174605
0.01098901098901095 0.6766666666666666 0.008474576271186418
0.16102058319039447 0.7133333333333334 0.18718097822575436
0.0 0.69 0.0
0.1585365853658537 0.7233333333333334 0.1841750841750842
0.04950495049504955 0.68 0.044763513513513487
0.15864176235769556 0.6966666666666667 0.16717025869527086
0.13157894736842102 0.7166666666666667 0.16817063166529944
0.19800675869179218 0.73 0.21390692640692643
0.12046127473897461 0.7133333333333334 0.14332175255742136
0.09301839464882944 0.7133333333333334 0.11675020885547205
0.10596852111578614 0.6833333333333333 0.1288221764382005
0.11706349206349209 0.69 0.14309172061454473
0.10038510911424903 0.7466666666666667 0.14414130645473933
0.13699633699633706 0.7266666666666667 0.1653137530573079
0.10952380952380947 0.69 0.11927905255107302
0.20648278011531873 0.6766666666666666 0.21324777460893607
0.004854368932038833 0.7166666666666667 0.003105590062111807
0.0050000000000000044 0.6733333333333333 0.003546099290780147
0.1325301204819277 0.7266666666666667 0.15772669220945085
0.03088556366153683 0.6866666666666666 0.03561001684400317
0.13095238095238093 0.6933333333333334 0.14783653846153844
0.08260160891739843 0.71 0.1000447888982921
0.06593406593406603 0.6766666666666666 0.10573359153756456
0.13829331046312177 0.7466666666666667 0.17420635486308106
0.1270903010033445 0.7266666666666667 0.1715209306430882
0.18151491365777073 0.7 0.20304487179487174
0.08275532169337474 0.68 0.08434647681635626
0.12441130298273151 0.7066666666666667 0.16464840549920312
0.1586649550706033 0.7033333333333334 0.18610383987088902
0.035474401711527936 0.6733333333333333 0.047514508511198206
0.13235623181919887 0.69 0.15124060565870912
0.15526578684473413 0.7466666666666667 0.19734833044307337
0.07880379874722165 0.6766666666666666 0.08675793133420256
0.15217391304347827 0.6866666666666666 0.1754563894523326
0.17431192660550454 0.7 0.20072463768115945
