0.0394843615704788 0.7674504311933368 0.02816692057832046
0.0729156670185428 0.767524139456033 0.012135529595226985
0.04917606478696246 0.7659762659394118 0.012136673581004759
0.05232309855362277 0.7689245964472617 0.023600536896165397
0.046877993755632175 0.767818972506818 0.010183177070965055
0.05884669276708515 0.7712095525908454 0.02676163946814425
0.06167098486822342 0.7714306773789342 0.038268184211682085
0.05257427892741923 0.767524139456033 0.025548305445989877
0.02408600629392471 0.7729048426328592 0.032909899305431534
0.07469359232703604 0.768703471659173 0.026940507687605475
0.05423382175507918 0.7706935947519717 0.0192570390333196
0.06341324917857188 0.7681875138202993 0.0204807423556205
0.05544610597788552 0.7626593941180806 0.034110027927007486
0.07152983006646502 0.7703250534384904 0.007369547599124254
0.0008902839180841005 0.7679663890322105 0.05721380997682177
0.05701322195065944 0.7645758089481831 0.028705696112352908
0.04013866567673652 0.7745264244121766 0.030760860577230403
0.06355206000019542 0.7628805189061694 0.02497702917889469
0.0393919095856608 0.7645758089481831 0.025257185295290585
0.060734164524680334 0.7635438932704356 0.03945216566264195
0.02471493010053183 0.7684823468710843 0.04904256499047166
0.04666435830163623 0.7751160905137466 0.033303207180898214
0.061862021484337226 0.7700302203877054 0.008300464834978982
0.022715668825285806 0.769587970811528 0.05384596292609936
0.05030870992944031 0.7673030146679443 0.03062386076560225
0.08137809851890987 0.7661236824648043 0.018523038164100405
0.05663067522587878 0.7645021006854869 0.01741773774106814
0.0602131607095574 0.7627331023807769 0.02110115942069965
0.0682682113107782 0.767524139456033 0.008498008059412504
0.06714693804677735 0.7676715559814256 0.015902039889996028
0.07734375733021054 0.7595636470848383 0.016674452207432133
0.06575144794814419 0.765755141151323 0.01610824874815059
0.05569751901419556 0.7695142625488317 0.014690233787555906
0.06813652020648386 0.7690720129726543 0.014586898034326251
0.0687474626121064 0.7720203434805042 0.018513027092709355
0.06440441837490757 0.7719466352178079 0.03599349970780043
0.07016170308051567 0.7651654750497531 0.012441548558302068
0.044481174302507975 0.7774010466573303 0.02453479485959119
0.034471453197458146 0.7656814328886268 0.02460382179415843
0.07355931261003373 0.7645021006854869 0.006524966443312186
0.06197037232946012 0.766344807252893 0.017421292535077237
0.07676520792020686 0.7702513451757942 0.018611380217948628
0.06750657999771925 0.7612589371268519 0.007934863848706786
0.06460815281241622 0.7725363013193779 0.023003569395204662
0.06935578698143186 0.7684823468710843 0.015851332817892
0.04584615991445051 0.7662710989901969 0.02495068494946931
0.06424829327029297 0.7625856858553844 0.03356293360514345
0.06918568487925059 0.7625119775926882 0.020396906320918534
0.06541850703364338 0.7682612220829955 0.015252708618353122
0.0438370329644322 0.7708410112773642 0.04061677708253755
