0.07302981885671306 0.6520799567801189 0.04021512587120685
0.08214168449894133 0.6564019448946515 0.07153002508999237
0.0543953797009305 0.6337115072933549 0.016243676701242604
0.05542356097164436 0.6364127498649379 0.027722199196267644
0.009533442619139021 0.6299297676931388 0.024448669692787972
0.0069803021610250204 0.6293895191788222 0.030722033634866502
0.03482377374625856 0.6272285251215559 0.03390533134824342
0.02021082621082615 0.6450567260940032 0.04994861673767656
0.02562574258207384 0.6288492706645057 0.05318998969550012
0.010352947545065772 0.6369529983792545 0.028224653728650406
0.00958289522426825 0.6234467855213398 0.03925879192910087
0.015308463532704764 0.6520799567801189 0.026897718558375083
0.04295651301677439 0.6407347379794706 0.021322117770187526
0.12157972591820465 0.6396542409508373 0.08549535530101232
0.04260957093308104 0.6364127498649379 0.021001987604646333
0.06901224321922483 0.6418152350081038 0.03923250203048331
0.07060327119995091 0.6488384656942193 0.08726365231421415
0.0019251091880547189 0.6288492706645057 0.03433052930839503
0.011053453707871141 0.6407347379794706 0.04619780720507474
0.04298388800337982 0.6283090221501891 0.08067428186977763
0.04166510089812481 0.6358725013506212 0.05794622799593746
0.03284052067237908 0.6337115072933549 0.025392464590212355
0.011738832079016381 0.6434359805510534 0.02384721752147234
0.05265689190017775 0.6391139924365208 0.05165854441500259
0.026266760762173602 0.6580226904376013 0.04812497589194448
0.03282598179834184 0.6396542409508373 0.06187492955060325
0.0882378667466387 0.6585629389519179 0.036795912394808644
0.04721399503961088 0.6472177201512695 0.07832491946368683
0.06982434196811604 0.6304700162074555 0.041874189572189024
0.0047549420533634645 0.624527282549973 0.03595847367971261
0.054045584045584016 0.6661264181523501 0.012548830718977971
0.008088843382034472 0.631010264721772 0.029901306715834103
0.02197648210500558 0.6542409508373852 0.018797222153122906
0.02746330828823923 0.6434359805510534 0.025025734506469333
0.05852091240464474 0.6315505132360886 0.08738572172252104
0.02194291921931457 0.6234467855213398 0.01890073735281747
0.0696174051950097 0.6547811993517018 0.03888410564907965
0.04201092954810237 0.6331712587790383 0.06349994014411814
0.04803244729672368 0.6315505132360886 0.08916335971477123
0.04338587678272415 0.6423554835224203 0.032277431937354634
0.016429491408286978 0.6326310102647218 0.01520218353074504
0.06981358784644309 0.6234467855213398 0.11321788346679348
0.020917772472378027 0.631010264721772 0.05271684818204675
0.0995874587458746 0.6482982171799028 0.07322545768661409
0.018465898593672647 0.6445164775796867 0.024600926711052518
0.060295103957075824 0.6455969746083198 0.036430599739151526
0.05715480860398969 0.6358725013506212 0.032043390507241504
0.03688599811870508 0.6272285251215559 0.04328068112570402
0.09828744673877415 0.624527282549973 0.06306824081872137
0.050205571636645185 0.6418152350081038 0.05465709862976717
