0.19726402188782488 0.73 0.2008974358974359
0.021689733526130905 0.74 0.10546449925282186
0.11420722135007844 0.7233333333333334 0.14099586210435272
0.12764550264550262 0.74 0.047473011228824344
0.14500683994528046 0.64 0.09671793245600126
0.005671923976317217 0.6966666666666667 0.14113407322362545
0.055633473585787685 0.6833333333333333 0.049877080639166155
0.002358490566037763 0.7066666666666667 0.12245247748506596
0.05147484094852517 0.7233333333333334 0.018461719254950354
0.09620098039215685 0.69 0.08908231993647547
0.10265516658210727 0.7266666666666667 0.08550642479213909
0.11959586466165412 0.6866666666666666 0.11457516339869281
0.054894179894179884 0.7066666666666667 0.0738603988603989
0.11002025868786036 0.7133333333333334 0.11429322719023262
0.21404682274247488 0.7466666666666667 0.16271820997430755
0.014616961985383037 0.6933333333333334 0.027060198714202233
0.182032590051458 0.7266666666666667 0.17921810562057602
0.057795046138902406 0.6866666666666666 0.10203511005821062
0.09733721190422917 0.7266666666666667 0.16260281798039236
0.0194537041643863 0.7066666666666667 0.05317360004860003
0.21260657434330493 0.6733333333333333 0.1870381485728742
0.1205357142857143 0.7433333333333333 0.09928860746513535
0.219371098001031 0.7266666666666667 0.12933410928693945
0.04877668692535453 0.6933333333333334 0.09075661069291646
0.05769230769230771 0.6666666666666666 0.10829156223893066
0.22066386161757834 0.71 0.22328050903149033
0.08730158730158732 0.7466666666666667 0.1377443331673399
0.17098844672657254 0.6966666666666667 0.2333899638552843
0.11428571428571432 0.7366666666666667 0.17323996304894804
0.03968253968253971 0.71 0.020950288022342528
0.08960573476702505 0.71 0.15362025754040273
0.022412724643668613 0.6766666666666666 0.058598889033671664
0.015000000000000013 0.6966666666666667 0.05175079404827576
0.08306035200710671 0.6833333333333333 0.10243043160959203
0.015336279887107951 0.7133333333333334 0.023466506233467382
0.03902116402116396 0.7066666666666667 0.08512667887667888
0.032704137967295877 0.6466666666666666 0.08937142121855499
0.02982731554160123 0.71 0.02654662252207235
0.1625214408233276 0.7166666666666667 0.08296864383021389
0.005852842809364545 0.66 0.06022184525621861
0.08143642072213508 0.7233333333333334 0.11121794871794871
0.14302798373594827 0.6733333333333333 0.1849945235487404
0.009026687598116201 0.7333333333333333 0.025390344801635018
0.029781771501925625 0.69 0.016288944871971522
0.17150106970496043 0.6466666666666666 0.17434126721305215
0.12217498321772213 0.6666666666666666 0.1459051724137931
0.013933434986066584 0.7 0.036953297544776026
0.14497878359264504 0.7066666666666667 0.2214211212516297
0.18039297658862874 0.7 0.19469271185485693
0.004611172486670756 0.71 0.12908432147562582
