0.07509755995216416 0.6650459211237169 0.039621125707740346
0.003241491085899495 0.6564019448946515 0.025099379192130428
0.029184875448058756 0.6337115072933549 0.04554871923558035
0.035008149670469835 0.624527282549973 0.04815213793993557
0.07467971115769856 0.62182603997839 0.08591107603304246
0.012233141844308348 0.6364127498649379 0.0435180406283007
0.0348729429323279 0.6272285251215559 0.010161504348752182
0.0019711973284478046 0.6439762290653701 0.03749322233476152
0.022752469976508483 0.6239870340356564 0.038796894862503456
0.045588711994033415 0.624527282549973 0.06355244168423418
0.023291701073493043 0.6234467855213398 0.00413522349812101
0.04348892222478651 0.6547811993517018 0.016097514935870832
0.007580687646229323 0.6434359805510534 0.05300400891217763
0.004214747102280758 0.6391139924365208 0.012174384861464244
0.030330947487775428 0.6364127498649379 0.04694251179503914
0.0480367738149573 0.6396542409508373 0.04114267299390287
0.06703373325959944 0.6385737439222042 0.07535160563586835
0.008700908700908727 0.6266882766072394 0.04748423252585057
0.024466185262830953 0.6407347379794706 0.005016990317114917
0.035220098256311005 0.6320907617504052 0.06119448706447503
0.030196463393603323 0.6353322528363047 0.04979601348667234
0.0337568252755619 0.6407347379794706 0.02842649912545739
0.024845573095401474 0.640194489465154 0.060931908963270165
0.023564348798642443 0.6428957320367369 0.01018153740027486
0.020857779254628728 0.6428957320367369 0.021952626196373365
0.0012021603454123175 0.6547811993517018 0.027969864094346875
0.061931532519767796 0.6520799567801189 0.049590971864380856
0.01737345254655487 0.6499189627228525 0.032851974585774074
0.046628176426691814 0.6293895191788222 0.0299033892829417
0.016329704510108844 0.6272285251215559 0.03583989350725417
0.04532927332782832 0.6645056726094003 0.06409001481584825
0.09472495921696572 0.6196650459211237 0.06726351575577383
0.00985059642541053 0.6537007023230686 0.03374753008333728
0.006954893110149851 0.6482982171799028 0.03671139166081505
0.012601510724164044 0.6342517558076716 0.038359694417795465
0.02998281090160354 0.6320907617504052 0.047857224358554384
0.06784229169875244 0.6493787142085359 0.04498201770017432
0.04090520855575985 0.6283090221501891 0.034328874003166476
0.0496425990916598 0.6396542409508373 0.0024020832854561025
0.017171339854784917 0.6358725013506212 0.036042746351369365
0.03697521313382007 0.637493246893571 0.019222650882869008
0.03970826580226894 0.6418152350081038 0.024898988474522543
0.006634465764191688 0.6239870340356564 0.023410288316716488
0.024098665332604075 0.6520799567801189 0.01234813023931991
0.03328791174235479 0.6493787142085359 0.021554360053677002
0.01504022431278007 0.6385737439222042 0.03947871179551243
0.013200261729327312 0.6423554835224203 0.03924880199516295
0.052999178307313044 0.6358725013506212 0.020890453413128784
0.022272546868068954 0.6266882766072394 0.03171820448322962
0.03799956322341119 0.6509994597514857 0.014920928013017892
