0.0488448282797419 0.7755583400899241 0.09107299635370668
0.0837612354392182 0.7670081816171593 0.05488731740049489
0.05210628272709256 0.7426844549273973 0.07068907588295043
0.053518237691386084 0.7613326453895481 0.07296399911146678
0.07562421005084169 0.7436426623424486 0.05130217707474902
0.08044572167701397 0.746738409375691 0.054222761731267555
0.058955836335518264 0.7485811159430972 0.07273717242067232
0.0643544600673942 0.7433478292916635 0.07346975525147528
0.07249141713326307 0.747917741578831 0.05080634444212656
0.07349577373309718 0.7678926807695142 0.06525644750218482
0.04431429519508895 0.7617748949657257 0.09548767176970528
0.05335286960370844 0.7748949657256579 0.08809850771984112
0.07572844373862209 0.7443797449694111 0.055707301118653185
0.058089223693009284 0.7715043856416304 0.0765193159891294
0.057688937430249054 0.7605218544998894 0.06641685195972397
0.08854420917049943 0.7442323284440185 0.046397967404371465
0.07540903213634076 0.767229306405248 0.07901401171052413
0.06544823971907876 0.7750423822510504 0.07420628190655248
0.042941510373234515 0.7591213975086607 0.08790241404634933
0.06929813117397882 0.7642072676347018 0.07023124446479696
0.05193705996721282 0.7569838578904695 0.08023358958615234
0.08330155312619053 0.7724625930566816 0.05996621143060542
0.06293258527090229 0.7634701850077393 0.07362425062117103
0.05429623297014757 0.7771799218692416 0.08440061605810048
0.0988965647220637 0.745853910223336 0.04095634028291956
0.06389714553915138 0.7507186555612885 0.06988809542562618
0.06706625159770219 0.7633227684823469 0.07192487239483812
0.07535629282902112 0.7423896218766124 0.05309639433621685
0.05817208957694098 0.7660499742021081 0.08798378778473163
0.058794266985332744 0.7650180585243606 0.0745868861043736
0.07017192826995078 0.7630279354315619 0.054527523710491535
0.07412277222270586 0.7439374953932336 0.06773112744816182
0.08670753310061963 0.7678926807695142 0.059252900900179206
0.06298927577824875 0.7783592540723815 0.09170062641486576
0.06386834741252173 0.7774747549200265 0.08328226638088825
0.09191470307327082 0.7472543672145647 0.03942637587865089
0.06905737043443366 0.7470332424264761 0.061667332816063763
0.07412858957342422 0.7475492002653498 0.061701304352001524
0.06301259932326508 0.7612589371268519 0.07217290395195591
0.07856710331271377 0.7450431193336773 0.057772800730061274
0.07546671639935348 0.767818972506818 0.06270955346525328
0.0662226185208526 0.7647232254735756 0.07712735686475454
0.08351457658205624 0.7139382324758605 0.0389497473124816
0.07664267008253645 0.7524876538659984 0.061363861627317995
0.08620173372714612 0.7199823100169529 0.04309986112717318
0.06237218605139416 0.7639124345839169 0.07614661983011663
0.08153082487140328 0.7432004127662711 0.05353698972117821
0.0579770982688535 0.7611852288641556 0.0761361250715896
0.08754977848359968 0.7443797449694111 0.04546980550103252
0.10238958021604638 0.7480651581042235 0.0435317488967622
