0.1821171899784588 0.8069580599985259 0.05308698778081786
0.1956582937518302 0.8064421021596521 0.04683116180855246
0.1680413633041266 0.8048942286430308 0.046569211512779415
0.1903904694914295 0.8039360212279797 0.04990195547877471
0.19962037840252675 0.8049679369057271 0.049070187411104416
0.198944890712629 0.8034937716518021 0.05084534098641902
0.17271065262919016 0.8078425591508808 0.05516903902744304
0.17285390171064652 0.8052627699565121 0.06681160767793154
0.17558033345476717 0.8060735608461709 0.04705705783708446
0.18461005884599307 0.8058524360580821 0.053104406632940776
0.1757300718227958 0.8037886047025872 0.05702063503935459
0.1821417037257845 0.802535564236751 0.0473994438664829
0.1810536996083845 0.8020196063978772 0.05908207664012877
0.18265250925972248 0.8124124714380482 0.04487264251699777
0.20297925157287625 0.8135918036411882 0.06919775486890764
0.18515729927325347 0.8006191494066485 0.050160556184530886
0.1810630954796393 0.8085796417778432 0.0618065795528808
0.19155028275788683 0.8027566890248397 0.05114575889191102
0.2184599452798765 0.7566890248396845 0.07524323500465448
0.19410623261444082 0.8020196063978772 0.053332565539971816
0.19740284135456845 0.7995872337289011 0.056491629602259466
0.20085148086319465 0.811749097073782 0.05118680651240736
0.17148198788378347 0.8033463551264096 0.05037172026080523
0.19073560535845785 0.8062946856342597 0.043142860107048014
0.2064518651112679 0.8061472691088671 0.05840003526335003
0.17886588603490766 0.8094641409301983 0.05474687430581092
0.20778774726143148 0.8044519790668534 0.06128627217127912
0.17844000714023622 0.7995135254662048 0.055662285789923244
0.1687563493533158 0.8048942286430308 0.06573848072835446
0.17868587423267251 0.8073266013120071 0.04899900926559185
0.19491636948501712 0.8029041055502322 0.055165618512611064
0.1927387932329706 0.8036411881771947 0.05792858346782967
0.18795150357587503 0.8059261443207784 0.06308576481501062
0.17683134120228472 0.8055576030072971 0.07065712310177817
0.17444603443490353 0.8048205203803346 0.06503327385625837
0.20959428244693168 0.8073266013120071 0.06400660867245395
0.17260434249935314 0.8040834377533721 0.05382259673076975
0.1830266128261446 0.8163927176236456 0.05356406091628366
0.18904490425643455 0.8034200633891059 0.05170186415483642
0.1987585161631016 0.8012825237709147 0.04933437664710848
0.1969426582121099 0.8062209773715634 0.0549662731972482
0.22948806957375056 0.7689245964472617 0.07107388617301791
0.17893974614168917 0.8029041055502322 0.06629490694196623
0.20123762560080172 0.8076951426254884 0.055230061054953206
0.20122893056123983 0.8107171813960345 0.048463635305441476
0.19207267426544547 0.8033463551264096 0.04707490733879556
0.20208763643636846 0.8057787277953858 0.05241491123263399
0.19726126673831476 0.8043782708041571 0.04825209228530791
0.19792698230812952 0.8026092724994471 0.04621734109942964
0.2000958044060728 0.8043045625414609 0.05990405396635816
