0.09346596968347631 0.6493787142085359 0.062264790079713334
0.11645890651359225 0.653160453808752 0.10624103572127733
0.10008526102992232 0.6369529983792545 0.06272982134193081
0.05542356097164436 0.6364127498649379 0.027722199196267644
0.08531268529175823 0.6234467855213398 0.052022713986259655
0.04790590935169253 0.6342517558076716 0.042095627697567695
0.09405656343534297 0.6283090221501891 0.0814866973623197
0.050951566951566885 0.6472177201512695 0.03068628096192061
0.05617374348205362 0.6299297676931388 0.034225831685810754
0.046904362351230744 0.6418152350081038 0.043881025316182626
0.01577005541689891 0.6223662884927067 0.023388669516892807
0.08475577580471239 0.6477579686655862 0.06563224260610956
0.07540778691686856 0.6407347379794706 0.04477284874640744
0.12157972591820465 0.6396542409508373 0.08549535530101232
0.13183075020010188 0.6385737439222042 0.1129814081795836
0.12377255668089049 0.6488384656942193 0.09385852587935448
0.07060327119995091 0.6488384656942193 0.08726365231421415
0.08514266500144102 0.6320907617504052 0.06923373286976064
0.05911753915513418 0.6380334954078877 0.0295658144523257
0.07853398114185856 0.6299297676931388 0.08268021920199592
0.04166510089812481 0.6358725013506212 0.05794622799593746
0.05491759142201624 0.6353322528363047 0.035184795778215344
0.03590833923931014 0.6407347379794706 0.014303145752322138
0.08079702924765464 0.6396542409508373 0.04085132214599524
0.08467184191954835 0.6591031874662344 0.0652528979665358
0.13438628463433566 0.6499189627228525 0.12284287133839747
0.12982331184085572 0.6574824419232848 0.07840673582865984
0.010902020274988544 0.6461372231226364 0.04494131746028787
0.11727724564695041 0.6304700162074555 0.09609181012647713
0.0047549420533634645 0.624527282549973 0.03595847367971261
0.0949002849002849 0.6682874122096164 0.05142716811200229
0.03469853896743197 0.6293895191788222 0.011139080429909978
0.05686254386415035 0.6526202052944354 0.03239916076638305
0.0831257056098415 0.6493787142085359 0.0508119785595004
0.05852091240464474 0.6315505132360886 0.08738572172252104
0.054479481513778794 0.6229065370070233 0.029604944070238892
0.11158358925899681 0.6574824419232848 0.08228604452060162
0.09808234717027403 0.6272285251215559 0.08416911100280203
0.0133667335396358 0.6396542409508373 0.03231870432056602
0.06378543795831171 0.6418152350081038 0.05374374130601203
0.06459753505272309 0.6407347379794706 0.03239338818316642
0.08814778033840742 0.6509994597514857 0.043850554606216424
0.0428944216629521 0.6283090221501891 0.04264560819910174
0.11182814710042432 0.646677471636953 0.08780372376187268
0.05781424359097531 0.6477579686655862 0.03621795672477557
0.07734741784037552 0.6434359805510534 0.05470792890403717
0.12792020673371873 0.6418152350081038 0.0815216111389912
0.08823731846651528 0.6412749864937871 0.06171527933178053
0.14019408156576296 0.6277687736358725 0.10484371629632377
0.07399841442504473 0.6439762290653701 0.051757886003290454
