0.07509755995216416 0.6650459211237169 0.039621125707740346
0.022690437601296576 0.6564019448946515 0.008941733464097351
0.057295960428689174 0.6353322528363047 0.044284904794141156
0.023153725619886822 0.6391139924365208 0.024823557990628742
0.02317338302663252 0.6331712587790383 0.04285970216184096
0.045581509439934165 0.6364127498649379 0.03152892032887744
0.0348729429323279 0.6272285251215559 0.010161504348752182
0.06660714423753317 0.6439762290653701 0.050052502757831296
0.006854943958733317 0.6229065370070233 0.019565695720466014
0.014247048994984801 0.6364127498649379 0.010858611089133302
0.023291701073493043 0.6234467855213398 0.00413522349812101
0.08639038667310073 0.6493787142085359 0.06071976469949239
0.03569547095554626 0.6472177201512695 0.04256462276739817
0.05871507587576236 0.6423554835224203 0.04206696204468055
0.07331947495649566 0.6299297676931388 0.05376418343588743
0.0794223120558128 0.6504592112371691 0.06279585301541496
0.09893967444879903 0.6428957320367369 0.07472878535782776
0.03788853788853791 0.6293895191788222 0.04113348336093442
0.05574190542744001 0.6385737439222042 0.026197934068672116
0.0043386237936823835 0.6277687736358725 0.031796086831761466
0.030196463393603323 0.6353322528363047 0.04979601348667234
0.059617653753476385 0.6455969746083198 0.040689556524501375
0.06559579747637401 0.6412749864937871 0.058777265003466195
0.023564348798642443 0.6428957320367369 0.01018153740027486
0.0610546619453588 0.6423554835224203 0.02666316460001847
0.029215027257404047 0.6418152350081038 0.059864135492276205
0.09352956411779939 0.6547811993517018 0.0689215570382316
0.01737345254655487 0.6499189627228525 0.032851974585774074
0.0723616511527434 0.6326310102647218 0.05627970303793031
0.01826213012266592 0.6299297676931388 0.03943943347369128
0.04532927332782832 0.6645056726094003 0.06409001481584825
0.12694420880913543 0.6212857914640735 0.09964452935657862
0.06453151213326103 0.653160453808752 0.04274777164895163
0.04723841765406561 0.6509994597514857 0.00998442342511549
0.0016379622136818428 0.637493246893571 0.029724336703552595
0.011778587668326235 0.6331712587790383 0.018164029379705876
0.06784229169875244 0.6493787142085359 0.04498201770017432
0.08764341626260996 0.6326310102647218 0.06820170559118485
0.10945370561519407 0.637493246893571 0.060592847774513015
0.017171339854784917 0.6358725013506212 0.036042746351369365
0.07471625424450418 0.6342517558076716 0.05687578702038276
0.04457050243111832 0.6369529983792545 0.033333398209332954
0.05689947264162465 0.6326310102647218 0.02875299797581754
0.05943145087081275 0.6504592112371691 0.030484050602389734
0.0737873745446922 0.6526202052944354 0.05076179779032719
0.01504022431278007 0.6385737439222042 0.03947871179551243
0.05919815651517224 0.646677471636953 0.03639901372813384
0.08838898983641313 0.6418152350081038 0.054580272218238135
0.05368135160584897 0.6337115072933549 0.03067621813001814
0.06956566422157417 0.6504592112371691 0.040206954256232746
