0.1392612859097127 0.6833333333333333 0.1307692307692308
0.021689733526130905 0.74 0.10546449925282186
0.015109890109890167 0.7266666666666667 0.0448156730585976
0.12764550264550262 0.74 0.047473011228824344
0.14500683994528046 0.64 0.09671793245600126
0.15334096223692717 0.71 0.19450184972573037
0.09848839021349542 0.7 0.11396363455090328
0.12071183533447682 0.6866666666666666 0.12159231154154768
0.05147484094852517 0.7233333333333334 0.018461719254950354
0.009191176470588314 0.6566666666666666 0.037613407379180716
0.11449348892271272 0.7133333333333334 0.10851284958427816
0.11959586466165412 0.6866666666666666 0.11457516339869281
0.054894179894179884 0.7066666666666667 0.0738603988603989
0.07900888265544648 0.73 0.08431776934499255
0.21404682274247488 0.7466666666666667 0.16271820997430755
0.11793469688206526 0.7033333333333334 0.1290126388077148
0.13614922813036018 0.6666666666666666 0.11147130447181913
0.0963250768981706 0.6866666666666666 0.05548467315524637
0.15876034907138065 0.7033333333333334 0.09429953892196458
0.08418329270112945 0.7166666666666667 0.07175594675594671
0.051106401853038275 0.6833333333333333 0.05119848976089872
0.07683270676691722 0.7266666666666667 0.11529558039376543
0.219371098001031 0.7266666666666667 0.12933410928693945
0.07807386629266011 0.7 0.0462217718587145
0.05769230769230771 0.6666666666666666 0.10829156223893066
0.0593735390369331 0.7 0.05576001722821167
0.11904761904761907 0.7266666666666667 0.10165882808609528
0.04107830551989733 0.7433333333333333 0.15266629039675572
0.04322344322344329 0.7333333333333333 0.09212355778126222
0.11587301587301585 0.73 0.10075764956345018
0.11687704534829363 0.6866666666666666 0.06506611355976147
0.022412724643668613 0.6766666666666666 0.058598889033671664
0.11999999999999994 0.68 0.10936136130375143
0.025373382932652344 0.68 0.05182379048570954
0.1403163107726716 0.73 0.11191123833078304
0.12566137566137564 0.7 0.08669894239747183
0.11898627688101371 0.7166666666666667 0.05483262314472509
0.09007064364207218 0.7033333333333334 0.11219130018324175
0.18138936535162947 0.7166666666666667 0.10415241170237537
0.09197324414715724 0.6433333333333333 0.07959247990977235
0.030023547880690782 0.7066666666666667 0.07954059829059833
0.14302798373594827 0.6733333333333333 0.1849945235487404
0.05886970172684458 0.7133333333333334 0.03045696819464988
0.1378690629011553 0.7133333333333334 0.11483734837003945
0.13632519030797552 0.6633333333333333 0.14437894086504177
0.025844707988364357 0.6766666666666666 0.10668103448275859
0.06777433093222562 0.7 0.050134494964499274
0.14497878359264504 0.7066666666666667 0.2214211212516297
0.03198160535117056 0.7066666666666667 0.04480258338967766
0.022911763293145704 0.7 0.10734519104084322
