0.25475138355279753 0.7858774968673988 0.0999080727191574
0.2540084026940238 0.7946487801282524 0.10497588430026053
0.21499509712864154 0.7914793248323138 0.0683083975750767
0.26225478779688627 0.7858037886047026 0.12167670402649051
0.2664743409151108 0.7891206604260338 0.11252725631851104
0.26129335192701025 0.78801503648559 0.11121636949137584
0.2568423405402075 0.7945013636028598 0.11002884536543416
0.24171410378285127 0.7902262843664775 0.0735864482980749
0.24374745087867966 0.7937642809758974 0.09575432532723417
0.2509868055075279 0.7932483231370236 0.10235436896415151
0.23581502281818018 0.7916267413577062 0.08333662088999397
0.2481078215830053 0.788899535637945 0.09922913104019827
0.2484282332406567 0.7883835777990713 0.0989671509457091
0.2564179149543198 0.7958281123313924 0.11127679244361026
0.2643796602443056 0.7852878307658289 0.12548036331450532
0.2540289015772934 0.7866882877570576 0.10526114342655878
0.2695116670772024 0.7919952826711875 0.10043718455724601
0.2538156801851676 0.78860470258716 0.10206655115122688
0.22719270027557298 0.7852141225031326 0.08558599847573478
0.244454209995911 0.7876464951721088 0.10246676467417092
0.2638888256420816 0.7846981646642589 0.11456783476919402
0.27063631655641657 0.7978919436868873 0.12287295683756494
0.2547402007010674 0.7891206604260338 0.10177576683642979
0.24389211566095675 0.7898577430529963 0.09287234927707463
0.2564189198004838 0.7922164074592762 0.10741630267600621
0.2520089583621717 0.790668533942655 0.09995177399769412
0.26729887288295506 0.7891206604260338 0.11986145180979096
0.26358301020458763 0.7831502911476377 0.11364751734732667
0.23007616887736668 0.7914793248323138 0.0714597281215922
0.24228385909933853 0.7936168644505049 0.09656918265109166
0.2605295947595413 0.7847718729269552 0.1190404689179638
0.2600550135840351 0.7873516621213238 0.09790051195386686
0.2532180144048096 0.7910370752561362 0.09254332906073452
0.23724032153020616 0.7938379892385936 0.07480718461901473
0.2356542471291866 0.7967126114837473 0.07665218267105646
0.285791123912423 0.7909633669934399 0.14435402259473304
0.23452419085305018 0.7902262843664775 0.081738740767354
0.23504592801490667 0.7991449841527235 0.0730341120193519
0.2696826681553968 0.7858037886047026 0.11633087157297048
0.27184015319248883 0.7880887447482863 0.1252351875076532
0.26607178913340795 0.7907422422053512 0.11321119092721998
0.246224212654441 0.7925112405100612 0.09011598059431486
0.24693268334959365 0.7884572860617676 0.09486500050440684
0.26575983378829293 0.7939854057639861 0.121451039266523
0.256275802154874 0.7951647379671262 0.10043448812864886
0.27233562602080597 0.7839610820372964 0.12282634703310982
0.255913551805805 0.789489201739515 0.10084008906841449
0.26209527397988075 0.788309869536375 0.11156626182145155
0.2785617616856857 0.7879413282228938 0.12586137090814897
0.2602943241540521 0.7933220313997199 0.10416264247370943
