0.07509755995216416 0.6650459211237169 0.039621125707740346
0.022690437601296576 0.6564019448946515 0.008941733464097351
0.057295960428689174 0.6353322528363047 0.044284904794141156
0.03620107244938936 0.6315505132360886 0.021396117784701962
0.07401583973911019 0.640194489465154 0.05757122382705271
0.045581509439934165 0.6364127498649379 0.03152892032887744
0.0348729429323279 0.6272285251215559 0.010161504348752182
0.09196988319689559 0.6434359805510534 0.07501634314286545
0.03102750505883234 0.6261480280929227 0.022165651553860355
0.052401257619641206 0.6380334954078877 0.03221294909580119
0.12322718827415358 0.6272285251215559 0.10732076377410901
0.08639038667310073 0.6493787142085359 0.06071976469949239
0.03569547095554626 0.6472177201512695 0.04256462276739817
0.0994713838140302 0.6412749864937871 0.08385706590022918
0.10657170528901799 0.6315505132360886 0.08706751376892072
0.09525591706331094 0.6526202052944354 0.07819477308032918
0.09893967444879903 0.6428957320367369 0.07472878535782776
0.03788853788853791 0.6293895191788222 0.04113348336093442
0.09656029194813259 0.6423554835224203 0.06879199254445292
0.020343897088358598 0.6299297676931388 0.011439080541161384
0.030196463393603323 0.6353322528363047 0.04979601348667234
0.11181940196588858 0.6455969746083198 0.09458681325236748
0.06559579747637401 0.6412749864937871 0.058777265003466195
0.10334760306992175 0.6423554835224203 0.08098906742974538
0.1019602600180684 0.6477579686655862 0.06634164040003002
0.059381659335597636 0.6385737439222042 0.052520642067408696
0.09352956411779939 0.6547811993517018 0.0689215570382316
0.07997519231338401 0.6482982171799028 0.07139103115504522
0.1003181336161188 0.6283090221501891 0.08352248619207805
0.01826213012266592 0.6299297676931388 0.03943943347369128
0.08628586911643266 0.668827660723933 0.0773495344034798
0.12694420880913543 0.6212857914640735 0.09964452935657862
0.11140539755089107 0.6537007023230686 0.09103909838470647
0.04723841765406561 0.6509994597514857 0.00998442342511549
0.06817643676216895 0.6380334954078877 0.05402482758410959
0.03442398206263947 0.6326310102647218 0.01732965958196689
0.14521739592239913 0.6618044300378174 0.11630133277905713
0.08764341626260996 0.6326310102647218 0.06820170559118485
0.10945370561519407 0.637493246893571 0.060592847774513015
0.017171339854784917 0.6358725013506212 0.036042746351369365
0.07471625424450418 0.6342517558076716 0.05687578702038276
0.07941653160453804 0.6412749864937871 0.0526432098611094
0.05689947264162465 0.6326310102647218 0.02875299797581754
0.09640762178289164 0.6509994597514857 0.06751448042567079
0.0737873745446922 0.6526202052944354 0.05076179779032719
0.054538665129320485 0.6412749864937871 0.03871051549666449
0.05919815651517224 0.646677471636953 0.03639901372813384
0.08838898983641313 0.6418152350081038 0.054580272218238135
0.08349870427007211 0.6358725013506212 0.06015710118172135
0.06956566422157417 0.6504592112371691 0.040206954256232746
