0.1392612859097127 0.6833333333333333 0.1307692307692308
0.021689733526130905 0.74 0.10546449925282186
0.015109890109890167 0.7266666666666667 0.0448156730585976
0.12764550264550262 0.74 0.047473011228824344
0.14500683994528046 0.64 0.09671793245600126
0.15334096223692717 0.71 0.19450184972573037
0.09848839021349542 0.7 0.11396363455090328
0.12071183533447682 0.6866666666666666 0.12159231154154768
0.05147484094852517 0.7233333333333334 0.018461719254950354
0.09620098039215685 0.69 0.08908231993647547
0.09301538981904284 0.71 0.09245086923658354
0.11959586466165412 0.6866666666666666 0.11457516339869281
0.054894179894179884 0.7066666666666667 0.0738603988603989
0.07900888265544648 0.73 0.08431776934499255
0.21404682274247488 0.7466666666666667 0.16271820997430755
0.11793469688206526 0.7033333333333334 0.1290126388077148
0.057032590051458 0.7033333333333334 0.06443487889705082
0.0963250768981706 0.6866666666666666 0.05548467315524637
0.15876034907138065 0.7033333333333334 0.09429953892196458
0.08418329270112945 0.7166666666666667 0.07175594675594671
0.05568971465181616 0.7133333333333334 0.05241923454648073
0.09421992481203012 0.7433333333333333 0.111593775635767
0.219371098001031 0.7266666666666667 0.12933410928693945
0.07807386629266011 0.7 0.0462217718587145
0.05769230769230771 0.6666666666666666 0.10829156223893066
0.11313697989714822 0.6966666666666667 0.11902845985116245
0.11904761904761907 0.7266666666666667 0.10165882808609528
0.04107830551989733 0.7433333333333333 0.15266629039675572
0.04761904761904767 0.74 0.0959452770586098
0.11587301587301585 0.73 0.10075764956345018
0.11687704534829363 0.6866666666666666 0.06506611355976147
0.022412724643668613 0.6766666666666666 0.058598889033671664
0.0 0.6866666666666666 0.0623890919206162
0.025373382932652344 0.68 0.05182379048570954
0.1403163107726716 0.73 0.11191123833078304
0.12566137566137564 0.7 0.08669894239747183
0.12855565487144438 0.7233333333333334 0.061202049896317445
0.09007064364207218 0.7033333333333334 0.11219130018324175
0.18138936535162947 0.7166666666666667 0.10415241170237537
0.09197324414715724 0.6433333333333333 0.07959247990977235
0.030023547880690782 0.7066666666666667 0.07954059829059833
0.025591963645061 0.72 0.09602044541803575
0.05886970172684458 0.7133333333333334 0.03045696819464988
0.18562259306803597 0.7 0.15889122333969702
0.13632519030797552 0.6633333333333333 0.14437894086504177
0.025844707988364357 0.6766666666666666 0.10668103448275859
0.06777433093222562 0.7 0.050134494964499274
0.14497878359264504 0.7066666666666667 0.2214211212516297
0.011287625418060165 0.69 0.05348313894523324
0.022911763293145704 0.7 0.10734519104084322
