0.09370517169782946 0.8238372521559667 0.020711387237426146
0.10124471741502544 0.7915530330950099 0.032042261237570535
0.0842059729790623 0.7886784108498562 0.030230940595342926
0.11019301951384242 0.7858037886047026 0.04574688960769972
0.07648034055483566 0.7891206604260338 0.014767824230011606
0.09461210245505117 0.8099800987690721 0.026868636010868932
0.10004193231742764 0.7945013636028598 0.03348155563313207
0.07979434067447128 0.78742537038402 0.024765474620425304
0.09404021207518898 0.7908896587307437 0.033960791393706086
0.09994412320179025 0.7898577430529963 0.021879231171887545
0.08752745173770682 0.7901525761037812 0.030823375741883527
0.09009503785190337 0.788899535637945 0.025710370774250257
0.08710757293526616 0.7850667059777401 0.036602072178139544
0.09133831192462621 0.7958281123313924 0.021060010537304982
0.09600973858628975 0.7813075845802314 0.03933247868559554
0.11295482884707658 0.7837399572492076 0.028668867529059755
0.10532049743991378 0.7919952826711875 0.02598674015018093
0.09870997680577087 0.7850667059777401 0.03759664155661285
0.09132915188003998 0.7830765828849414 0.03017544732526012
0.07657863813638438 0.7863197464435763 0.039408348404015775
0.07990402609111052 0.7846981646642589 0.01568062554548827
0.04666435830163623 0.7751160905137466 0.033303207180898214
0.08970642583735544 0.7891206604260338 0.02512937284058997
0.09059048157629257 0.7895629100022112 0.017211007735737943
0.07535880886195256 0.7886784108498562 0.016904114758783784
0.10458086212898593 0.790668533942655 0.031580205186232585
0.09242140664177023 0.7891206604260338 0.02439675145020477
0.09306575979633697 0.7831502911476377 0.023889009195604397
0.09088089454372264 0.814402594530847 0.014189951021256683
0.09069181785303909 0.7918478661457949 0.019819181463075236
0.10122099805689383 0.8240583769440555 0.022335063156456114
0.09929838511888661 0.7873516621213238 0.025798965299499182
0.09194034216301511 0.7889732439006413 0.018421406000349846
0.09786238990452228 0.79037370089187 0.019148789019735393
0.09951337604538563 0.7938379892385936 0.02066711332643753
0.08256768842633189 0.7909633669934399 0.02932332677719142
0.09702242588386667 0.78742537038402 0.027378407559933593
0.1037910078714771 0.8347460750350114 0.03788869546614267
0.09044759779545009 0.7858037886047026 0.027125216259795942
0.1100992018550615 0.7880887447482863 0.03986766003156891
0.09679996046200684 0.7907422422053512 0.022827631467150528
0.09917166563227364 0.7892680769514262 0.0384215906022954
0.09294847759151553 0.7875727869094126 0.03249435206425985
0.09632328800803253 0.7939854057639861 0.03273572175955569
0.09875207865235641 0.7924375322473649 0.02104026864254327
0.09008857353224758 0.7839610820372964 0.026565638722220813
0.09245319841515326 0.7861723299181839 0.037661824169346284
0.09742009098386983 0.788309869536375 0.026287096902052887
0.10318178742507289 0.7879413282228938 0.0399388716260838
0.08093608282707282 0.7927323652981499 0.03268625833690081
