0.13067686447368915 0.6504592112371691 0.10074126225265917
0.11645890651359225 0.653160453808752 0.10624103572127733
0.16312441166031383 0.6353322528363047 0.12575933122494107
0.05542356097164436 0.6364127498649379 0.027722199196267644
0.08820759652610644 0.6320907617504052 0.05779431079654723
0.04790590935169253 0.6342517558076716 0.042095627697567695
0.1451652312015148 0.6277687736358725 0.1345286736568068
0.07762393162393155 0.6472177201512695 0.04967766445652025
0.0894651040700406 0.6266882766072394 0.07328636223133847
0.046904362351230744 0.6418152350081038 0.043881025316182626
0.01577005541689891 0.6223662884927067 0.023388669516892807
0.08475577580471239 0.6477579686655862 0.06563224260610956
0.1056773815218901 0.6482982171799028 0.07493532641125145
0.17898476301428656 0.6445164775796867 0.14565517525943344
0.15989352155036507 0.6385737439222042 0.14176580670012373
0.1527189200702131 0.6488384656942193 0.12166220362888613
0.07060327119995091 0.6488384656942193 0.08726365231421415
0.11956923372525252 0.6320907617504052 0.10165495496786733
0.05911753915513418 0.6380334954078877 0.0295658144523257
0.07853398114185856 0.6299297676931388 0.08268021920199592
0.04166510089812481 0.6358725013506212 0.05794622799593746
0.05491759142201624 0.6353322528363047 0.035184795778215344
0.10154905335628223 0.6439762290653701 0.06515471161434522
0.13133852474094054 0.6428957320367369 0.08185033339214337
0.121651376146789 0.6607239330091842 0.10228847495741353
0.13438628463433566 0.6499189627228525 0.12284287133839747
0.1624806317788774 0.6591031874662344 0.11207692032036692
0.010902020274988544 0.6461372231226364 0.04494131746028787
0.11727724564695041 0.6304700162074555 0.09609181012647713
0.0047549420533634645 0.624527282549973 0.03595847367971261
0.12010826210826214 0.6672069151809833 0.07275494045888056
0.05825424329539641 0.6331712587790383 0.03843442639992578
0.09773268229526444 0.6547811993517018 0.0733238677205493
0.0831257056098415 0.6493787142085359 0.0508119785595004
0.05852091240464474 0.6315505132360886 0.08738572172252104
0.10398730388642963 0.6223662884927067 0.0832305687731957
0.14318900250863398 0.6612641815235009 0.11166614050892773
0.09808234717027403 0.6272285251215559 0.08416911100280203
0.0766451294590545 0.6423554835224203 0.032759239078387015
0.06378543795831171 0.6418152350081038 0.05374374130601203
0.06459753505272309 0.6407347379794706 0.03239338818316642
0.08814778033840742 0.6509994597514857 0.043850554606216424
0.0428944216629521 0.6283090221501891 0.04264560819910174
0.14615157944365859 0.6455969746083198 0.12215794447071965
0.10390231826008556 0.6515397082658023 0.06625270273871176
0.07734741784037552 0.6434359805510534 0.05470792890403717
0.12792020673371873 0.6418152350081038 0.0815216111389912
0.11431160667171414 0.6434359805510534 0.08868802766680228
0.17097438778854712 0.6256077795786061 0.1363895317863567
0.11235642250041483 0.640194489465154 0.07707957105632601
